   0.0000000000   0.0000000000   0.0000000000   0.0000000000
   0.0144338626   0.0000000000   0.0000000000   0.0000000000
   0.0288677252   0.0000000000   0.0000000000   0.0000000000
   0.0433015877   0.0000000000   0.0000000000   0.0000000000
   0.0577354503   0.0000000000   0.0000000000   0.0000000000
   0.0721693129   0.0000000000   0.0000000000   0.0000000000
   0.0866031755   0.0000000000   0.0000000000   0.0000000000
   0.1010370380   0.0000000000   0.0000000000   0.0000000000
   0.1154709006   0.0000000000   0.0000000000   0.0000000000
   0.1299047632  -0.0000000000   0.0000000000   0.0000000000
   0.1443386258  -0.0000000000   0.0000000000   0.0000000000
   0.1587724884  -0.0000000000   0.0000000000   0.0000000000
   0.1732063509  -0.0000000000   0.0000000000   0.0000000000
   0.1876402135  -0.0000000000  -0.0000000000  -0.0000000000
   0.2020740761   0.0000000000  -0.0000000000  -0.0000000000
   0.2165079387   0.0000000000  -0.0000000000  -0.0000000000
   0.2309418013   0.0000000000   0.0000000000   0.0000000000
   0.2453756638  -0.0000000000   0.0000000000   0.0000000000
   0.2598095264  -0.0000000000   0.0000000000   0.0000000000
   0.2742433890  -0.0000000000   0.0000000000   0.0000000000
   0.2886772516  -0.0000000000   0.0000000000   0.0000000000
   0.3031111141  -0.0000000000  -0.0000000000  -0.0000000000
   0.3175449767  -0.0000000000  -0.0000000000  -0.0000000000
   0.3319788393  -0.0000000000  -0.0000000000  -0.0000000000
   0.3464127019   0.0000000000  -0.0000000000  -0.0000000000
   0.3608465645   0.0000000000  -0.0000000000  -0.0000000000
   0.3752804270   0.0000000000  -0.0000000000  -0.0000000000
   0.3897142896   0.0000000000  -0.0000000000  -0.0000000000
   0.4041481522   0.0000000000  -0.0000000000  -0.0000000000
   0.4185820148   0.0000000000  -0.0000000000   0.0000000000
   0.4330158774   0.0000000000   0.0000000000   0.0000000000
   0.4474497399   0.0000000000   0.0000000000   0.0000000000
   0.4618836025   0.0000000000   0.0000000000   0.0000000000
   0.4763174651   0.0000000000   0.0000000000   0.0000000000
   0.4907513277   0.0000000000   0.0000000000   0.0000000000
   0.5051851902   0.0000000000   0.0000000000   0.0000000000
   0.5196190528   0.0000000000   0.0000000000   0.0000000000
   0.5340529154   0.0000000000   0.0000000000   0.0000000000
   0.5484867780  -0.0000000000  -0.0000000000  -0.0000000000
   0.5629206406  -0.0000000000  -0.0000000000  -0.0000000000
   0.5773545031  -0.0000000000  -0.0000000000  -0.0000000000
   0.5917883657  -0.0000000000  -0.0000000000  -0.0000000000
   0.6062222283  -0.0000000000  -0.0000000000  -0.0000000000
   0.6206560909  -0.0000000000  -0.0000000000  -0.0000000000
   0.6350899535  -0.0000000000  -0.0000000000  -0.0000000000
   0.6495238160  -0.0000000000  -0.0000000000  -0.0000000000
   0.6639576786  -0.0000000000  -0.0000000000  -0.0000000000
   0.6783915412  -0.0000000000  -0.0000000000  -0.0000000000
   0.6928254038  -0.0000000000  -0.0000000000  -0.0000000000
   0.7072592663   0.0000000000  -0.0000000000   0.0000000000
   0.7216931289   0.0000000000  -0.0000000000   0.0000000000
   0.7361269915   0.0000000000  -0.0000000000   0.0000000000
   0.7505608541   0.0000000000  -0.0000000000   0.0000000000
   0.7649947167   0.0000000000  -0.0000000000   0.0000000000
   0.7794285792   0.0000000000   0.0000000000   0.0000000000
   0.7938624418   0.0000000000   0.0000000000   0.0000000000
   0.8082963044   0.0000000000   0.0000000000   0.0000000000
   0.8227301670   0.0000000000   0.0000000000   0.0000000000
   0.8371640296   0.0000000000   0.0000000000   0.0000000000
   0.8515978921   0.0000000000   0.0000000000   0.0000000000
   0.8660317547   0.0000000000  -0.0000000000  -0.0000000000
   0.8804656173  -0.0000000000  -0.0000000000  -0.0000000000
   0.8948994799  -0.0000000000  -0.0000000000  -0.0000000000
   0.9093333424  -0.0000000000  -0.0000000000  -0.0000000000
   0.9237672050  -0.0000000000  -0.0000000000  -0.0000000000
   0.9382010676  -0.0000000000  -0.0000000000  -0.0000000000
   0.9526349302  -0.0000000000  -0.0000000000  -0.0000000000
   0.9670687928   0.0000000000   0.0000000000   0.0000000000
   0.9815026553   0.0000000000   0.0000000000   0.0000000000
   0.9959365179   0.0000000000   0.0000000000   0.0000000000
   1.0103703805   0.0000000000   0.0000000000   0.0000000000
   1.0248042431   0.0000000000   0.0000000000   0.0000000000
   1.0392381056   0.0000000000   0.0000000000   0.0000000000
   1.0536719682  -0.0000000000  -0.0000000000  -0.0000000000
   1.0681058308  -0.0000000000  -0.0000000000  -0.0000000000
   1.0825396934  -0.0000000000  -0.0000000000  -0.0000000000
   1.0969735560  -0.0000000000  -0.0000000000  -0.0000000000
   1.1114074185  -0.0000000000  -0.0000000000  -0.0000000000
   1.1258412811  -0.0000000000   0.0000000000   0.0000000000
   1.1402751437   0.0000000000   0.0000000000   0.0000000000
   1.1547090063   0.0000000000   0.0000000000   0.0000000000
   1.1691428689   0.0000000000   0.0000000000   0.0000000000
   1.1835767314   0.0000000000   0.0000000000   0.0000000000
   1.1980105940   0.0000000000   0.0000000000   0.0000000000
   1.2124444566  -0.0000000000  -0.0000000000  -0.0000000000
   1.2268783192  -0.0000000000  -0.0000000000  -0.0000000000
   1.2413121817  -0.0000000000  -0.0000000000  -0.0000000000
   1.2557460443  -0.0000000000  -0.0000000000  -0.0000000000
   1.2701799069   0.0000000000  -0.0000000000  -0.0000000000
   1.2846137695   0.0000000000  -0.0000000000   0.0000000000
   1.2990476321   0.0000000000   0.0000000000   0.0000000000
   1.3134814946   0.0000000000   0.0000000000   0.0000000000
   1.3279153572   0.0000000000   0.0000000000   0.0000000000
   1.3423492198  -0.0000000000   0.0000000000   0.0000000000
   1.3567830824  -0.0000000000   0.0000000000  -0.0000000000
   1.3712169450  -0.0000000000  -0.0000000000  -0.0000000000
   1.3856508075  -0.0000000000  -0.0000000000  -0.0000000000
   1.4000846701   0.0000000000  -0.0000000000  -0.0000000000
   1.4145185327   0.0000000000  -0.0000000000  -0.0000000000
   1.4289523953   0.0000000000  -0.0000000000   0.0000000000
   1.4433862578   0.0000000000   0.0000000000   0.0000000000
   1.4578201204   0.0000000000   0.0000000000   0.0000000000
   1.4722539830  -0.0000000000   0.0000000000   0.0000000000
   1.4866878456  -0.0000000000   0.0000000000   0.0000000000
   1.5011217082  -0.0000000000   0.0000000000  -0.0000000000
   1.5155555707  -0.0000000000  -0.0000000000  -0.0000000000
   1.5299894333   0.0000000000  -0.0000000000  -0.0000000000
   1.5444232959   0.0000000000  -0.0000000000  -0.0000000000
   1.5588571585   0.0000000000  -0.0000000000  -0.0000000000
   1.5732910211   0.0000000000  -0.0000000000   0.0000000000
   1.5877248836  -0.0000000000   0.0000000000   0.0000000000
   1.6021587462  -0.0000000000   0.0000000000   0.0000000000
   1.6165926088  -0.0000000000   0.0000000000   0.0000000000
   1.6310264714  -0.0000000000   0.0000000000  -0.0000000000
   1.6454603339   0.0000000000   0.0000000000  -0.0000000000
   1.6598941965   0.0000000000   0.0000000000  -0.0000000000
   1.6743280591   0.0000000000  -0.0000000000  -0.0000000000
   1.6887619217   0.0000000000  -0.0000000000   0.0000000000
   1.7031957843   0.0000000000  -0.0000000000   0.0000000000
   1.7176296468  -0.0000000000  -0.0000000000   0.0000000000
   1.7320635094  -0.0000000000  -0.0000000000   0.0000000001
   1.7464973720  -0.0000000001   0.0000000000   0.0000000000
   1.7609312346  -0.0000000001   0.0000000000  -0.0000000000
   1.7753650971  -0.0000000001   0.0000000000  -0.0000000001
   1.7897989597  -0.0000000000   0.0000000001  -0.0000000002
   1.8042328223   0.0000000001   0.0000000001  -0.0000000003
   1.8186666849   0.0000000002   0.0000000001  -0.0000000002
   1.8331005475   0.0000000002   0.0000000000  -0.0000000001
   1.8475344100   0.0000000002  -0.0000000001   0.0000000002
   1.8619682726   0.0000000002  -0.0000000002   0.0000000006
   1.8764021352   0.0000000001  -0.0000000003   0.0000000010
   1.8908359978   0.0000000000  -0.0000000004   0.0000000011
   1.9052698604  -0.0000000000  -0.0000000003   0.0000000010
   1.9197037229  -0.0000000001  -0.0000000001   0.0000000003
   1.9341375855  -0.0000000003   0.0000000003  -0.0000000009
   1.9485714481  -0.0000000010   0.0000000009  -0.0000000025
   1.9630053107  -0.0000000020   0.0000000015  -0.0000000040
   1.9774391732  -0.0000000029   0.0000000019  -0.0000000047
   1.9918730358  -0.0000000025   0.0000000016  -0.0000000032
   2.0063068984   0.0000000012  -0.0000000001   0.0000000017
   2.0207407610   0.0000000092  -0.0000000036   0.0000000105
   2.0351746236   0.0000000204  -0.0000000086   0.0000000211
   2.0496084861   0.0000000284  -0.0000000127   0.0000000274
   2.0640423487   0.0000000212  -0.0000000114   0.0000000185
   2.0784762113  -0.0000000163   0.0000000013  -0.0000000177
   2.0929100739  -0.0000000925   0.0000000301  -0.0000000866
   2.1073439365  -0.0000001934   0.0000000719  -0.0000001730
   2.1217777990  -0.0000002653   0.0000001089  -0.0000002281
   2.1362116616  -0.0000002087   0.0000001041  -0.0000001657
   2.1506455242   0.0000000990   0.0000000063   0.0000001165
   2.1650793868   0.0000007361  -0.0000002271   0.0000006772
   2.1795132493   0.0000016255  -0.0000005878   0.0000014376
   2.1939471119   0.0000024091  -0.0000009627   0.0000020786
   2.2083809745   0.0000023829  -0.0000010932   0.0000019933
   2.2228148371   0.0000005953  -0.0000005890   0.0000003803
   2.2372486997  -0.0000037876   0.0000009558  -0.0000034411
   2.2516825622  -0.0000108219   0.0000037182  -0.0000094762
   2.2661164248  -0.0000189476   0.0000072980  -0.0000163688
   2.2805502874  -0.0000242997   0.0000103714  -0.0000208570
   2.2949841500  -0.0000206857   0.0000105470  -0.0000177965
   2.3094180126  -0.0000008153   0.0000046756  -0.0000012092
   2.3238518751   0.0000408151  -0.0000101653   0.0000333470
   2.3382857377   0.0001034715  -0.0000349514   0.0000852096
   2.3527196003   0.0001750249  -0.0000664927   0.0001445836
   2.3671534629   0.0002277781  -0.0000953196   0.0001894337
   2.3815873254   0.0002175287  -0.0001045915   0.0001850689
   2.3960211880   0.0000880265  -0.0000710434   0.0000880330
   2.4104550506  -0.0002180519   0.0000312877  -0.0001449797
   2.4248889132  -0.0007424324   0.0002245170  -0.0005440369
   2.4393227758  -0.0014921437   0.0005185262  -0.0011114519
   2.4537566383  -0.0024234082   0.0009027861  -0.0018101354
   2.4681905009  -0.0034348457   0.0013411400  -0.0025596008
   2.4826243635  -0.0043751863   0.0017722499  -0.0032433056
   2.4970582261  -0.0050673498   0.0021173630  -0.0037282427
   2.5114920887  -0.0053458102   0.0022951267  -0.0038938733
   2.5259259512  -0.0050990599   0.0022408143  -0.0036637539
   2.5403598138  -0.0043055507   0.0019252851  -0.0030309662
   2.5547936764  -0.0030513373   0.0013680870  -0.0020688191
   2.5692275390  -0.0015214694   0.0006398855  -0.0009216090
   2.5836614015   0.0000357039  -0.0001480943   0.0002242136
   2.5980952641   0.0013637699  -0.0008662807   0.0011819748
   2.6125291267   0.0022586228  -0.0013955864   0.0018086569
   2.6269629893   0.0026168173  -0.0016553252   0.0020382134
   2.6413968519   0.0024574640  -0.0016223660   0.0018944607
   2.6558307144   0.0019108764  -0.0013358390   0.0014797022
   2.6702645770   0.0011773912  -0.0008857967   0.0009426933
   2.6846984396   0.0004691206  -0.0003889753   0.0004359189
   2.6991323022  -0.0000474081   0.0000413484   0.0000752295
   2.7135661647  -0.0002905762   0.0003227610  -0.0000863743
   2.7280000273  -0.0002742975   0.0004208226  -0.0000640971
   2.7424338899  -0.0000891048   0.0003517643   0.0000738383
   2.7568677525   0.0001375368   0.0001712361   0.0002351260
   2.7713016151   0.0002868929  -0.0000462767   0.0003355255
   2.7857354776   0.0002852580  -0.0002303608   0.0003237828
   2.8001693402   0.0001203223  -0.0003329470   0.0001924464
   2.8146032028  -0.0001649980  -0.0003372578  -0.0000268187
   2.8290370654  -0.0004958448  -0.0002562540  -0.0002795190
   2.8434709280  -0.0007952078  -0.0001228602  -0.0005090230
   2.8579047905  -0.0010088477   0.0000235204  -0.0006740773
   2.8723386531  -0.0011174268   0.0001492861  -0.0007578570
   2.8867725157  -0.0011338116   0.0002341077  -0.0007670735
   2.9012063783  -0.0010893438   0.0002723191  -0.0007234094
   2.9156402408  -0.0010164501   0.0002693154  -0.0006519125
   2.9300741034  -0.0009351850   0.0002355928  -0.0005712628
   2.9445079660  -0.0008485127   0.0001813325  -0.0004892349
   2.9589418286  -0.0007467892   0.0001135347  -0.0004040500
   2.9733756912  -0.0006179455   0.0000361687  -0.0003098235
   2.9878095537  -0.0004578628  -0.0000476471  -0.0002029130
   3.0022434163  -0.0002759881  -0.0001332063  -0.0000860984
   3.0166772789  -0.0000938841  -0.0002131340   0.0000310594
   3.0311111415   0.0000621988  -0.0002783850   0.0001353910
   3.0455450041   0.0001710192  -0.0003208735   0.0002149588
   3.0599788666   0.0002238470  -0.0003364261   0.0002631705
   3.0744127292   0.0002266091  -0.0003265779   0.0002804095
   3.0888465918   0.0001961395  -0.0002982949   0.0002728094
   3.1032804544   0.0001526648  -0.0002616922   0.0002491811
   3.1177143169   0.0001121389  -0.0002267406   0.0002178008
   3.1321481795   0.0000817432  -0.0002003627   0.0001845141
   3.1465820421   0.0000600617  -0.0001850557   0.0001526392
   3.1610159047   0.0000410913  -0.0001793958   0.0001240864
   3.1754497673   0.0000195394  -0.0001799045   0.0001005431
   3.1898836298  -0.0000054400  -0.0001832067   0.0000837922
   3.2043174924  -0.0000297767  -0.0001874447   0.0000750081
   3.2187513550  -0.0000471020  -0.0001924360   0.0000736940
   3.2331852176  -0.0000526755  -0.0001987848   0.0000772243
   3.2476190802  -0.0000463240  -0.0002066654   0.0000815756
   3.2620529427  -0.0000328321  -0.0002150638   0.0000830101
   3.2764868053  -0.0000197178  -0.0002218999   0.0000797767
   3.2909206679  -0.0000137179  -0.0002249023   0.0000727876
   3.3053545305  -0.0000178708  -0.0002226955   0.0000648128
   3.3197883930  -0.0000306022  -0.0002154860   0.0000586469
   3.3342222556  -0.0000470541  -0.0002050081   0.0000553638
   3.3486561182  -0.0000617407  -0.0001938101   0.0000537400
   3.3630899808  -0.0000710752  -0.0001842856   0.0000511957
   3.3775238434  -0.0000745912  -0.0001779145   0.0000456364
   3.3919577059  -0.0000745136  -0.0001749982   0.0000369842
   3.4063915685  -0.0000742000  -0.0001748770   0.0000273732
   3.4208254311  -0.0000764092  -0.0001764115   0.0000198429
   3.4352592937  -0.0000822217  -0.0001784592   0.0000163512
   3.4496931563  -0.0000909300  -0.0001801837   0.0000164079
   3.4641270188  -0.0001006854  -0.0001811756   0.0000172670
   3.4785608814  -0.0001094193  -0.0001814438   0.0000156256
   3.4929947440  -0.0001156113  -0.0001813318   0.0000097829
   3.5074286066  -0.0001187002  -0.0001813663   0.0000008664
   3.5218624691  -0.0001191438  -0.0001820369  -0.0000077227
   3.5362963317  -0.0001182037  -0.0001835488  -0.0000123732
   3.5507301943  -0.0001175195  -0.0001856657  -0.0000115822
   3.5651640569  -0.0001185338  -0.0001877623  -0.0000070569
   3.5795979195  -0.0001219100  -0.0001891218  -0.0000028495
   3.5940317820  -0.0001271874  -0.0001893555  -0.0000029929
   3.6084656446  -0.0001329150  -0.0001887075  -0.0000090633
   3.6228995072  -0.0001373222  -0.0001880258  -0.0000191846
   3.6373333698  -0.0001392679  -0.0001883571  -0.0000291188
   3.6517672323  -0.0001389716  -0.0001903607  -0.0000348066
   3.6662010949  -0.0001380460  -0.0001938858  -0.0000348079
   3.6806349575  -0.0001387013  -0.0001980010  -0.0000311370
   3.6950688201  -0.0001424835  -0.0002015123  -0.0000279696
   3.7095026827  -0.0001492601  -0.0002036987  -0.0000290111
   3.7239365452  -0.0001571093  -0.0002048242  -0.0000351550
   3.7383704078  -0.0001632834  -0.0002060822  -0.0000438838
   3.7528042704  -0.0001657731  -0.0002089527  -0.0000507964
   3.7672381330  -0.0001645756  -0.0002143180  -0.0000523267
   3.7816719956  -0.0001618746  -0.0002218628  -0.0000479804
   3.7961058581  -0.0001609374  -0.0002301461  -0.0000407082
   3.8105397207  -0.0001643095  -0.0002373441  -0.0000351748
   3.8249735833  -0.0001723441  -0.0002422540  -0.0000349734
   3.8394074459  -0.0001829641  -0.0002449675  -0.0000404770
   3.8538413084  -0.0001928487  -0.0002468001  -0.0000486248
   3.8682751710  -0.0001993858  -0.0002495006  -0.0000547636
   3.8827090336  -0.0002022427  -0.0002542005  -0.0000554284
   3.8971428962  -0.0002035962  -0.0002607345  -0.0000504003
   3.9115767588  -0.0002068396  -0.0002677513  -0.0000428516
   3.9260106213  -0.0002144827  -0.0002735612  -0.0000375591
   3.9404444839  -0.0002264565  -0.0002772201  -0.0000383257
   3.9548783465  -0.0002398053  -0.0002791967  -0.0000461920
   3.9693122091  -0.0002499401  -0.0002812103  -0.0000594913
   3.9837460717  -0.0002527101  -0.0002853218  -0.0000756604
   3.9981799342  -0.0002460859  -0.0002928049  -0.0000936522
   4.0126137968  -0.0002305027  -0.0003034591  -0.0001154553
   4.0270476594  -0.0002077403  -0.0003157593  -0.0001457849
   4.0414815220  -0.0001791062  -0.0003277378  -0.0001901036
   4.0559153845  -0.0001441032  -0.0003380569  -0.0002520978
   4.0703492471  -0.0001004645  -0.0003466222  -0.0003319973
   4.0847831097  -0.0000455994  -0.0003543685  -0.0004265714
   4.0992169723   0.0000213615  -0.0003623521  -0.0005306265
   4.1136508349   0.0000981092  -0.0003706980  -0.0006389869
   4.1280846974   0.0001791408  -0.0003780415  -0.0007477607
   4.1425185600   0.0002572216  -0.0003818044  -0.0008542319
   4.1569524226   0.0003255344  -0.0003791597  -0.0009556255
   4.1713862852   0.0003793931  -0.0003681339  -0.0010477010
   4.1858201478   0.0004167146  -0.0003482326  -0.0011242233
   4.2002540103   0.0004372117  -0.0003202600  -0.0011778187
   4.2146878729   0.0004410065  -0.0002854806  -0.0012018960
   4.2291217355   0.0004276498  -0.0002446441  -0.0011926905
   4.2435555981   0.0003962116  -0.0001974561  -0.0011504291
   4.2579894606   0.0003464023  -0.0001427999  -0.0010791140
   4.2724233232   0.0002800266  -0.0000795675  -0.0009851571
   4.2868571858   0.0002018426  -0.0000076104  -0.0008756476
   4.3012910484   0.0001192160   0.0000717416  -0.0007570939
   4.3157249110   0.0000406247   0.0001558792  -0.0006350746
   4.3301587735  -0.0000263188   0.0002417060  -0.0005146280
   4.3445926361  -0.0000764303   0.0003265668  -0.0004007832
   4.3590264987  -0.0001074721   0.0004087990  -0.0002986119
   4.3734603613  -0.0001195780   0.0004876294  -0.0002125543
   4.3878942239  -0.0001140907   0.0005625239  -0.0001452819
   4.4023280864  -0.0000925448   0.0006324077  -0.0000967076
   4.4167619490  -0.0000563296   0.0006952308  -0.0000637350
   4.4311958116  -0.0000070881   0.0007481472  -0.0000409778
   4.4456296742   0.0000525608   0.0007882206  -0.0000221976
   4.4600635367   0.0001185813   0.0008132807  -0.0000018693
   4.4744973993   0.0001857927   0.0008224816   0.0000237341
   4.4889312619   0.0002488599   0.0008162934   0.0000562548
   4.5033651245   0.0003035831   0.0007959745   0.0000956631
   4.5177989871   0.0003478756   0.0007628472   0.0001409555
   4.5322328496   0.0003819626   0.0007177860   0.0001906819
   4.5466667122   0.0004077256   0.0006611844   0.0002430549
   4.5611005748   0.0004275338   0.0005933891   0.0002957318
   4.5755344374   0.0004431379   0.0005153207   0.0003456010
   4.5899682999   0.0004551212   0.0004289056   0.0003889235
   4.6044021625   0.0004630789   0.0003370499   0.0004219632
   4.6188360251   0.0004663051   0.0002431412   0.0004419223
   4.6332698877   0.0004645239   0.0001503241   0.0004477742
   4.6477037503   0.0004582257   0.0000609100   0.0004405844
   4.6621376128   0.0004484398  -0.0000237977   0.0004231421
   4.6765714754   0.0004361194  -0.0001032149   0.0003990596
   4.6910053380   0.0004215427  -0.0001769259   0.0003717474
   4.7054392006   0.0004041184  -0.0002442001   0.0003437023
   4.7198730632   0.0003827395  -0.0003038519   0.0003163449
   4.7343069257   0.0003565065  -0.0003545121   0.0002903381
   4.7487407883   0.0003254250  -0.0003951447   0.0002660768
   4.7631746509   0.0002906927  -0.0004255103   0.0002439993
   4.7776085135   0.0002544150  -0.0004463140   0.0002245386
   4.7920423760   0.0002188975  -0.0004589552   0.0002077941
   4.8064762386   0.0001858804  -0.0004650113   0.0001932003
   4.8209101012   0.0001560902  -0.0004657280   0.0001794836
   4.8353439638   0.0001292981  -0.0004617692   0.0001650269
   4.8497778264   0.0001047976  -0.0004533303   0.0001485092
   4.8642116889   0.0000820055  -0.0004405166   0.0001295075
   4.8786455515   0.0000608554  -0.0004237535   0.0001087413
   4.8930794141   0.0000417957  -0.0004039874   0.0000878200
   4.9075132767   0.0000254379  -0.0003825631   0.0000686073
   4.9219471393   0.0000120884  -0.0003608451   0.0000525140
   4.9363810018   0.0000014461  -0.0003397888   0.0000400541
   4.9508148644  -0.0000073612  -0.0003196884   0.0000308500
   4.9652487270  -0.0000154218  -0.0003002306   0.0000240289
   4.9796825896  -0.0000235635  -0.0002808158   0.0000187573
   4.9941164521  -0.0000320065  -0.0002609749   0.0000146114
   5.0085503147  -0.0000403244  -0.0002406659   0.0000116005
   5.0229841773  -0.0000477224  -0.0002203119   0.0000098725
   5.0374180399  -0.0000534767  -0.0002005810   0.0000093154
   5.0518519025  -0.0000573064  -0.0001820430   0.0000093235
   5.0662857650  -0.0000594913  -0.0001648934   0.0000088949
   5.0807196276  -0.0000606924  -0.0001488890   0.0000070342
   5.0951534902  -0.0000615877  -0.0001335203   0.0000032500
   5.1095873528  -0.0000625273  -0.0001183171  -0.0000021279
   5.1240212154  -0.0000633927  -0.0001031195  -0.0000080010
   5.1384550779  -0.0000637293  -0.0000881669  -0.0000129228
   5.1528889405  -0.0000630664  -0.0000739648  -0.0000156917
   5.1673228031  -0.0000612447  -0.0000610081  -0.0000158274
   5.1817566657  -0.0000585661  -0.0000495154  -0.0000137020
   5.1961905282  -0.0000556845  -0.0000393192  -0.0000102781
   5.2106243908  -0.0000532996  -0.0000299658  -0.0000066075
   5.2250582534  -0.0000518193  -0.0000209651  -0.0000033605
   5.2394921160  -0.0000511698  -0.0000120495  -0.0000006278
   5.2539259786  -0.0000508507  -0.0000033024   0.0000019272
   5.2683598411  -0.0000501946   0.0000049088   0.0000046816
   5.2827937037  -0.0000486944   0.0000121515   0.0000076732
   5.2972275663  -0.0000462274   0.0000181784   0.0000104614
   5.3116614289  -0.0000430763   0.0000230758   0.0000123134
   5.3260952914  -0.0000397562   0.0000272362   0.0000126170
   5.3405291540  -0.0000367524   0.0000311744   0.0000112868
   5.3549630166  -0.0000343117   0.0000352884   0.0000089281
   5.3693968792  -0.0000323828   0.0000396850   0.0000066522
   5.3838307418  -0.0000307168   0.0000441564   0.0000056211
   5.3982646043  -0.0000290526   0.0000483089   0.0000065449
   5.4126984669  -0.0000272750   0.0000517726   0.0000093798
   5.4271323295  -0.0000254602   0.0000543814   0.0000133738
   5.4415661921  -0.0000237906   0.0000562394   0.0000174295
   5.4560000547  -0.0000223985   0.0000576478   0.0000205954
   5.4704339172  -0.0000212349   0.0000589442   0.0000224432
   5.4848677798  -0.0000200454   0.0000603429   0.0000231567
   5.4993016424  -0.0000184764   0.0000618595   0.0000233126
   5.5137355050  -0.0000162597   0.0000633507   0.0000234956
   5.5281693675  -0.0000133819   0.0000646369   0.0000239654
   5.5426032301  -0.0000101420   0.0000656320   0.0000245539
   5.5570370927  -0.0000070602   0.0000664056   0.0000248393
   5.5714709553  -0.0000046722   0.0000671441   0.0000244852
   5.5859048179  -0.0000033014   0.0000680346   0.0000235437
   5.6003386804  -0.0000029165   0.0000691393   0.0000225402
   5.6147725430  -0.0000031391   0.0000703317   0.0000222745
   5.6292064056  -0.0000033976   0.0000713336   0.0000234319
   5.6436402682  -0.0000031522   0.0000718374   0.0000262026
   5.6580741308  -0.0000020917   0.0000716527   0.0000301128
   5.6725079933  -0.0000002211   0.0000708049   0.0000341657
   5.6869418559   0.0000021833   0.0000695366   0.0000372370
   5.7013757185   0.0000047131   0.0000682127   0.0000385377
   5.7158095811   0.0000069857   0.0000671750   0.0000379282
   5.7302434436   0.0000087537   0.0000666159   0.0000359394
   5.7446773062   0.0000099318   0.0000665256   0.0000335059
   5.7591111688   0.0000105588   0.0000667286   0.0000315510
   5.7735450314   0.0000107349   0.0000669821   0.0000306278
   5.7879788940   0.0000105803   0.0000670820   0.0000307766
   5.8024127565   0.0000102299   0.0000669285   0.0000316396
   5.8168466191   0.0000098534   0.0000665270   0.0000327416
   5.8312804817   0.0000096637   0.0000659409   0.0000337693
   5.8457143443   0.0000098902   0.0000652303   0.0000346978
   5.8601482069   0.0000107103   0.0000644178   0.0000357120
   5.8745820694   0.0000121667   0.0000634960   0.0000369855
   5.8890159320   0.0000141125   0.0000624672   0.0000384636
   5.9034497946   0.0000162210   0.0000613847   0.0000397888
   5.9178836572   0.0000180701   0.0000603637   0.0000404288
   5.9323175197   0.0000192778   0.0000595485   0.0000399495
   5.9467513823   0.0000196364   0.0000590480   0.0000382896
   5.9611852449   0.0000191911   0.0000588713   0.0000358819
   5.9756191075   0.0000182273   0.0000589016   0.0000335384
   5.9900529701   0.0000171710   0.0000589248   0.0000321373
   6.0044868326   0.0000164414   0.0000587077   0.0000322480
   6.0189206952   0.0000163149   0.0000580922   0.0000338751
   6.0333545578   0.0000168518   0.0000570623   0.0000364420
   6.0477884204   0.0000179091   0.0000557529   0.0000390292
   6.0622222830   0.0000192212   0.0000543954   0.0000407563
   6.0766561455   0.0000205083   0.0000532242   0.0000411335
   6.0910900081   0.0000215629   0.0000523866   0.0000402258
   6.1055238707   0.0000222855   0.0000518934   0.0000385672
   6.1199577333   0.0000226705   0.0000516299   0.0000368817
   6.1343915958   0.0000227626   0.0000514152   0.0000357535
   6.1488254584   0.0000226177   0.0000510811   0.0000354041
   6.1632593210   0.0000222875   0.0000505340   0.0000356681
   6.1776931836   0.0000218296   0.0000497778   0.0000361547
   6.1921270462   0.0000213274   0.0000488928   0.0000364941
   6.2065609087   0.0000208977   0.0000479902   0.0000365326
   6.2209947713   0.0000206755   0.0000471633   0.0000363812
   6.2354286339   0.0000207744   0.0000464578   0.0000363051
   6.2498624965   0.0000212431   0.0000458688   0.0000365292
   6.2642963590   0.0000220356   0.0000453581   0.0000370745
   6.2787302216   0.0000230133   0.0000448795   0.0000377184
   6.2931640842   0.0000239789   0.0000443966   0.0000381021
   6.3075979468   0.0000247319   0.0000438880   0.0000379266
   6.3220318094   0.0000251241   0.0000433430   0.0000371292
   6.3364656719   0.0000250958   0.0000427544   0.0000359435
   6.3508995345   0.0000246833   0.0000421174   0.0000348052
   6.3653333971   0.0000239992   0.0000414361   0.0000341495
   6.3797672597   0.0000231985   0.0000407315   0.0000342002
   6.3942011223   0.0000224440   0.0000400441   0.0000348604
   6.4086349848   0.0000218818   0.0000394235   0.0000357595
   6.4230688474   0.0000216267   0.0000389072   0.0000364344
   6.4375027100   0.0000217510   0.0000384999   0.0000365539
   6.4519365726   0.0000222709   0.0000381628   0.0000360726
   6.4663704351   0.0000231298   0.0000378246   0.0000352402
   6.4808042977   0.0000241884   0.0000374091   0.0000344625
   6.4952381603   0.0000252338   0.0000368701   0.0000340889
   6.5096720229   0.0000260172   0.0000362151   0.0000342342
   6.5241058855   0.0000263171   0.0000355057   0.0000347256
   6.5385397480   0.0000260106   0.0000348329   0.0000351985
   6.5529736106   0.0000251254   0.0000342773   0.0000352915
   6.5674074732   0.0000238506   0.0000338728   0.0000348377
   6.5818413358   0.0000224953   0.0000335907   0.0000339568
   6.5962751984   0.0000214045   0.0000333517   0.0000330001
   6.6107090609   0.0000208597   0.0000330613   0.0000323767
   6.6251429235   0.0000209961   0.0000326517   0.0000323492
   6.6395767861   0.0000217652   0.0000321111   0.0000328993
   6.6540106487   0.0000229526   0.0000314882   0.0000337311
   6.6684445112   0.0000242429   0.0000308688   0.0000344096
   6.6828783738   0.0000253109   0.0000303374   0.0000345657
   6.6973122364   0.0000259058   0.0000299405   0.0000340688
   6.7117460990   0.0000259088   0.0000296682   0.0000330851
   6.7261799616   0.0000253480   0.0000294617   0.0000319940
   6.7406138241   0.0000243746   0.0000292415   0.0000312085
   6.7550476867   0.0000232136   0.0000289420   0.0000309861
   6.7694815493   0.0000221064   0.0000285381   0.0000313195
   6.7839154119   0.0000212603   0.0000280510   0.0000319555
   6.7983492745   0.0000208141   0.0000275341   0.0000325272
   6.8127831370   0.0000208205   0.0000270474   0.0000327292
   6.8272169996   0.0000212450   0.0000266318   0.0000324518
   6.8416508622   0.0000219757   0.0000262969   0.0000318133
   6.8560847248   0.0000228452   0.0000260231   0.0000310815
   6.8705185873   0.0000236611   0.0000257765   0.0000305320
   6.8849524499   0.0000242437   0.0000255257   0.0000303167
   6.8993863125   0.0000244633   0.0000252536   0.0000304054
   6.9138201751   0.0000242692   0.0000249584   0.0000306239
   6.9282540377   0.0000237002   0.0000246467   0.0000307602
   6.9426879002   0.0000228735   0.0000243247   0.0000306795
   6.9571217628   0.0000219541   0.0000239934   0.0000303872
   6.9715556254   0.0000211138   0.0000236511   0.0000300122
   6.9859894880   0.0000204937   0.0000232994   0.0000297226
   7.0004233506   0.0000201777   0.0000229495   0.0000296246
   7.0148572131   0.0000201857   0.0000226210   0.0000297005
   7.0292910757   0.0000204798   0.0000223349   0.0000298175
   7.0437249383   0.0000209806   0.0000221020   0.0000298033
   7.0581588009   0.0000215840   0.0000219141   0.0000295455
   7.0725926634   0.0000221753   0.0000217441   0.0000290605
   7.0870265260   0.0000226405   0.0000215551   0.0000284948
   7.1014603886   0.0000228786   0.0000213173   0.0000280546
   7.1158942512   0.0000228159   0.0000210214   0.0000279002
   7.1303281138   0.0000224248   0.0000206853   0.0000280606
   7.1447619763   0.0000217396   0.0000203467   0.0000284114
   7.1591958389   0.0000208625   0.0000200471   0.0000287312
   7.1736297015   0.0000199519   0.0000198122   0.0000288077
   7.1880635641   0.0000191915   0.0000196403   0.0000285421
   7.2024974266   0.0000187439   0.0000195023   0.0000279977
   7.2169312892   0.0000187046   0.0000193557   0.0000273694
   7.2313651518   0.0000190696   0.0000191641   0.0000268878
   7.2457990144   0.0000197311   0.0000189147   0.0000267060
   7.2602328770   0.0000205045   0.0000186240   0.0000268260
   7.2746667395   0.0000211785   0.0000183298   0.0000270998
   7.2891006021   0.0000215739   0.0000180728   0.0000273057
   7.3035344647   0.0000215896   0.0000178771   0.0000272610
   7.3179683273   0.0000212245   0.0000177396   0.0000269140
   7.3324021899   0.0000205683   0.0000176312   0.0000263712
   7.3468360524   0.0000197684   0.0000175121   0.0000258443
   7.3612699150   0.0000189870   0.0000173498   0.0000255452
   7.3757037776   0.0000183606   0.0000171345   0.0000255791
   7.3901376402   0.0000179748   0.0000168821   0.0000258887
   7.4045715027   0.0000178566   0.0000166252   0.0000262778
   7.4190053653   0.0000179816   0.0000163973   0.0000265024
   7.4334392279   0.0000182890   0.0000162173   0.0000263858
   7.4478730905   0.0000186969   0.0000160820   0.0000259028
   7.4623069531   0.0000191165   0.0000159699   0.0000251938
   7.4767408156   0.0000194617   0.0000158530   0.0000245010
   7.4911746782   0.0000196585   0.0000157111   0.0000240592
   7.5056085408   0.0000196552   0.0000155399   0.0000239909
   7.5200424034   0.0000194325   0.0000153513   0.0000242560
   7.5344762660   0.0000190107   0.0000151650   0.0000246753
   7.5489101285   0.0000184512   0.0000149967   0.0000250164
   7.5633439911   0.0000178461   0.0000148500   0.0000250987
   7.5777778537   0.0000173001   0.0000147154   0.0000248683
   7.5922117163   0.0000169061   0.0000145771   0.0000244110
   7.6066455788   0.0000167230   0.0000144236   0.0000239009
   7.6210794414   0.0000167624   0.0000142547   0.0000235128
   7.6355133040   0.0000169876   0.0000140828   0.0000233423
   7.6499471666   0.0000173256   0.0000139260   0.0000233700
   7.6643810292   0.0000176859   0.0000137973   0.0000234838
   7.6788148917   0.0000179804   0.0000136962   0.0000235435
   7.6932487543   0.0000181401   0.0000136074   0.0000234543
   7.7076826169   0.0000181248   0.0000135080   0.0000232112
   7.7221164795   0.0000179258   0.0000133793   0.0000228954
   7.7365503421   0.0000175654   0.0000132177   0.0000226281
   7.7509842046   0.0000170917   0.0000130375   0.0000225055
   7.7654180672   0.0000165727   0.0000128660   0.0000225499
   7.7798519298   0.0000160867   0.0000127298   0.0000226997
   7.7942857924   0.0000157086   0.0000126422   0.0000228419
   7.8087196549   0.0000154956   0.0000125956   0.0000228690
   7.8231535175   0.0000154716   0.0000125646   0.0000227309
   7.8375873801   0.0000156189   0.0000125179   0.0000224572
   7.8520212427   0.0000158780   0.0000124335   0.0000221400
   7.8664551053   0.0000161603   0.0000123102   0.0000218873
   7.8808889678   0.0000163696   0.0000121687   0.0000217726
   7.8953228304   0.0000164268   0.0000120426   0.0000218048
   7.9097566930   0.0000162912   0.0000119619   0.0000219315
   7.9241905556   0.0000159702   0.0000119387   0.0000220727
   7.9386244181   0.0000155142   0.0000119598   0.0000221633
   7.9530582807   0.0000150000   0.0000119925   0.0000221844
   7.9674921433   0.0000145079   0.0000119993   0.0000221658
   7.9819260059   0.0000141011   0.0000119548   0.0000221617
