   0.0000000000   0.0000000000   0.0000000000   0.0000000000
   0.0144338626   0.0000000000   0.0000000000   0.0000000000
   0.0288677252   0.0000000000   0.0000000000   0.0000000000
   0.0433015877  -0.0000000000   0.0000000000  -0.0000000000
   0.0577354503  -0.0000000000   0.0000000000  -0.0000000000
   0.0721693129  -0.0000000000  -0.0000000000   0.0000000000
   0.0866031755   0.0000000000  -0.0000000000   0.0000000000
   0.1010370380   0.0000000000  -0.0000000000   0.0000000000
   0.1154709006   0.0000000000  -0.0000000000   0.0000000000
   0.1299047632   0.0000000000  -0.0000000000   0.0000000000
   0.1443386258   0.0000000000  -0.0000000000   0.0000000000
   0.1587724884  -0.0000000000   0.0000000000  -0.0000000000
   0.1732063509  -0.0000000000   0.0000000000  -0.0000000000
   0.1876402135  -0.0000000000   0.0000000000  -0.0000000000
   0.2020740761   0.0000000000   0.0000000000  -0.0000000000
   0.2165079387   0.0000000000  -0.0000000000  -0.0000000000
   0.2309418013   0.0000000000  -0.0000000000   0.0000000000
   0.2453756638   0.0000000000  -0.0000000000   0.0000000000
   0.2598095264   0.0000000001  -0.0000000000   0.0000000001
   0.2742433890   0.0000000001  -0.0000000000   0.0000000001
   0.2886772516   0.0000000000   0.0000000002   0.0000000000
   0.3031111141  -0.0000000003   0.0000000007  -0.0000000004
   0.3175449767  -0.0000000011   0.0000000015  -0.0000000014
   0.3319788393  -0.0000000021   0.0000000024  -0.0000000028
   0.3464127019  -0.0000000026   0.0000000019  -0.0000000031
   0.3608465645  -0.0000000008  -0.0000000019   0.0000000005
   0.3752804270   0.0000000052  -0.0000000108   0.0000000114
   0.3897142896   0.0000000155  -0.0000000236   0.0000000298
   0.4041481522   0.0000000257  -0.0000000327   0.0000000471
   0.4185820148   0.0000000251  -0.0000000226   0.0000000418
   0.4330158774  -0.0000000012   0.0000000258  -0.0000000172
   0.4474497399  -0.0000000632   0.0000001232  -0.0000001525
   0.4618836025  -0.0000001528   0.0000002551  -0.0000003467
   0.4763174651  -0.0000002332   0.0000003677  -0.0000005134
   0.4907513277  -0.0000002407   0.0000003724  -0.0000004979
   0.5051851902  -0.0000001074   0.0000001745  -0.0000001362
   0.5196190528   0.0000001972  -0.0000002740   0.0000006272
   0.5340529154   0.0000006247  -0.0000009171   0.0000016120
   0.5484867780   0.0000010263  -0.0000015605   0.0000023610
   0.5629206406   0.0000011735  -0.0000018838   0.0000022865
   0.5773545031   0.0000008242  -0.0000015133   0.0000010259
   0.5917883657  -0.0000001762  -0.0000001496  -0.0000011253
   0.6062222283  -0.0000017775   0.0000022617  -0.0000029926
   0.6206560909  -0.0000036178   0.0000053413  -0.0000028557
   0.6350899535  -0.0000049619   0.0000081120   0.0000004967
   0.6495238160  -0.0000047485   0.0000089529   0.0000062391
   0.6639576786  -0.0000018362   0.0000058180   0.0000102846
   0.6783915412   0.0000044769  -0.0000031175   0.0000055083
   0.6928254038   0.0000136844  -0.0000183108  -0.0000155747
   0.7072592663   0.0000232740  -0.0000373765  -0.0000555155
   0.7216931289   0.0000283449  -0.0000538049  -0.0001053542
   0.7361269915   0.0000222176  -0.0000567283  -0.0001397410
   0.7505608541  -0.0000015046  -0.0000326872  -0.0001177680
   0.7649947167  -0.0000454107   0.0000299899   0.0000069526
   0.7794285792  -0.0001040359   0.0001344216   0.0002658953
   0.7938624418  -0.0001604696   0.0002674615   0.0006480818
   0.8082963044  -0.0001859538   0.0003936696   0.0010733567
   0.8227301670  -0.0001444667   0.0004542185   0.0013778715
   0.8371640296  -0.0000031493   0.0003735372   0.0013231858
   0.8515978921   0.0002526430   0.0000747279   0.0006357986
   0.8660317547   0.0006033518  -0.0004980231  -0.0009249402
   0.8804656173   0.0009838752  -0.0013549188  -0.0034834373
   0.8948994799   0.0012827386  -0.0024410488  -0.0069711018
   0.9093333424   0.0013556810  -0.0036294145  -0.0110821296
   0.9237672050   0.0010535980  -0.0047318776  -0.0152835256
   0.9382010676   0.0002599366  -0.0055290808  -0.0188888123
   0.9526349302  -0.0010714485  -0.0058148637  -0.0211872958
   0.9670687928  -0.0028887910  -0.0054456233  -0.0216028029
   0.9815026553  -0.0050348059  -0.0043821213  -0.0198431835
   0.9959365179  -0.0072642704  -0.0027116341  -0.0159992645
   1.0103703805  -0.0092857539  -0.0006423582  -0.0105613768
   1.0248042431  -0.0108195796   0.0015311861  -0.0043414730
   1.0392381056  -0.0116585069   0.0034851424   0.0016858750
   1.0536719682  -0.0117152089   0.0049324910   0.0065869407
   1.0681058308  -0.0110427527   0.0056820081   0.0096660110
   1.0825396934  -0.0098211129   0.0056750481   0.0106055864
   1.0969735560  -0.0083126045   0.0049910483   0.0095138422
   1.1114074185  -0.0067987555   0.0038212487   0.0068691229
   1.1258412811  -0.0055168709   0.0024187870   0.0033796484
   1.1402751437  -0.0046139821   0.0010393463  -0.0002008580
   1.1547090063  -0.0041293060  -0.0001118919  -0.0032509829
   1.1691428689  -0.0040066336  -0.0009143373  -0.0054073615
   1.1835767314  -0.0041292732  -0.0013409424  -0.0066105615
   1.1980105940  -0.0043653277  -0.0014433770  -0.0070674969
   1.2124444566  -0.0046108970  -0.0013210097  -0.0071497604
   1.2268783192  -0.0048216974  -0.0010845380  -0.0072626197
   1.2413121817  -0.0050273601  -0.0008248809  -0.0077235497
   1.2557460443  -0.0053259695  -0.0005948131  -0.0086820713
   1.2701799069  -0.0058594333  -0.0004060838  -0.0100974263
   1.2846137695  -0.0067738691  -0.0002399145  -0.0117722713
   1.2990476321  -0.0081733439  -0.0000651394  -0.0134245838
   1.3134814946  -0.0100784180   0.0001432902  -0.0147708299
   1.3279153572  -0.0124006787   0.0003918825  -0.0155934561
   1.3423492198  -0.0149395847   0.0006658441  -0.0157743931
   1.3567830824  -0.0173999758   0.0009356796  -0.0152901771
   1.3712169450  -0.0194214919   0.0011693227  -0.0141783964
   1.3856508075  -0.0206090669   0.0013441305  -0.0124943248
   1.4000846701  -0.0205581176   0.0014536424  -0.0102776725
   1.4145185327  -0.0188764109   0.0015066770  -0.0075424885
   1.4289523953  -0.0152112699   0.0015198881  -0.0042917932
   1.4433862578  -0.0092907414   0.0015077053  -0.0005476198
   1.4578201204  -0.0009795187   0.0014744214   0.0036186784
   1.4722539830   0.0096611280   0.0014118457   0.0080698228
   1.4866878456   0.0223284593   0.0013032465   0.0126068716
   1.5011217082   0.0364668983   0.0011316339   0.0169927209
   1.5155555707   0.0512986604   0.0008889620   0.0209863883
   1.5299894333   0.0658903660   0.0005829531   0.0243770984
   1.5444232959   0.0792382778   0.0002395240   0.0270089402
   1.5588571585   0.0903523215  -0.0000996547   0.0287910692
   1.5732910211   0.0983258637  -0.0003838426   0.0296928911
   1.5877248836   0.1023894642  -0.0005630584   0.0297270842
   1.6021587462   0.1019555347  -0.0005997201   0.0289256232
   1.6165926088   0.0966622371  -0.0004802536   0.0273156715
   1.6310264714   0.0864191971  -0.0002239151   0.0249034102
   1.6454603339   0.0714491953   0.0001147203   0.0216736643
   1.6598941965   0.0523145600   0.0004528627   0.0176102211
   1.6743280591   0.0299175626   0.0006973365   0.0127353501
   1.6887619217   0.0054693787   0.0007704628   0.0071585049
   1.7031957843  -0.0195721433   0.0006371375   0.0011168036
   1.7176296468  -0.0435933410   0.0003237227  -0.0050123122
   1.7320635094  -0.0649428397  -0.0000797670  -0.0107402011
   1.7464973720  -0.0820763006  -0.0004380307  -0.0155390468
   1.7609312346  -0.0937225732  -0.0006061695  -0.0189420806
   1.7753650971  -0.0990540491  -0.0004726808  -0.0206448309
   1.7897989597  -0.0978289082   0.0000038732  -0.0205766729
   1.8042328223  -0.0904638088   0.0007769407  -0.0189194831
   1.8186666849  -0.0780015923   0.0017194242  -0.0160664075
   1.8331005475  -0.0619628060   0.0026548742  -0.0125326267
   1.8475344100  -0.0441057073   0.0034031206  -0.0088445504
   1.8619682726  -0.0261523648   0.0038265912  -0.0054390306
   1.8764021352  -0.0095527168   0.0038637276  -0.0025987402
   1.8908359978   0.0046546515   0.0035403344  -0.0004365652
   1.9052698604   0.0158628440   0.0029566595   0.0010740919
   1.9197037229   0.0238205097   0.0022551743   0.0020394071
   1.9341375855   0.0285142275   0.0015792926   0.0025786892
   1.9485714481   0.0300705709   0.0010353362   0.0027735871
   1.9630053107   0.0287170704   0.0006685829   0.0026478072
   1.9774391732   0.0248033180   0.0004597598   0.0021810117
   1.9918730358   0.0188487961   0.0003420699   0.0013487764
   2.0063068984   0.0115692734   0.0002324328   0.0001713516
   2.0207407610   0.0038443859   0.0000659834  -0.0012497255
   2.0351746236  -0.0033820711  -0.0001783444  -0.0027247326
   2.0496084861  -0.0092460667  -0.0004703169  -0.0040059977
   2.0640423487  -0.0131090422  -0.0007416112  -0.0048486315
   2.0784762113  -0.0146627100  -0.0009144887  -0.0050821327
   2.0929100739  -0.0139660029  -0.0009345455  -0.0046667624
   2.1073439365  -0.0114094643  -0.0007944059  -0.0037121312
   2.1217777990  -0.0076213251  -0.0005388060  -0.0024485354
   2.1362116616  -0.0033399920  -0.0002490810  -0.0011594166
   2.1506455242   0.0007200235  -0.0000134649  -0.0000985628
   2.1650793868   0.0039843731   0.0001047081   0.0005783248
   2.1795132493   0.0060979174   0.0000882324   0.0008440494
   2.1939471119   0.0069539339  -0.0000313206   0.0007841295
   2.2083809745   0.0066704306  -0.0001897398   0.0005448701
   2.2228148371   0.0055226585  -0.0003177059   0.0002686572
   2.2372486997   0.0038528092  -0.0003680927   0.0000428140
   2.2516825622   0.0019845971  -0.0003321451  -0.0001196053
   2.2661164248   0.0001677411  -0.0002388040  -0.0002635444
   2.2805502874  -0.0014352195  -0.0001386746  -0.0004516367
   2.2949841500  -0.0027253315  -0.0000803178  -0.0007201890
   2.3094180126  -0.0036279075  -0.0000891848  -0.0010514302
   2.3238518751  -0.0040640927  -0.0001577439  -0.0013733842
   2.3382857377  -0.0039525082  -0.0002501820  -0.0015861489
   2.3527196003  -0.0032430161  -0.0003188603  -0.0016023024
   2.3671534629  -0.0019660160  -0.0003250601  -0.0013839564
   2.3815873254  -0.0002697705  -0.0002552625  -0.0009612284
   2.3960211880   0.0015792779  -0.0001265369  -0.0004251148
   2.4104550506   0.0032431189   0.0000205974   0.0001017534
   2.4248889132   0.0043946676   0.0001383253   0.0005045155
   2.4393227758   0.0048079176   0.0001897820   0.0007104393
   2.4537566383   0.0044221527   0.0001620634   0.0007060007
   2.4681905009   0.0033557015   0.0000692669   0.0005320805
   2.4826243635   0.0018644092  -0.0000548342   0.0002615958
   2.4970582261   0.0002617022  -0.0001707046  -0.0000296838
   2.5114920887  -0.0011686805  -0.0002474941  -0.0002869808
   2.5259259512  -0.0022355737  -0.0002723723  -0.0004867178
   2.5403598138  -0.0028599971  -0.0002518051  -0.0006318043
   2.5547936764  -0.0030526483  -0.0002054265  -0.0007374664
   2.5692275390  -0.0028682768  -0.0001560583  -0.0008165215
   2.5836614015  -0.0023634548  -0.0001204675  -0.0008718347
   2.5980952641  -0.0015785176  -0.0001044415  -0.0008989071
   2.6125291267  -0.0005490290  -0.0001033982  -0.0008957577
   2.6269629893   0.0006648081  -0.0001072066  -0.0008733406
   2.6413968519   0.0019522709  -0.0001062900  -0.0008594492
   2.6558307144   0.0031494633  -0.0000959516  -0.0008923131
   2.6702645770   0.0040674793  -0.0000771018  -0.0010051915
   2.6846984396   0.0045429561  -0.0000534809  -0.0012077927
   2.6991323022   0.0044906424  -0.0000271820  -0.0014723570
   2.7135661647   0.0039353740   0.0000049330  -0.0017309706
   2.7280000273   0.0030090311   0.0000517639  -0.0018867968
   2.7424338899   0.0019125348   0.0001246966  -0.0018370292
   2.7568677525   0.0008570021   0.0002315384  -0.0015013071
   2.7713016151   0.0000057961   0.0003700683  -0.0008474320
   2.7857354776  -0.0005624131   0.0005240397   0.0000930624
   2.8001693402  -0.0008589446   0.0006637830   0.0012240371
   2.8146032028  -0.0009609534   0.0007519921   0.0023990823
   2.8290370654  -0.0009706869   0.0007534251   0.0034476216
   2.8434709280  -0.0009754163   0.0006457633   0.0042065466
   2.8579047905  -0.0010223268   0.0004282836   0.0045501321
   2.8723386531  -0.0011143110   0.0001255040   0.0044118698
   2.8867725157  -0.0012230330  -0.0002156098   0.0037942582
   2.9012063783  -0.0013090769  -0.0005344016   0.0027657415
   2.9156402408  -0.0013380435  -0.0007690480   0.0014469762
   2.9300741034  -0.0012859322  -0.0008696227  -0.0000093932
   2.9445079660  -0.0011343677  -0.0008084527  -0.0014407098
   2.9589418286  -0.0008623859  -0.0005854437  -0.0026941222
   2.9733756912  -0.0004434977  -0.0002275599  -0.0036420229
   2.9878095537   0.0001462930   0.0002167973  -0.0041926330
   3.0022434163   0.0009102918   0.0006866706  -0.0042963632
   3.0166772789   0.0018100728   0.0011184754  -0.0039487288
   3.0311111415   0.0027522965   0.0014550887  -0.0031900381
   3.0455450041   0.0035925204   0.0016529234  -0.0021013971
   3.0599788666   0.0041591798   0.0016865388  -0.0007964444
   3.0744127292   0.0042930950   0.0015507959   0.0005910719
   3.0888465918   0.0038914132   0.0012606911   0.0019225024
   3.1032804544   0.0029423914   0.0008489658   0.0030697591
   3.1177143169   0.0015397600   0.0003616158   0.0039281766
   3.1321481795  -0.0001284488  -0.0001483294   0.0044247429
   3.1465820421  -0.0018140910  -0.0006279394   0.0045213330
   3.1610159047  -0.0032571653  -0.0010311950   0.0042142858
   3.1754497673  -0.0042358967  -0.0013241087   0.0035325224
   3.1898836298  -0.0046069561  -0.0014871267   0.0025359475
   3.2043174924  -0.0043278045  -0.0015145521   0.0013143409
   3.2187513550  -0.0034583539  -0.0014116767  -0.0000148372
   3.2331852176  -0.0021440951  -0.0011910544  -0.0013123191
   3.2476190802  -0.0005862612  -0.0008695517  -0.0024287431
   3.2620529427   0.0009939943  -0.0004673514  -0.0032225149
   3.2764868053   0.0023907156  -0.0000090948  -0.0035815529
   3.2909206679   0.0034421733   0.0004737898  -0.0034444350
   3.3053545305   0.0040501011   0.0009413466  -0.0028155593
   3.3197883930   0.0041871832   0.0013458328  -0.0017697786
   3.3342222556   0.0038926245   0.0016361411  -0.0004443625
   3.3486561182   0.0032575099   0.0017657782   0.0009807003
   3.3630899808   0.0024034509   0.0017027884   0.0023101294
   3.3775238434   0.0014592974   0.0014389214   0.0033627965
   3.3919577059   0.0005409291   0.0009951096   0.0039973371
   3.4063915685  -0.0002619656   0.0004210966   0.0041295235
   3.4208254311  -0.0008904716  -0.0002113658   0.0037394594
   3.4352592937  -0.0013134417  -0.0008204703   0.0028692637
   3.4496931563  -0.0015201620  -0.0013286645   0.0016137936
   3.4641270188  -0.0015128491  -0.0016758736   0.0001075694
   3.4785608814  -0.0013024590  -0.0018285996  -0.0014895952
   3.4929947440  -0.0009093297  -0.0017831650  -0.0030071491
   3.5074286066  -0.0003677291  -0.0015630811  -0.0042787456
   3.5218624691   0.0002686391  -0.0012120486  -0.0051582404
   3.5362963317   0.0009239737  -0.0007849563  -0.0055367227
   3.5507301943   0.0015037533  -0.0003392162  -0.0053590099
   3.5651640569   0.0019054739   0.0000719926  -0.0046363897
   3.5795979195   0.0020355376   0.0004041129  -0.0034515910
   3.5940317820   0.0018287397   0.0006237265  -0.0019526403
   3.6084656446   0.0012654334   0.0007101344  -0.0003344521
   3.6228995072   0.0003815528   0.0006567447   0.0011898878
   3.6373333698  -0.0007317328   0.0004723773   0.0024231891
   3.6517672323  -0.0019393746   0.0001818920   0.0032167702
   3.6662010949  -0.0030826882  -0.0001748561   0.0034947653
   3.6806349575  -0.0040042798  -0.0005465987   0.0032650594
   3.6950688201  -0.0045726133  -0.0008769913   0.0026148645
   3.7095026827  -0.0047016894  -0.0011130031   0.0016923829
   3.7239365452  -0.0043628183  -0.0012138199   0.0006788627
   3.7383704078  -0.0035873803  -0.0011582899  -0.0002430643
   3.7528042704  -0.0024612055  -0.0009491065  -0.0009187860
   3.7672381330  -0.0011123855  -0.0006126395  -0.0012440893
   3.7816719956   0.0003051454  -0.0001943715  -0.0011777125
   3.7961058581   0.0016299564   0.0002490591  -0.0007433667
   3.8105397207   0.0027114739   0.0006594727  -0.0000222392
   3.8249735833   0.0034268999   0.0009864533   0.0008619136
   3.8394074459   0.0036956118   0.0011946356   0.0017624753
   3.8538413084   0.0034900518   0.0012678925   0.0025317678
   3.8682751710   0.0028419270   0.0012100906   0.0030422934
   3.8827090336   0.0018422782   0.0010427489   0.0032048980
   3.8971428962   0.0006339542   0.0008003834   0.0029815699
   3.9115767588  -0.0006043609   0.0005245195   0.0023910483
   3.9260106213  -0.0016820259   0.0002573476   0.0015062344
   3.9404444839  -0.0024256652   0.0000358679   0.0004435454
   3.9548783465  -0.0027091121  -0.0001128074  -0.0006543440
   3.9693122091  -0.0024781020  -0.0001745181  -0.0016397573
   3.9837460717  -0.0017638156  -0.0001492108  -0.0023819186
   3.9981799342  -0.0006811320  -0.0000501318  -0.0027860419
   4.0126137968   0.0005893748   0.0000987581  -0.0028066703
   4.0270476594   0.0018328804   0.0002667338  -0.0024533538
   4.0414815220   0.0028390630   0.0004210361  -0.0017880209
   4.0559153845   0.0034401496   0.0005317166  -0.0009146821
   4.0703492471   0.0035403668   0.0005759521   0.0000367991
   4.0847831097   0.0031310042   0.0005412959   0.0009303190
   4.0992169723   0.0022887477   0.0004274797   0.0016435369
   4.1136508349   0.0011587467   0.0002465523   0.0020852341
   4.1280846974  -0.0000730222   0.0000213046   0.0022074037
   4.1425185600  -0.0012119065  -0.0002178891   0.0020102803
   4.1569524226  -0.0020851495  -0.0004374876   0.0015396966
   4.1713862852  -0.0025662632  -0.0006059117   0.0008774705
   4.1858201478  -0.0025906942  -0.0006986475   0.0001267357
   4.2002540103  -0.0021622021  -0.0007024614  -0.0006050368
   4.2146878729  -0.0013505701  -0.0006178967  -0.0012223028
   4.2291217355  -0.0002816601  -0.0004594416  -0.0016543148
   4.2435555981   0.0008792069  -0.0002531651  -0.0018627828
   4.2579894606   0.0019494583  -0.0000321517  -0.0018436840
   4.2724233232   0.0027553391   0.0001694178  -0.0016237542
   4.2868571858   0.0031589334   0.0003223332  -0.0012530945
   4.3012910484   0.0030819782   0.0004072891  -0.0007957449
   4.3157249110   0.0025216823   0.0004176720  -0.0003199824
   4.3301587735   0.0015543774   0.0003597170   0.0001103848
   4.3445926361   0.0003248742   0.0002502108   0.0004430824
   4.3590264987  -0.0009775011   0.0001124836   0.0006426381
   4.3734603613  -0.0021519144  -0.0000282450   0.0006938877
   4.3878942239  -0.0030213409  -0.0001491208   0.0006036346
   4.4023280864  -0.0034626922  -0.0002327724   0.0004001254
   4.4167619490  -0.0034254988  -0.0002690096   0.0001298778
   4.4311958116  -0.0029358174  -0.0002552401  -0.0001484075
   4.4456296742  -0.0020857316  -0.0001959853  -0.0003725570
   4.4600635367  -0.0010121488  -0.0001018815  -0.0004871976
   4.4744973993   0.0001293960   0.0000116073  -0.0004538544
   4.4889312619   0.0011900256   0.0001257568  -0.0002588414
   4.5033651245   0.0020474042   0.0002205454   0.0000828396
   4.5177989871   0.0026180516   0.0002770895   0.0005286179
   4.5322328496   0.0028621988   0.0002804307   0.0010144494
   4.5466667122   0.0027827838   0.0002222848   0.0014647881
   4.5611005748   0.0024205504   0.0001031618   0.0018045505
   4.5755344374   0.0018466767  -0.0000667634   0.0019708786
   4.5899682999   0.0011534870  -0.0002684483   0.0019227063
   4.6044021625   0.0004432255  -0.0004764829   0.0016467350
   4.6188360251  -0.0001850179  -0.0006628792   0.0011592445
   4.6332698877  -0.0006493529  -0.0008013828   0.0005039370
   4.6477037503  -0.0008981659  -0.0008714075  -0.0002534371
   4.6621376128  -0.0009195206  -0.0008608315  -0.0010327080
   4.6765714754  -0.0007441945  -0.0007672515  -0.0017482529
   4.6910053380  -0.0004406666  -0.0005977147  -0.0023185396
   4.7054392006  -0.0001021559  -0.0003673012  -0.0026755583
   4.7198730632   0.0001721496  -0.0000970687  -0.0027733339
   4.7343069257   0.0002978786   0.0001882005  -0.0025944747
   4.7487407883   0.0002237637   0.0004622234  -0.0021535506
   4.7631746509  -0.0000566300   0.0006993986  -0.0014962565
   4.7776085135  -0.0005023003   0.0008770313  -0.0006939280
   4.7920423760  -0.0010318124   0.0009776052   0.0001660463
   4.8064762386  -0.0015383229   0.0009909097   0.0009923321
   4.8209101012  -0.0019094806   0.0009156268   0.0017019806
   4.8353439638  -0.0020483446   0.0007599043   0.0022306082
   4.8497778264  -0.0018915810   0.0005405668   0.0025386665
   4.8642116889  -0.0014219616   0.0002809214   0.0026131455
   4.8786455515  -0.0006733055   0.0000074988   0.0024652366
   4.8930794141   0.0002727894  -0.0002536138   0.0021253319
   4.9075132767   0.0012979100  -0.0004800719   0.0016370064
   4.9219471393   0.0022639176  -0.0006555524   0.0010513158
   4.9363810018   0.0030336737  -0.0007706853   0.0004220716
   4.9508148644   0.0034922378  -0.0008227139  -0.0001979201
   4.9652487270   0.0035650855  -0.0008142961  -0.0007600779
   4.9796825896   0.0032301851  -0.0007520060  -0.0012231337
   4.9941164521   0.0025217151  -0.0006450255  -0.0015561593
   5.0085503147   0.0015247104  -0.0005042654  -0.0017411521
   5.0229841773   0.0003616892  -0.0003418594  -0.0017744962
   5.0374180399  -0.0008261051  -0.0001707579  -0.0016666534
   5.0518519025  -0.0018992445  -0.0000041046  -0.0014398269
   5.0662857650  -0.0027387449   0.0001457744  -0.0011239294
   5.0807196276  -0.0032598738   0.0002686843  -0.0007517388
   5.0951534902  -0.0034195972   0.0003578450  -0.0003544015
   5.1095873528  -0.0032176363   0.0004107007   0.0000416765
   5.1240212154  -0.0026922960   0.0004288904   0.0004159826
   5.1384550779  -0.0019128140   0.0004172769   0.0007531795
   5.1528889405  -0.0009699331   0.0003822682   0.0010411901
   5.1673228031   0.0000340848   0.0003299469   0.0012690943
   5.1817566657   0.0009953661   0.0002646307   0.0014258109
   5.1961905282   0.0018179967   0.0001883654   0.0015001786
   5.2106243908   0.0024230229   0.0001015336   0.0014824913
   5.2250582534   0.0027563586   0.0000043560   0.0013669977
   5.2394921160   0.0027946968  -0.0001012755   0.0011545161
   5.2539259786   0.0025483041  -0.0002103461   0.0008542702
   5.2683598411   0.0020597458  -0.0003142561   0.0004843222
   5.2827937037   0.0013981689  -0.0004016311   0.0000704546
   5.2972275663   0.0006496537  -0.0004602638  -0.0003561610
   5.3116614289  -0.0000949415  -0.0004796640  -0.0007618598
   5.3260952914  -0.0007525638  -0.0004535027  -0.0011132947
   5.3405291540  -0.0012587289  -0.0003812816  -0.0013797812
   5.3549630166  -0.0015745968  -0.0002688187  -0.0015352021
   5.3693968792  -0.0016893280  -0.0001275034  -0.0015598015
   5.3838307418  -0.0016177290   0.0000273977  -0.0014422437
   5.3982646043  -0.0013941686   0.0001789057  -0.0011820382
   5.4126984669  -0.0010643923   0.0003104824  -0.0007919718
   5.4271323295  -0.0006770728   0.0004078226  -0.0002997555
   5.4415661921  -0.0002767062   0.0004601458   0.0002520803
   5.4560000547   0.0001010779   0.0004610275   0.0008088026
   5.4704339172   0.0004314031   0.0004088978   0.0013088252
   5.4848677798   0.0006995045   0.0003073107   0.0016912966
   5.4993016424   0.0008983305   0.0001649887   0.0019047786
   5.5137355050   0.0010254395  -0.0000044703   0.0019154764
   5.5281693675   0.0010802570  -0.0001834036   0.0017134439
   5.5426032301   0.0010625270  -0.0003515599   0.0013155155
   5.5570370927   0.0009723655  -0.0004882584   0.0007643036
   5.5714709553   0.0008117937  -0.0005750526   0.0001233144
   5.5859048179   0.0005871265  -0.0005985180  -0.0005310877
   5.6003386804   0.0003112569  -0.0005526544  -0.0011196194
   5.6147725430   0.0000048258  -0.0004403833  -0.0015704167
   5.6292064056  -0.0003044653  -0.0002737488  -0.0018282829
   5.6436402682  -0.0005846071  -0.0000726704  -0.0018616241
   5.6580741308  -0.0008036725   0.0001376204  -0.0016662636
   5.6725079933  -0.0009348737   0.0003300586  -0.0012658009
   5.6869418559  -0.0009610688   0.0004795675  -0.0007086195
   5.7013757185  -0.0008776265   0.0005665931  -0.0000620040
   5.7158095811  -0.0006930394   0.0005797972   0.0005959066
   5.7302434436  -0.0004273249   0.0005175175   0.0011854205
   5.7446773062  -0.0001088462   0.0003878321   0.0016348265
   5.7591111688   0.0002294966   0.0002072905   0.0018891030
   5.7735450314   0.0005538201  -0.0000014295   0.0019167932
   5.7879788940   0.0008320509  -0.0002125504   0.0017141929
   5.8024127565   0.0010359695  -0.0004004668   0.0013062491
   5.8168466191   0.0011429057  -0.0005428349   0.0007439135
   5.8312804817   0.0011375752  -0.0006231332   0.0000981103
   5.8457143443   0.0010142709  -0.0006324483  -0.0005490796
   5.8601482069   0.0007791256  -0.0005703561  -0.0011149904
   5.8745820694   0.0004516781  -0.0004448607  -0.0015273342
   5.8890159320   0.0000647600  -0.0002714322  -0.0017340211
   5.9034497946  -0.0003380567  -0.0000712414  -0.0017103583
   5.9178836572  -0.0007076045   0.0001312572  -0.0014624719
   5.9323175197  -0.0009961894   0.0003111835  -0.0010263460
   5.9467513823  -0.0011652071   0.0004462598  -0.0004625667
   5.9611852449  -0.0011915997   0.0005196700   0.0001524356
   5.9756191075  -0.0010716439   0.0005223754   0.0007372772
   5.9900529701  -0.0008212389   0.0004545172   0.0012169455
   6.0044868326  -0.0004727870   0.0003256141   0.0015328304
   6.0189206952  -0.0000696119   0.0001534178   0.0016500111
   6.0333545578   0.0003406515  -0.0000384977   0.0015608642
   6.0477884204   0.0007122664  -0.0002240962   0.0012846997
   6.0622222830   0.0010062279  -0.0003786718   0.0008637754
   6.0766561455   0.0011934036  -0.0004824383   0.0003565523
   6.0910900081   0.0012562481  -0.0005232980  -0.0001706346
   6.1055238707   0.0011896221  -0.0004983210  -0.0006522520
   6.1199577333   0.0010011316  -0.0004137227  -0.0010314779
   6.1343915958   0.0007110161  -0.0002834242  -0.0012664991
   6.1488254584   0.0003512060  -0.0001265470  -0.0013346564
   6.1632593210  -0.0000370155   0.0000356358  -0.0012341837
   6.1776931836  -0.0004071268   0.0001827312  -0.0009835298
   6.1921270462  -0.0007131268   0.0002977646  -0.0006184440
   6.2065609087  -0.0009161610   0.0003689266  -0.0001871767
   6.2209947713  -0.0009907324   0.0003904291   0.0002556891
   6.2354286339  -0.0009290811   0.0003625470   0.0006561064
   6.2498624965  -0.0007426355   0.0002910213   0.0009673324
   6.2642963590  -0.0004601259   0.0001860230   0.0011557342
   6.2787302216  -0.0001227739   0.0000608381   0.0012048136
   6.2931640842   0.0002223437  -0.0000696211   0.0011168163
   6.3075979468   0.0005293308  -0.0001904113   0.0009116241
   6.3220318094   0.0007595809  -0.0002881839   0.0006230717
   6.3364656719   0.0008860870  -0.0003527141   0.0002932969
   6.3508995345   0.0008956707  -0.0003781493  -0.0000338835
   6.3653333971   0.0007893656  -0.0003637531  -0.0003193909
   6.3797672597   0.0005814392  -0.0003139577  -0.0005339928
   6.3942011223   0.0002975157  -0.0002376341  -0.0006613197
   6.4086349848  -0.0000279675  -0.0001466477  -0.0006984964
   6.4230688474  -0.0003549671  -0.0000539316  -0.0006545998
   6.4375027100  -0.0006417891   0.0000285671  -0.0005475496
   6.4519365726  -0.0008497308   0.0000916741  -0.0004002337
   6.4663704351  -0.0009480341   0.0001301686  -0.0002366459
   6.4808042977  -0.0009184420   0.0001431657  -0.0000786236
   6.4952381603  -0.0007584701   0.0001336917   0.0000564917
   6.5096720229  -0.0004826086   0.0001076235   0.0001572010
   6.5241058855  -0.0001210376   0.0000722840   0.0002183057
   6.5385397480   0.0002840348   0.0000350218   0.0002406498
   6.5529736106   0.0006837987   0.0000020521   0.0002303082
   6.5674074732   0.0010291018  -0.0000222759   0.0001973361
   6.5818413358   0.0012765572  -0.0000357552   0.0001541566
   6.5962751984   0.0013936931  -0.0000382172   0.0001136855
   6.6107090609   0.0013626461  -0.0000311862   0.0000873564
   6.6251429235   0.0011821933  -0.0000174273   0.0000833039
   6.6395767861   0.0008681047  -0.0000004828   0.0001050136
   6.6540106487   0.0004518593   0.0000157681   0.0001507238
   6.6684445112  -0.0000222443   0.0000275318   0.0002137373
   6.6828783738  -0.0005015269   0.0000315240   0.0002836084
   6.6973122364  -0.0009307242   0.0000253900   0.0003479615
   6.7117460990  -0.0012586721   0.0000080804   0.0003945602
   6.7261799616  -0.0014450834  -0.0000198927   0.0004132019
   6.7406138241  -0.0014663553  -0.0000564026   0.0003971002
   6.7550476867  -0.0013193086  -0.0000979112   0.0003435762
   6.7694815493  -0.0010220153  -0.0001399249   0.0002540693
   6.7839154119  -0.0006114036  -0.0001776297   0.0001336346
   6.7983492745  -0.0001379969  -0.0002065755  -0.0000098275
   6.8127831370   0.0003412528  -0.0002232613  -0.0001663733
   6.8272169996   0.0007707254  -0.0002255008  -0.0003247012
   6.8416508622   0.0011031642  -0.0002125152  -0.0004726995
   6.8560847248   0.0013049720  -0.0001847878  -0.0005979563
   6.8705185873   0.0013592588  -0.0001437843  -0.0006883855
   6.8849524499   0.0012666302  -0.0000916742  -0.0007330935
   6.8993863125   0.0010440469  -0.0000311653  -0.0007234999
   6.9138201751   0.0007222130   0.0000345074  -0.0006545763
   6.9282540377   0.0003418914   0.0001014818  -0.0005259487
   6.9426879002  -0.0000505847   0.0001651723  -0.0003425831
   6.9571217628  -0.0004083977   0.0002203157  -0.0001148476
   6.9715556254  -0.0006896564   0.0002612650   0.0001421018
   6.9859894880  -0.0008626500   0.0002825594   0.0004095017
   7.0004233506  -0.0009102345   0.0002796996   0.0006665127
   7.0148572131  -0.0008325110   0.0002499791   0.0008918766
   7.0292910757  -0.0006470642   0.0001931820   0.0010655328
   7.0437249383  -0.0003864038   0.0001119788   0.0011701316
   7.0581588009  -0.0000928247   0.0000119192   0.0011924441
   7.0725926634   0.0001884877  -0.0000989872   0.0011246862
   7.0870265260   0.0004168297  -0.0002110230   0.0009657159
   7.1014603886   0.0005624140  -0.0003137172   0.0007219801
   7.1158942512   0.0006106682  -0.0003968615   0.0004080015
   7.1303281138   0.0005637027  -0.0004514835   0.0000461604
   7.1447619763   0.0004388829  -0.0004707163  -0.0003344468
   7.1591958389   0.0002650057  -0.0004505456  -0.0007001812
   7.1736297015   0.0000769521  -0.0003904158  -0.0010159997
   7.1880635641  -0.0000901974  -0.0002936477  -0.0012492750
   7.2024974266  -0.0002066850  -0.0001675709  -0.0013738081
   7.2169312892  -0.0002525412  -0.0000232437  -0.0013734150
   7.2313651518  -0.0002205243   0.0001253543  -0.0012444620
   7.2457990144  -0.0001172453   0.0002626892  -0.0009968666
   7.2602328770   0.0000376607   0.0003735042  -0.0006533452
   7.2746667395   0.0002143030   0.0004448724  -0.0002470029
   7.2891006021   0.0003770312   0.0004681188   0.0001823521
   7.3035344647   0.0004901740   0.0004402290   0.0005926109
   7.3179683273   0.0005242498   0.0003644319   0.0009438811
   7.3324021899   0.0004616440   0.0002498076   0.0012025992
   7.3468360524   0.0003006853   0.0001099764   0.0013448605
   7.3612699150   0.0000572174  -0.0000388768   0.0013587359
   7.3757037776  -0.0002368278  -0.0001802596   0.0012454496
   7.3901376402  -0.0005377815  -0.0002995027   0.0010193400
   7.4045715027  -0.0007968463  -0.0003854250   0.0007065479
   7.4190053653  -0.0009678323  -0.0004313433   0.0003424207
   7.4334392279  -0.0010146789  -0.0004353916  -0.0000322774
   7.4478730905  -0.0009175064  -0.0004002527  -0.0003760766
   7.4623069531  -0.0006762651  -0.0003324629  -0.0006519364
   7.4767408156  -0.0003115159  -0.0002414553  -0.0008320982
   7.4911746782   0.0001376549  -0.0001384555  -0.0009018495
   7.5056085408   0.0006182100  -0.0000352933  -0.0008614694
   7.5200424034   0.0010696000   0.0000568365  -0.0007258903
   7.5344762660   0.0014313120   0.0001286068  -0.0005220305
   7.5489101285   0.0016507020   0.0001736784  -0.0002842190
   7.5633439911   0.0016902405   0.0001895399  -0.0000485298
   7.5777778537   0.0015332762   0.0001778722   0.0001529426
   7.5922117163   0.0011874651   0.0001442812   0.0002968432
   7.6066455788   0.0006851778   0.0000973433   0.0003715614
   7.6210794414   0.0000805345   0.0000470672   0.0003780650
   7.6355133040  -0.0005567955   0.0000030304   0.0003285749
   7.6499471666  -0.0011503260  -0.0000274342   0.0002434749
   7.6643810292  -0.0016268095  -0.0000406022   0.0001471148
   7.6788148917  -0.0019260930  -0.0000369549   0.0000632806
   7.6932487543  -0.0020092386  -0.0000208624   0.0000110758
   7.7076826169  -0.0018636652   0.0000005698   0.0000018147
   7.7221164795  -0.0015046055   0.0000192159   0.0000373247
   7.7365503421  -0.0009728144   0.0000277936   0.0001098305
   7.7509842046  -0.0003290529   0.0000214497   0.0002033871
   7.7654180672   0.0003537009  -0.0000012711   0.0002966466
   7.7798519298   0.0009991677  -0.0000382360   0.0003665845
   7.7942857924   0.0015366663  -0.0000842764   0.0003926688
   7.8087196549   0.0019090049  -0.0001322815   0.0003608402
   7.8231535175   0.0020785868  -0.0001745377   0.0002666211
   7.8375873801   0.0020311749  -0.0002040259   0.0001167245
   7.8520212427   0.0017769855  -0.0002154580  -0.0000712724
   7.8664551053   0.0013490039  -0.0002059458  -0.0002712930
   7.8808889678   0.0007986832  -0.0001752985  -0.0004528606
   7.8953228304   0.0001894848  -0.0001260021  -0.0005862369
   7.9097566930  -0.0004109699  -0.0000629487  -0.0006476444
   7.9241905556  -0.0009391125   0.0000070453  -0.0006235654
   7.9386244181  -0.0013428655   0.0000759187  -0.0005132914
   7.9530582807  -0.0015872455   0.0001352420  -0.0003292591
   7.9674921433  -0.0016573680   0.0001772531  -0.0000951605
   7.9819260059  -0.0015585516   0.0001959549   0.0001577661
