   0.0000000000   0.0000000000   0.0000000000   0.0000000000
   0.0144338626   0.0000000000   0.0000000000   0.0000000000
   0.0288677252   0.0000000000   0.0000000000   0.0000000000
   0.0433015877   0.0000000000   0.0000000000   0.0000000000
   0.0577354503   0.0000000000   0.0000000000   0.0000000000
   0.0721693129   0.0000000000   0.0000000000   0.0000000000
   0.0866031755   0.0000000000   0.0000000000   0.0000000000
   0.1010370380   0.0000000000   0.0000000000   0.0000000000
   0.1154709006   0.0000000000   0.0000000000   0.0000000000
   0.1299047632   0.0000000000   0.0000000000   0.0000000000
   0.1443386258   0.0000000000   0.0000000000   0.0000000000
   0.1587724884   0.0000000000   0.0000000000   0.0000000000
   0.1732063509   0.0000000000   0.0000000000   0.0000000000
   0.1876402135   0.0000000000   0.0000000000   0.0000000000
   0.2020740761  -0.0000000000  -0.0000000000  -0.0000000000
   0.2165079387   0.0000000000   0.0000000000   0.0000000000
   0.2309418013  -0.0000000000  -0.0000000000  -0.0000000000
   0.2453756638  -0.0000000000  -0.0000000000  -0.0000000000
   0.2598095264  -0.0000000000  -0.0000000000  -0.0000000000
   0.2742433890  -0.0000000000  -0.0000000000  -0.0000000000
   0.2886772516  -0.0000000000  -0.0000000000  -0.0000000000
   0.3031111141  -0.0000000000  -0.0000000000  -0.0000000000
   0.3175449767  -0.0000000000  -0.0000000000  -0.0000000000
   0.3319788393  -0.0000000000  -0.0000000000  -0.0000000000
   0.3464127019  -0.0000000000  -0.0000000000  -0.0000000000
   0.3608465645  -0.0000000000  -0.0000000000  -0.0000000000
   0.3752804270  -0.0000000000  -0.0000000000  -0.0000000000
   0.3897142896   0.0000000000  -0.0000000000   0.0000000000
   0.4041481522   0.0000000000   0.0000000000   0.0000000000
   0.4185820148   0.0000000000   0.0000000000   0.0000000000
   0.4330158774   0.0000000000   0.0000000000   0.0000000000
   0.4474497399  -0.0000000000  -0.0000000000  -0.0000000000
   0.4618836025  -0.0000000000  -0.0000000000  -0.0000000000
   0.4763174651  -0.0000000000  -0.0000000000  -0.0000000000
   0.4907513277   0.0000000000  -0.0000000000   0.0000000000
   0.5051851902   0.0000000000   0.0000000000   0.0000000000
   0.5196190528   0.0000000000   0.0000000000   0.0000000000
   0.5340529154   0.0000000000   0.0000000000   0.0000000000
   0.5484867780   0.0000000000   0.0000000000   0.0000000000
   0.5629206406   0.0000000000   0.0000000000   0.0000000000
   0.5773545031   0.0000000000   0.0000000000   0.0000000000
   0.5917883657   0.0000000000   0.0000000000   0.0000000000
   0.6062222283   0.0000000000   0.0000000000   0.0000000000
   0.6206560909   0.0000000000   0.0000000000   0.0000000000
   0.6350899535   0.0000000000   0.0000000000   0.0000000000
   0.6495238160   0.0000000000   0.0000000000   0.0000000000
   0.6639576786   0.0000000000   0.0000000000   0.0000000000
   0.6783915412   0.0000000000  -0.0000000000   0.0000000000
   0.6928254038   0.0000000000  -0.0000000000   0.0000000000
   0.7072592663  -0.0000000000  -0.0000000000  -0.0000000000
   0.7216931289  -0.0000000000  -0.0000000000  -0.0000000000
   0.7361269915  -0.0000000000  -0.0000000000  -0.0000000000
   0.7505608541  -0.0000000000  -0.0000000000  -0.0000000000
   0.7649947167  -0.0000000000  -0.0000000000  -0.0000000000
   0.7794285792  -0.0000000000  -0.0000000000  -0.0000000000
   0.7938624418  -0.0000000000  -0.0000000000  -0.0000000000
   0.8082963044  -0.0000000000  -0.0000000000  -0.0000000000
   0.8227301670  -0.0000000000  -0.0000000000  -0.0000000000
   0.8371640296  -0.0000000000  -0.0000000000  -0.0000000000
   0.8515978921  -0.0000000000  -0.0000000000  -0.0000000000
   0.8660317547  -0.0000000000  -0.0000000000  -0.0000000000
   0.8804656173  -0.0000000000  -0.0000000000  -0.0000000000
   0.8948994799  -0.0000000000  -0.0000000000  -0.0000000000
   0.9093333424  -0.0000000000   0.0000000000  -0.0000000000
   0.9237672050  -0.0000000000   0.0000000000  -0.0000000000
   0.9382010676   0.0000000000   0.0000000000   0.0000000000
   0.9526349302   0.0000000000   0.0000000000   0.0000000000
   0.9670687928   0.0000000000   0.0000000000   0.0000000000
   0.9815026553   0.0000000000   0.0000000000   0.0000000000
   0.9959365179   0.0000000000   0.0000000000   0.0000000000
   1.0103703805   0.0000000000   0.0000000000   0.0000000000
   1.0248042431   0.0000000000   0.0000000000   0.0000000000
   1.0392381056   0.0000000000   0.0000000000   0.0000000000
   1.0536719682   0.0000000000   0.0000000000   0.0000000000
   1.0681058308   0.0000000000   0.0000000000   0.0000000000
   1.0825396934   0.0000000000   0.0000000000   0.0000000000
   1.0969735560   0.0000000000   0.0000000000   0.0000000000
   1.1114074185   0.0000000000   0.0000000000   0.0000000000
   1.1258412811   0.0000000000   0.0000000000   0.0000000000
   1.1402751437   0.0000000000   0.0000000000   0.0000000000
   1.1547090063   0.0000000000   0.0000000000   0.0000000000
   1.1691428689   0.0000000000   0.0000000000   0.0000000000
   1.1835767314   0.0000000000   0.0000000000   0.0000000000
   1.1980105940   0.0000000000   0.0000000000   0.0000000000
   1.2124444566   0.0000000000   0.0000000000   0.0000000000
   1.2268783192   0.0000000000   0.0000000000   0.0000000000
   1.2413121817   0.0000000000   0.0000000000   0.0000000000
   1.2557460443   0.0000000000   0.0000000000   0.0000000000
   1.2701799069   0.0000000000   0.0000000000   0.0000000000
   1.2846137695   0.0000000000   0.0000000000   0.0000000000
   1.2990476321   0.0000000000   0.0000000000   0.0000000000
   1.3134814946   0.0000000000   0.0000000000   0.0000000000
   1.3279153572   0.0000000000   0.0000000000   0.0000000000
   1.3423492198   0.0000000000   0.0000000000   0.0000000000
   1.3567830824   0.0000000000   0.0000000000   0.0000000000
   1.3712169450   0.0000000000   0.0000000000   0.0000000000
   1.3856508075   0.0000000000   0.0000000000   0.0000000000
   1.4000846701   0.0000000000   0.0000000000   0.0000000000
   1.4145185327   0.0000000000   0.0000000000   0.0000000000
   1.4289523953   0.0000000000   0.0000000000   0.0000000000
   1.4433862578   0.0000000000   0.0000000000   0.0000000000
   1.4578201204   0.0000000000   0.0000000000   0.0000000000
   1.4722539830   0.0000000000   0.0000000000   0.0000000000
   1.4866878456   0.0000000000   0.0000000000   0.0000000000
   1.5011217082   0.0000000000   0.0000000000   0.0000000000
   1.5155555707   0.0000000000   0.0000000000   0.0000000000
   1.5299894333   0.0000000000   0.0000000000   0.0000000000
   1.5444232959   0.0000000000   0.0000000000   0.0000000000
   1.5588571585   0.0000000000   0.0000000000   0.0000000000
   1.5732910211   0.0000000000   0.0000000000   0.0000000000
   1.5877248836   0.0000000000   0.0000000000   0.0000000000
   1.6021587462   0.0000000000   0.0000000000   0.0000000000
   1.6165926088   0.0000000000   0.0000000000   0.0000000000
   1.6310264714   0.0000000000   0.0000000000   0.0000000000
   1.6454603339   0.0000000000   0.0000000000   0.0000000000
   1.6598941965   0.0000000000   0.0000000000  -0.0000000000
   1.6743280591  -0.0000000000  -0.0000000000  -0.0000000000
   1.6887619217  -0.0000000000  -0.0000000000  -0.0000000000
   1.7031957843  -0.0000000000  -0.0000000000  -0.0000000000
   1.7176296468  -0.0000000000  -0.0000000000  -0.0000000000
   1.7320635094  -0.0000000000  -0.0000000000  -0.0000000000
   1.7464973720  -0.0000000000  -0.0000000000  -0.0000000000
   1.7609312346  -0.0000000000  -0.0000000000  -0.0000000000
   1.7753650971  -0.0000000000  -0.0000000000  -0.0000000000
   1.7897989597  -0.0000000000  -0.0000000000  -0.0000000000
   1.8042328223  -0.0000000000  -0.0000000000   0.0000000000
   1.8186666849   0.0000000000   0.0000000000   0.0000000000
   1.8331005475   0.0000000000   0.0000000000   0.0000000000
   1.8475344100   0.0000000000   0.0000000000   0.0000000000
   1.8619682726   0.0000000000   0.0000000000   0.0000000000
   1.8764021352   0.0000000000   0.0000000000   0.0000000000
   1.8908359978   0.0000000000   0.0000000000   0.0000000000
   1.9052698604   0.0000000000   0.0000000000   0.0000000000
   1.9197037229   0.0000000000   0.0000000000   0.0000000000
   1.9341375855  -0.0000000000  -0.0000000000  -0.0000000000
   1.9485714481  -0.0000000000  -0.0000000000  -0.0000000000
   1.9630053107  -0.0000000000  -0.0000000000  -0.0000000000
   1.9774391732  -0.0000000000  -0.0000000000  -0.0000000000
   1.9918730358  -0.0000000000  -0.0000000000  -0.0000000000
   2.0063068984  -0.0000000000  -0.0000000000  -0.0000000000
   2.0207407610  -0.0000000000  -0.0000000000  -0.0000000000
   2.0351746236  -0.0000000000  -0.0000000000  -0.0000000000
   2.0496084861   0.0000000000   0.0000000000   0.0000000000
   2.0640423487   0.0000000000   0.0000000000   0.0000000000
   2.0784762113   0.0000000000   0.0000000000   0.0000000000
   2.0929100739   0.0000000000   0.0000000000   0.0000000000
   2.1073439365   0.0000000000   0.0000000000   0.0000000000
   2.1217777990   0.0000000000   0.0000000000   0.0000000000
   2.1362116616   0.0000000000   0.0000000000   0.0000000000
   2.1506455242   0.0000000000   0.0000000000  -0.0000000000
   2.1650793868  -0.0000000000  -0.0000000000  -0.0000000000
   2.1795132493  -0.0000000000  -0.0000000000  -0.0000000000
   2.1939471119  -0.0000000000  -0.0000000000  -0.0000000000
   2.2083809745  -0.0000000000  -0.0000000000  -0.0000000000
   2.2228148371  -0.0000000000  -0.0000000000  -0.0000000000
   2.2372486997  -0.0000000000  -0.0000000000  -0.0000000000
   2.2516825622  -0.0000000000  -0.0000000000   0.0000000000
   2.2661164248   0.0000000000   0.0000000000   0.0000000000
   2.2805502874   0.0000000000   0.0000000000   0.0000000000
   2.2949841500   0.0000000000   0.0000000000   0.0000000000
   2.3094180126   0.0000000000   0.0000000000   0.0000000000
   2.3238518751   0.0000000000   0.0000000000   0.0000000000
   2.3382857377   0.0000000000   0.0000000000   0.0000000000
   2.3527196003  -0.0000000000  -0.0000000000  -0.0000000000
   2.3671534629  -0.0000000000  -0.0000000000  -0.0000000000
   2.3815873254  -0.0000000000  -0.0000000000  -0.0000000000
   2.3960211880  -0.0000000000  -0.0000000000  -0.0000000000
   2.4104550506  -0.0000000000  -0.0000000000  -0.0000000000
   2.4248889132  -0.0000000000  -0.0000000000  -0.0000000000
   2.4393227758  -0.0000000000  -0.0000000000   0.0000000000
   2.4537566383   0.0000000000   0.0000000000   0.0000000000
   2.4681905009   0.0000000000   0.0000000000   0.0000000000
   2.4826243635   0.0000000000   0.0000000000   0.0000000000
   2.4970582261   0.0000000000   0.0000000000   0.0000000000
   2.5114920887   0.0000000000   0.0000000000   0.0000000000
   2.5259259512   0.0000000000   0.0000000000   0.0000000000
   2.5403598138  -0.0000000000  -0.0000000000  -0.0000000000
   2.5547936764  -0.0000000000  -0.0000000000  -0.0000000000
   2.5692275390  -0.0000000000  -0.0000000000  -0.0000000000
   2.5836614015  -0.0000000000  -0.0000000000  -0.0000000000
   2.5980952641  -0.0000000000  -0.0000000000  -0.0000000000
   2.6125291267   0.0000000000  -0.0000000000   0.0000000000
   2.6269629893   0.0000000000   0.0000000000   0.0000000000
   2.6413968519   0.0000000000   0.0000000000   0.0000000000
   2.6558307144   0.0000000000   0.0000000000   0.0000000000
   2.6702645770   0.0000000000   0.0000000000   0.0000000000
   2.6846984396  -0.0000000000   0.0000000000   0.0000000000
   2.6991323022  -0.0000000000  -0.0000000000  -0.0000000000
   2.7135661647  -0.0000000000  -0.0000000000  -0.0000000000
   2.7280000273  -0.0000000000  -0.0000000000  -0.0000000000
   2.7424338899  -0.0000000000  -0.0000000000  -0.0000000000
   2.7568677525  -0.0000000000  -0.0000000000  -0.0000000000
   2.7713016151   0.0000000000   0.0000000000   0.0000000000
   2.7857354776   0.0000000000   0.0000000000   0.0000000000
   2.8001693402   0.0000000000   0.0000000000   0.0000000000
   2.8146032028   0.0000000000   0.0000000000   0.0000000000
   2.8290370654   0.0000000000   0.0000000000   0.0000000000
   2.8434709280   0.0000000000   0.0000000000   0.0000000000
   2.8579047905   0.0000000000   0.0000000000  -0.0000000000
   2.8723386531  -0.0000000000  -0.0000000000  -0.0000000000
   2.8867725157  -0.0000000000  -0.0000000000  -0.0000000000
   2.9012063783  -0.0000000000  -0.0000000000  -0.0000000000
   2.9156402408  -0.0000000000  -0.0000000000  -0.0000000000
   2.9300741034  -0.0000000000  -0.0000000000  -0.0000000000
   2.9445079660  -0.0000000000  -0.0000000000  -0.0000000000
   2.9589418286   0.0000000000  -0.0000000000   0.0000000000
   2.9733756912   0.0000000000   0.0000000000   0.0000000000
   2.9878095537   0.0000000000   0.0000000000   0.0000000000
   3.0022434163   0.0000000000   0.0000000000   0.0000000000
   3.0166772789   0.0000000001   0.0000000000   0.0000000000
   3.0311111415   0.0000000000   0.0000000000   0.0000000000
   3.0455450041   0.0000000000   0.0000000000   0.0000000000
   3.0599788666  -0.0000000000  -0.0000000000  -0.0000000000
   3.0744127292  -0.0000000001  -0.0000000000  -0.0000000001
   3.0888465918  -0.0000000001  -0.0000000001  -0.0000000001
   3.1032804544  -0.0000000001  -0.0000000001  -0.0000000001
   3.1177143169  -0.0000000001  -0.0000000001  -0.0000000001
   3.1321481795  -0.0000000001  -0.0000000001  -0.0000000001
   3.1465820421  -0.0000000000  -0.0000000000   0.0000000000
   3.1610159047   0.0000000001   0.0000000000   0.0000000001
   3.1754497673   0.0000000002   0.0000000001   0.0000000002
   3.1898836298   0.0000000003   0.0000000002   0.0000000002
   3.2043174924   0.0000000004   0.0000000002   0.0000000002
   3.2187513550   0.0000000003   0.0000000002   0.0000000001
   3.2331852176   0.0000000001   0.0000000001  -0.0000000000
   3.2476190802  -0.0000000001  -0.0000000000  -0.0000000002
   3.2620529427  -0.0000000004  -0.0000000001  -0.0000000003
   3.2764868053  -0.0000000005  -0.0000000002  -0.0000000004
   3.2909206679  -0.0000000005  -0.0000000003  -0.0000000003
   3.3053545305  -0.0000000003  -0.0000000002  -0.0000000000
   3.3197883930   0.0000000001  -0.0000000001   0.0000000003
   3.3342222556   0.0000000006   0.0000000001   0.0000000007
   3.3486561182   0.0000000010   0.0000000003   0.0000000010
   3.3630899808   0.0000000012   0.0000000004   0.0000000012
   3.3775238434   0.0000000011   0.0000000004   0.0000000011
   3.3919577059   0.0000000006   0.0000000003   0.0000000009
   3.4063915685  -0.0000000002   0.0000000002   0.0000000005
   3.4208254311  -0.0000000011   0.0000000000   0.0000000001
   3.4352592937  -0.0000000020  -0.0000000001  -0.0000000003
   3.4496931563  -0.0000000025  -0.0000000002  -0.0000000006
   3.4641270188  -0.0000000025  -0.0000000002  -0.0000000012
   3.4785608814  -0.0000000021  -0.0000000003  -0.0000000020
   3.4929947440  -0.0000000013  -0.0000000006  -0.0000000034
   3.5074286066  -0.0000000005  -0.0000000013  -0.0000000053
   3.5218624691   0.0000000001  -0.0000000023  -0.0000000072
   3.5362963317   0.0000000004  -0.0000000033  -0.0000000086
   3.5507301943   0.0000000005  -0.0000000040  -0.0000000085
   3.5651640569   0.0000000007  -0.0000000039  -0.0000000060
   3.5795979195   0.0000000012  -0.0000000024  -0.0000000008
   3.5940317820   0.0000000025   0.0000000006   0.0000000070
   3.6084656446   0.0000000046   0.0000000049   0.0000000162
   3.6228995072   0.0000000071   0.0000000098   0.0000000250
   3.6373333698   0.0000000090   0.0000000143   0.0000000310
   3.6517672323   0.0000000091   0.0000000168   0.0000000319
   3.6662010949   0.0000000061   0.0000000164   0.0000000265
   3.6806349575  -0.0000000007   0.0000000123   0.0000000146
   3.6950688201  -0.0000000106   0.0000000045  -0.0000000024
   3.7095026827  -0.0000000216  -0.0000000060  -0.0000000222
   3.7239365452  -0.0000000295  -0.0000000180  -0.0000000417
   3.7383704078  -0.0000000285  -0.0000000300  -0.0000000588
   3.7528042704  -0.0000000128  -0.0000000410  -0.0000000722
   3.7672381330   0.0000000211  -0.0000000499  -0.0000000815
   3.7816719956   0.0000000708  -0.0000000558  -0.0000000856
   3.7961058581   0.0000001226  -0.0000000555  -0.0000000802
   3.8105397207   0.0000001463  -0.0000000422  -0.0000000534
   3.8249735833   0.0000000905  -0.0000000022   0.0000000191
   3.8394074459  -0.0000001197   0.0000000875   0.0000001775
   3.8538413084  -0.0000005807   0.0000002608   0.0000004802
   3.8682751710  -0.0000014013   0.0000005613   0.0000010004
   3.8827090336  -0.0000026860   0.0000010373   0.0000018172
   3.8971428962  -0.0000045105   0.0000017334   0.0000029984
   3.9115767588  -0.0000068917   0.0000026756   0.0000045774
   3.9260106213  -0.0000097558   0.0000038553   0.0000065251
   3.9404444839  -0.0000129129   0.0000052120   0.0000087247
   3.9548783465  -0.0000160463   0.0000066208   0.0000109556
   3.9693122091  -0.0000187241   0.0000078899   0.0000128958
   3.9837460717  -0.0000204404   0.0000087736   0.0000141511
   3.9981799342  -0.0000206865   0.0000090027   0.0000143117
   4.0126137968  -0.0000190472   0.0000083328   0.0000130334
   4.0270476594  -0.0000153066   0.0000066039   0.0000101303
   4.0414815220  -0.0000095424   0.0000037997   0.0000056578
   4.0559153845  -0.0000021826   0.0000000916  -0.0000000379
   4.0703492471   0.0000060008  -0.0000041490  -0.0000063262
   4.0847831097   0.0000139750  -0.0000083815  -0.0000123680
   4.0992169723   0.0000206084  -0.0000119753  -0.0000172575
   4.1136508349   0.0000248876  -0.0000143276  -0.0000202083
   4.1280846974   0.0000261482  -0.0000149991  -0.0000207443
   4.1425185600   0.0000242627  -0.0000138354  -0.0000188443
   4.1569524226   0.0000197264  -0.0000110397  -0.0000149947
   4.1713862852   0.0000135994  -0.0000071659  -0.0000101167
   4.1858201478   0.0000072923  -0.0000030201  -0.0000053695
   4.2002540103   0.0000022311   0.0000005189  -0.0000018618
   4.2146878729  -0.0000005269   0.0000027247  -0.0000003419
   4.2291217355  -0.0000006197   0.0000032353  -0.0000009512
   4.2435555981   0.0000014551   0.0000021892  -0.0000031248
   4.2579894606   0.0000044141   0.0000002309  -0.0000056921
   4.2724233232   0.0000065134  -0.0000016363  -0.0000071766
   4.2868571858   0.0000060631  -0.0000023319  -0.0000062343
   4.3012910484   0.0000019990  -0.0000010472  -0.0000021160
   4.3157249110  -0.0000056628   0.0000024359   0.0000049864
   4.3301587735  -0.0000156473   0.0000075641   0.0000138378
   4.3445926361  -0.0000256167   0.0000130498   0.0000223691
   4.3590264987  -0.0000327300   0.0000171531   0.0000281798
   4.3734603613  -0.0000344393   0.0000181596   0.0000292182
   4.3878942239  -0.0000293026   0.0000149320   0.0000244495
   4.4023280864  -0.0000175637   0.0000073756   0.0000142984
   4.4167619490  -0.0000012953  -0.0000033452   0.0000006971
   4.4311958116   0.0000159776  -0.0000149414  -0.0000133295
   4.4456296742   0.0000301037  -0.0000244915  -0.0000244664
   4.4600635367   0.0000373678  -0.0000291868  -0.0000300889
   4.4744973993   0.0000354977  -0.0000271346  -0.0000291190
   4.4889312619   0.0000243384  -0.0000179914  -0.0000224525
   4.5033651245   0.0000060236  -0.0000032329  -0.0000127441
   4.5177989871  -0.0000153675   0.0000140278  -0.0000035122
   4.5322328496  -0.0000345344   0.0000296353   0.0000022480
   4.5466667122  -0.0000458493   0.0000392407   0.0000035454
   4.5611005748  -0.0000442457   0.0000391925   0.0000024295
   4.5755344374  -0.0000260536   0.0000272877   0.0000040329
   4.5899682999   0.0000101147   0.0000033030   0.0000152221
   4.6044021625   0.0000622369  -0.0000306485   0.0000417726
   4.6188360251   0.0001233961  -0.0000698045   0.0000844326
   4.6332698877   0.0001800958  -0.0001063820   0.0001347368
   4.6477037503   0.0002109357  -0.0001291964   0.0001718629
   4.6621376128   0.0001866041  -0.0001235619   0.0001620283
   4.6765714754   0.0000723058  -0.0000719944   0.0000617628
   4.6910053380  -0.0001665284   0.0000436935  -0.0001742546
   4.7054392006  -0.0005551998   0.0002385177  -0.0005812309
   4.7198730632  -0.0010985529   0.0005188156  -0.0011700370
   4.7343069257  -0.0017701892   0.0008760211  -0.0019140174
   4.7487407883  -0.0025056480   0.0012814320  -0.0027410289
   4.7631746509  -0.0032032657   0.0016841698  -0.0035348310
   4.7776085135  -0.0037353334   0.0020144142  -0.0041485354
   4.7920423760  -0.0039698150   0.0021930658  -0.0044300909
   4.8064762386  -0.0037996723   0.0021473231  -0.0042561879
   4.8209101012  -0.0031736359   0.0018295886  -0.0035674486
   4.8353439638  -0.0021201439   0.0012352656  -0.0023955031
   4.8497778264  -0.0007561560   0.0004140717  -0.0008726423
   4.8642116889   0.0007248292  -0.0005299475   0.0007822326
   4.8786455515   0.0020862311  -0.0014522804   0.0023019639
   4.8930794141   0.0030977489  -0.0021946772   0.0034273267
   4.9075132767   0.0035893710  -0.0026197134   0.0039681755
   4.9219471393   0.0034956233  -0.0026449184   0.0038531634
   4.9363810018   0.0028765173  -0.0022669787   0.0031527313
   4.9508148644   0.0019069175  -0.0015680609   0.0020661516
   4.9652487270   0.0008346304  -0.0007005510   0.0008732440
   4.9796825896  -0.0000829791   0.0001475222  -0.0001377888
   4.9941164521  -0.0006466378   0.0007981416  -0.0007466430
   5.0085503147  -0.0007673167   0.0011277858  -0.0008588450
   5.0229841773  -0.0004867522   0.0010979822  -0.0005272685
   5.0374180399   0.0000406178   0.0007626597   0.0000701389
   5.0518519025   0.0005992021   0.0002497216   0.0006899961
   5.0662857650   0.0009812053  -0.0002778649   0.0011017091
   5.0807196276   0.0010508500  -0.0006696584   0.0011589833
   5.0951534902   0.0007830535  -0.0008293689   0.0008413137
   5.1095873528   0.0002642764  -0.0007378226   0.0002522746
   5.1240212154  -0.0003437324  -0.0004507961  -0.0004236016
   5.1384550779  -0.0008636547  -0.0000736944  -0.0009890804
   5.1528889405  -0.0011640477   0.0002772440  -0.0013026558
   5.1673228031  -0.0012005884   0.0005133102  -0.0013226716
   5.1817566657  -0.0010231013   0.0005981575  -0.0011121964
   5.1961905282  -0.0007474413   0.0005515132  -0.0008047872
   5.2106243908  -0.0005045777   0.0004322918  -0.0005460769
   5.2250582534  -0.0003875493   0.0003092451  -0.0004348994
   5.2394921160  -0.0004170736   0.0002314978  -0.0004870058
   5.2539259786  -0.0005385176   0.0002105645  -0.0006346706
   5.2683598411  -0.0006499733   0.0002201662  -0.0007606540
   5.2827937037  -0.0006486414   0.0002125829  -0.0007511647
   5.2972275663  -0.0004757260   0.0001435494  -0.0005452877
   5.3116614289  -0.0001413785  -0.0000054532  -0.0001606358
   5.3260952914   0.0002798234  -0.0002170293   0.0003144029
   5.3405291540   0.0006797341  -0.0004437667   0.0007571651
   5.3549630166   0.0009598059  -0.0006271062   0.0010594786
   5.3693968792   0.0010679804  -0.0007206427   0.0011678073
   5.3838307418   0.0010142769  -0.0007077578   0.0010985516
   5.3982646043   0.0008599226  -0.0006063609   0.0009237160
   5.4126984669   0.0006865294  -0.0004594128   0.0007351266
   5.4271323295   0.0005600768  -0.0003161239   0.0006041710
   5.4415661921   0.0005057850  -0.0002124931   0.0005549083
   5.4560000547   0.0005040498  -0.0001596000   0.0005613065
   5.4704339172   0.0005074341  -0.0001440587   0.0005678241
   5.4848677798   0.0004690968  -0.0001392784   0.0005219794
   5.4993016424   0.0003683717  -0.0001213441   0.0004027327
   5.5137355050   0.0002214363  -0.0000816370   0.0002314086
   5.5281693675   0.0000727871  -0.0000303827   0.0000608438
   5.5426032301  -0.0000273383   0.0000099777  -0.0000509803
   5.5570370927  -0.0000479156   0.0000177004  -0.0000694008
   5.5714709553   0.0000078565  -0.0000158493   0.0000002684
   5.5859048179   0.0001044922  -0.0000805582   0.0001156081
   5.6003386804   0.0001916007  -0.0001514173   0.0002175587
   5.6147725430   0.0002277742  -0.0001998241   0.0002581398
   5.6292064056   0.0001992124  -0.0002066767   0.0002219337
   5.6436402682   0.0001243179  -0.0001708604   0.0001312812
   5.6580741308   0.0000426447  -0.0001091272   0.0000333114
   5.6725079933  -0.0000057540  -0.0000476566  -0.0000242686
   5.6869418559  -0.0000001163  -0.0000095981  -0.0000165265
   5.7013757185   0.0000516990  -0.0000046978   0.0000474456
   5.7158095811   0.0001184233  -0.0000258774   0.0001303637
   5.7302434436   0.0001619268  -0.0000540826   0.0001861821
   5.7446773062   0.0001564866  -0.0000686511   0.0001831489
   5.7591111688   0.0001011914  -0.0000578776   0.0001191068
   5.7735450314   0.0000196758  -0.0000245866   0.0000218286
   5.7879788940  -0.0000521670   0.0000158154  -0.0000652737
   5.8024127565  -0.0000839852   0.0000435355  -0.0001046054
   5.8168466191  -0.0000653582   0.0000445396  -0.0000823109
   5.8312804817  -0.0000099127   0.0000175545  -0.0000140537
   5.8457143443   0.0000523742  -0.0000254291   0.0000637280
   5.8601482069   0.0000903989  -0.0000651865   0.0001122997
   5.8745820694   0.0000869344  -0.0000846427   0.0001094683
   5.8890159320   0.0000461450  -0.0000769048   0.0000595697
   5.9034497946  -0.0000096547  -0.0000480732  -0.0000099418
   5.9178836572  -0.0000518770  -0.0000136634  -0.0000631213
   5.9323175197  -0.0000599644   0.0000093633  -0.0000737729
   5.9467513823  -0.0000310404   0.0000108970  -0.0000381875
   5.9611852449   0.0000195502  -0.0000077547   0.0000237126
   5.9756191075   0.0000666222  -0.0000351036   0.0000790016
   5.9900529701   0.0000879282  -0.0000556706   0.0000985161
   6.0044868326   0.0000748846  -0.0000578896   0.0000712783
   6.0189206952   0.0000360954  -0.0000397700   0.0000095084
   6.0333545578  -0.0000077347  -0.0000096161  -0.0000579738
   6.0477884204  -0.0000346402   0.0000183744  -0.0001003516
   6.0622222830  -0.0000324265   0.0000312813  -0.0000999478
   6.0766561455  -0.0000044470   0.0000237652  -0.0000603638
   6.0910900081   0.0000325629   0.0000004106  -0.0000037684
   6.1055238707   0.0000572941  -0.0000269365   0.0000410110
   6.1199577333   0.0000547785  -0.0000453676   0.0000533839
   6.1343915958   0.0000239416  -0.0000474591   0.0000312991
   6.1488254584  -0.0000219109  -0.0000348705  -0.0000081778
   6.1632593210  -0.0000618178  -0.0000172310  -0.0000381629
   6.1776931836  -0.0000776721  -0.0000069388  -0.0000362932
   6.1921270462  -0.0000632407  -0.0000125438   0.0000032310
   6.2065609087  -0.0000271968  -0.0000340785   0.0000660302
   6.2209947713   0.0000113351  -0.0000627154   0.0001241971
   6.2354286339   0.0000324826  -0.0000849501   0.0001498740
   6.2498624965   0.0000257136  -0.0000892363   0.0001289359
   6.2642963590  -0.0000047605  -0.0000717613   0.0000679260
   6.2787302216  -0.0000420110  -0.0000384650  -0.0000091914
   6.2931640842  -0.0000648746  -0.0000022739  -0.0000727717
   6.3075979468  -0.0000586700   0.0000230911  -0.0001017809
   6.3220318094  -0.0000227732   0.0000296568  -0.0000934616
   6.3364656719   0.0000287761   0.0000188330  -0.0000635967
   6.3508995345   0.0000739755   0.0000003383  -0.0000373865
   6.3653333971   0.0000935285  -0.0000130281  -0.0000357162
   6.3797672597   0.0000801360  -0.0000121209  -0.0000638876
   6.3942011223   0.0000417663   0.0000037113  -0.0001085806
   6.4086349848  -0.0000026834   0.0000261340  -0.0001445673
   6.4230688474  -0.0000330559   0.0000419422  -0.0001477143
   6.4375027100  -0.0000379709   0.0000397279  -0.0001076146
   6.4519365726  -0.0000201298   0.0000157620  -0.0000334197
   6.4663704351   0.0000057322  -0.0000238437   0.0000500599
   6.4808042977   0.0000210605  -0.0000657556   0.0001139567
   6.4952381603   0.0000135217  -0.0000954956   0.0001387539
   6.5096720229  -0.0000163569  -0.0001039601   0.0001227860
   6.5241058855  -0.0000553440  -0.0000912031   0.0000817271
   6.5385397480  -0.0000842989  -0.0000657429   0.0000396138
   6.5529736106  -0.0000880176  -0.0000399093   0.0000162211
   6.5674074732  -0.0000630283  -0.0000236959   0.0000173299
   6.5818413358  -0.0000193706  -0.0000202234   0.0000327645
   6.5962751984   0.0000244478  -0.0000249856   0.0000429609
   6.6107090609   0.0000506245  -0.0000290560   0.0000304191
   6.6251429235   0.0000506368  -0.0000244242  -0.0000100398
   6.6395767861   0.0000289245  -0.0000086247  -0.0000675503
   6.6540106487  -0.0000000025   0.0000137052  -0.0001198961
   6.6684445112  -0.0000193403   0.0000330550  -0.0001441713
   6.6828783738  -0.0000185617   0.0000398194  -0.0001279689
   6.6973122364   0.0000015476   0.0000291370  -0.0000755012
   6.7117460990   0.0000297615   0.0000033567  -0.0000057094
   6.7261799616   0.0000505148  -0.0000290283   0.0000565272
   6.7406138241   0.0000519720  -0.0000573323   0.0000916174
   6.7550476867   0.0000319727  -0.0000734657   0.0000934316
   6.7694815493  -0.0000009993  -0.0000751944   0.0000706660
   6.7839154119  -0.0000320979  -0.0000663824   0.0000411402
   6.7983492745  -0.0000473399  -0.0000543051   0.0000222252
   6.8127831370  -0.0000401609  -0.0000455729   0.0000223093
   6.8272169996  -0.0000142017  -0.0000428148   0.0000374158
   6.8416508622   0.0000187976  -0.0000437736   0.0000543180
   6.8560847248   0.0000447294  -0.0000431544   0.0000582143
   6.8705185873   0.0000535721  -0.0000361373   0.0000408727
   6.8849524499   0.0000435120  -0.0000216373   0.0000051249
   6.8993863125   0.0000209730  -0.0000035502  -0.0000364106
   6.9138201751  -0.0000031690   0.0000107221  -0.0000675503
   6.9282540377  -0.0000191392   0.0000137846  -0.0000764813
   6.9426879002  -0.0000228438   0.0000020729  -0.0000614556
   6.9571217628  -0.0000173624  -0.0000219271  -0.0000315231
   6.9715556254  -0.0000108237  -0.0000502264  -0.0000020888
   6.9859894880  -0.0000118741  -0.0000724898   0.0000124140
   7.0004233506  -0.0000250337  -0.0000803954   0.0000051422
   7.0148572131  -0.0000481949  -0.0000712036  -0.0000203652
   7.0292910757  -0.0000734222  -0.0000488967  -0.0000523807
   7.0437249383  -0.0000906080  -0.0000223688  -0.0000768995
   7.0581588009  -0.0000921988  -0.0000015059  -0.0000842727
   7.0725926634  -0.0000767324   0.0000070471  -0.0000733614
   7.0870265260  -0.0000495364   0.0000025199  -0.0000513446
   7.1014603886  -0.0000202998  -0.0000100912  -0.0000295068
   7.1158942512   0.0000012886  -0.0000227256  -0.0000172748
   7.1303281138   0.0000097648  -0.0000282179  -0.0000175359
   7.1447619763   0.0000060148  -0.0000236352  -0.0000255185
   7.1591958389  -0.0000036175  -0.0000114656  -0.0000316665
   7.1736297015  -0.0000107065   0.0000018115  -0.0000269355
   7.1880635641  -0.0000089132   0.0000089955  -0.0000077739
   7.2024974266   0.0000030615   0.0000056599   0.0000217174
   7.2169312892   0.0000210892  -0.0000077825   0.0000514837
   7.2313651518   0.0000378497  -0.0000263613   0.0000701647
   7.2457990144   0.0000464828  -0.0000429410   0.0000703428
   7.2602328770   0.0000438154  -0.0000515094   0.0000518145
   7.2746667395   0.0000316210  -0.0000497832   0.0000213659
   7.2891006021   0.0000154103  -0.0000399657  -0.0000106866
   7.3035344647   0.0000014954  -0.0000274276  -0.0000353455
   7.3179683273  -0.0000061089  -0.0000180773  -0.0000487218
   7.3324021899  -0.0000073764  -0.0000157498  -0.0000529626
   7.3468360524  -0.0000057654  -0.0000208371  -0.0000540388
   7.3612699150  -0.0000058731  -0.0000306933  -0.0000577210
   7.3757037776  -0.0000105307  -0.0000414498  -0.0000659391
   7.3901376402  -0.0000188743  -0.0000502138  -0.0000754438
   7.4045715027  -0.0000264028  -0.0000565071  -0.0000794369
   7.4190053653  -0.0000270186  -0.0000622593  -0.0000712833
   7.4334392279  -0.0000160551  -0.0000704433  -0.0000483519
   7.4478730905   0.0000071898  -0.0000831323  -0.0000139824
   7.4623069531   0.0000386466  -0.0001000309   0.0000234563
   7.4767408156   0.0000707906  -0.0001182592   0.0000539817
   7.4911746782   0.0000954668  -0.0001335142   0.0000702194
   7.5056085408   0.0001069204  -0.0001420233   0.0000703869
   7.5200424034   0.0001036722  -0.0001423117   0.0000586335
   7.5344762660   0.0000884694  -0.0001359059   0.0000426466
   7.5489101285   0.0000664690  -0.0001266337   0.0000297679
   7.5633439911   0.0000426286  -0.0001188757   0.0000235446
   7.5777778537   0.0000196010  -0.0001156263   0.0000223718
   7.5922117163  -0.0000028865  -0.0001172862   0.0000208044
   7.6066455788  -0.0000269595  -0.0001217278   0.0000127923
   7.6210794414  -0.0000544729  -0.0001255384  -0.0000048234
   7.6355133040  -0.0000849875  -0.0001257878  -0.0000302974
   7.6499471666  -0.0001149324  -0.0001214459  -0.0000574137
   7.6643810292  -0.0001384379  -0.0001137918  -0.0000781070
   7.6788148917  -0.0001494891  -0.0001056734  -0.0000859518
   7.6932487543  -0.0001443916  -0.0001000472  -0.0000788174
   7.7076826169  -0.0001233806  -0.0000985569  -0.0000594518
   7.7221164795  -0.0000906074  -0.0001008578  -0.0000338101
   7.7365503421  -0.0000525160  -0.0001049989  -0.0000080589
   7.7509842046  -0.0000153830  -0.0001086304   0.0000141946
   7.7654180672   0.0000168224  -0.0001103964   0.0000330643
   7.7798519298   0.0000432875  -0.0001107849   0.0000514109
   7.7942857924   0.0000655913  -0.0001119863   0.0000723030
   7.8087196549   0.0000858046  -0.0001168162   0.0000962856
   7.8231535175   0.0001044814  -0.0001272288   0.0001199239
   7.8375873801   0.0001196040  -0.0001431594   0.0001364508
   7.8520212427   0.0001270573  -0.0001622750   0.0001382910
   7.8664551053   0.0001224418  -0.0001807766   0.0001202958
   7.8808889678   0.0001033666  -0.0001948896   0.0000821633
   7.8953228304   0.0000711224  -0.0002023635   0.0000289120
   7.9097566930   0.0000309158  -0.0002033198  -0.0000307902
   7.9241905556  -0.0000094850  -0.0002001105  -0.0000876254
   7.9386244181  -0.0000421353  -0.0001963210  -0.0001345449
   7.9530582807  -0.0000613376  -0.0001954210  -0.0001683117
   7.9674921433  -0.0000651677  -0.0001996788  -0.0001890968
   7.9819260059  -0.0000556284  -0.0002097679  -0.0001985362
