   0.0000000000   0.0000000000   0.0000000000   0.0000000000
   0.0144338626   0.0000000000   0.0000000000   0.0000000000
   0.0288677252   0.0000000000   0.0000000000   0.0000000000
   0.0433015877  -0.0000000000   0.0000000000  -0.0000000000
   0.0577354503  -0.0000000000   0.0000000000  -0.0000000000
   0.0721693129   0.0000000000  -0.0000000000   0.0000000000
   0.0866031755   0.0000000000  -0.0000000000   0.0000000000
   0.1010370380   0.0000000000  -0.0000000000   0.0000000000
   0.1154709006   0.0000000000  -0.0000000000   0.0000000000
   0.1299047632   0.0000000000  -0.0000000000   0.0000000000
   0.1443386258   0.0000000000   0.0000000000   0.0000000000
   0.1587724884  -0.0000000000   0.0000000000  -0.0000000000
   0.1732063509  -0.0000000000   0.0000000000  -0.0000000000
   0.1876402135  -0.0000000000   0.0000000000  -0.0000000000
   0.2020740761   0.0000000000   0.0000000000  -0.0000000000
   0.2165079387   0.0000000000  -0.0000000000   0.0000000000
   0.2309418013   0.0000000000  -0.0000000000   0.0000000000
   0.2453756638   0.0000000001  -0.0000000000   0.0000000000
   0.2598095264   0.0000000001  -0.0000000000   0.0000000001
   0.2742433890   0.0000000001   0.0000000001   0.0000000001
   0.2886772516  -0.0000000001   0.0000000003  -0.0000000001
   0.3031111141  -0.0000000006   0.0000000009  -0.0000000008
   0.3175449767  -0.0000000015   0.0000000017  -0.0000000020
   0.3319788393  -0.0000000022   0.0000000019  -0.0000000028
   0.3464127019  -0.0000000015  -0.0000000000  -0.0000000010
   0.3608465645   0.0000000025  -0.0000000057   0.0000000064
   0.3752804270   0.0000000105  -0.0000000153   0.0000000206
   0.3897142896   0.0000000198  -0.0000000243   0.0000000364
   0.4041481522   0.0000000220  -0.0000000217   0.0000000372
   0.4185820148   0.0000000044   0.0000000080  -0.0000000032
   0.4330158774  -0.0000000429   0.0000000762  -0.0000001063
   0.4474497399  -0.0000001154   0.0000001767  -0.0000002621
   0.4618836025  -0.0000001842   0.0000002736  -0.0000004025
   0.4763174651  -0.0000001967   0.0000003011  -0.0000004000
   0.4907513277  -0.0000000957   0.0000001836  -0.0000001177
   0.5051851902   0.0000001455  -0.0000001251   0.0000004886
   0.5196190528   0.0000004870  -0.0000005957   0.0000012629
   0.5340529154   0.0000008046  -0.0000010927   0.0000018223
   0.5484867780   0.0000009091  -0.0000013783   0.0000016992
   0.5629206406   0.0000006040  -0.0000011638   0.0000006551
   0.5773545031  -0.0000002274  -0.0000002071  -0.0000009680
   0.5917883657  -0.0000015204   0.0000015469  -0.0000021323
   0.6062222283  -0.0000029375   0.0000038058  -0.0000015043
   0.6206560909  -0.0000038236   0.0000057904   0.0000015535
   0.6350899535  -0.0000032762   0.0000062087   0.0000057279
   0.6495238160  -0.0000004130   0.0000034759   0.0000070170
   0.6639576786   0.0000051145  -0.0000036920  -0.0000005037
   0.6783915412   0.0000124388  -0.0000152962  -0.0000217394
   0.6928254038   0.0000188947  -0.0000288981  -0.0000557359
   0.7072592663   0.0000199817  -0.0000387925  -0.0000906144
   0.7216931289   0.0000103458  -0.0000362352  -0.0001012292
   0.7361269915  -0.0000139793  -0.0000114111  -0.0000528878
   0.7505608541  -0.0000523581   0.0000425817   0.0000866821
   0.7649947167  -0.0000963461   0.0001242477   0.0003278058
   0.7794285792  -0.0001280866   0.0002181981   0.0006364154
   0.7938624418  -0.0001220667   0.0002919074   0.0009169360
   0.8082963044  -0.0000513980   0.0002971433   0.0010102166
   0.8227301670   0.0001016534   0.0001776845   0.0007140745
   0.8371640296   0.0003331353  -0.0001168198  -0.0001720010
   0.8515978921   0.0006069103  -0.0006133319  -0.0017850201
   0.8660317547   0.0008509373  -0.0012988514  -0.0041349551
   0.8804656173   0.0009640587  -0.0021104277  -0.0070597778
   0.8948994799   0.0008342461  -0.0029366805  -0.0102181260
   0.9093333424   0.0003654860  -0.0036331665  -0.0131305601
   0.9237672050  -0.0004930063  -0.0040500312  -0.0152670763
   0.9382010676  -0.0017234945  -0.0040663051  -0.0161637735
   0.9526349302  -0.0032301698  -0.0036222802  -0.0155400742
   0.9670687928  -0.0048482653  -0.0027407608  -0.0133839049
   0.9815026553  -0.0063720015  -0.0015301215  -0.0099779502
   0.9959365179  -0.0075960528  -0.0001666512  -0.0058547340
   1.0103703805  -0.0083605674   0.0011405943  -0.0016879743
   1.0248042431  -0.0085875722   0.0021940011   0.0018535136
   1.0392381056  -0.0082980757   0.0028492947   0.0042512937
   1.0536719682  -0.0076044410   0.0030441576   0.0052434866
   1.0681058308  -0.0066801870   0.0028063530   0.0048641379
   1.0825396934  -0.0057165513   0.0022400750   0.0034077550
   1.0969735560  -0.0048790285   0.0014954227   0.0013325106
   1.1114074185  -0.0042761513   0.0007303056  -0.0008677260
   1.1258412811  -0.0039476428   0.0000754107  -0.0027855986
   1.1402751437  -0.0038722218  -0.0003890899  -0.0041843883
   1.1547090063  -0.0039896578  -0.0006407005  -0.0050254534
   1.1691428689  -0.0042288689  -0.0007062914  -0.0054382814
   1.1835767314  -0.0045339143  -0.0006431470  -0.0056487949
   1.1980105940  -0.0048814763  -0.0005164026  -0.0058916689
   1.2124444566  -0.0052857606  -0.0003797727  -0.0063339516
   1.2268783192  -0.0057894041  -0.0002643794  -0.0070306216
   1.2413121817  -0.0064422333  -0.0001773090  -0.0079205895
   1.2557460443  -0.0072733954  -0.0001082781  -0.0088582345
   1.2701799069  -0.0082652849  -0.0000404726  -0.0096651505
   1.2846137695  -0.0093380009   0.0000391286  -0.0101824977
   1.2990476321  -0.0103498132   0.0001336847  -0.0103071406
   1.3134814946  -0.0111132630   0.0002362135  -0.0100030320
   1.3279153572  -0.0114209070   0.0003341009  -0.0092895454
   1.3423492198  -0.0110723921   0.0004155615  -0.0082166278
   1.3567830824  -0.0098967196   0.0004747966  -0.0068397797
   1.3712169450  -0.0077685695   0.0005136288  -0.0052053475
   1.3856508075  -0.0046218823   0.0005392830  -0.0033501996
   1.4000846701  -0.0004644665   0.0005597623  -0.0013127870
   1.4145185327   0.0046061954   0.0005791567   0.0008520877
   1.4289523953   0.0103909739   0.0005949776   0.0030631771
   1.4433862578   0.0165889728   0.0005985282   0.0052128909
   1.4578201204   0.0228155629   0.0005780442   0.0071784783
   1.4722539830   0.0286389623   0.0005233931   0.0088408958
   1.4866878456   0.0336287973   0.0004307632   0.0101054867
   1.5011217082   0.0374057386   0.0003059143   0.0109183415
   1.5155555707   0.0396815637   0.0001649933   0.0112737258
   1.5299894333   0.0402831681   0.0000324507   0.0112105236
   1.5444232959   0.0391595862  -0.0000638141   0.0107985578
   1.5588571585   0.0363753802  -0.0000992884   0.0101183918
   1.5732910211   0.0320955277  -0.0000601715   0.0092402866
   1.5877248836   0.0265665454   0.0000508740   0.0082087886
   1.6021587462   0.0200972248   0.0002127316   0.0070384077
   1.6165926088   0.0130409769   0.0003891780   0.0057228189
   1.6310264714   0.0057805624   0.0005377035   0.0042555121
   1.6454603339  -0.0012854238   0.0006219801   0.0026551598
   1.6598941965  -0.0077567202   0.0006243454   0.0009859810
   1.6743280591  -0.0132501813   0.0005538750  -0.0006363624
   1.6887619217  -0.0174272317   0.0004464287  -0.0020587454
   1.7031957843  -0.0200314904   0.0003554772  -0.0031229788
   1.7176296468  -0.0209327187   0.0003358099  -0.0037078535
   1.7320635094  -0.0201666977   0.0004251341  -0.0037672206
   1.7464973720  -0.0179559662   0.0006298539  -0.0033503847
   1.7609312346  -0.0146968745   0.0009202925  -0.0025962167
   1.7753650971  -0.0109059099   0.0012375310  -0.0017011193
   1.7897989597  -0.0071314020   0.0015099985  -0.0008700920
   1.8042328223  -0.0038509058   0.0016744848  -0.0002661199
   1.8186666849  -0.0013833983   0.0016946904   0.0000263657
   1.8331005475   0.0001562601   0.0015713238   0.0000132822
   1.8475344100   0.0008463317   0.0013407133  -0.0002241105
   1.8619682726   0.0008965839   0.0010627650  -0.0005642168
   1.8764021352   0.0005606176   0.0008024885  -0.0008873909
   1.8908359978   0.0000552944   0.0006111358  -0.0011115575
   1.9052698604  -0.0004852090   0.0005128072  -0.0012106587
   1.9197037229  -0.0010103162   0.0005003822  -0.0012119017
   1.9341375855  -0.0015187569   0.0005415428  -0.0011749813
   1.9485714481  -0.0020125301   0.0005924179  -0.0011621333
   1.9630053107  -0.0024638084   0.0006139559  -0.0012104152
   1.9774391732  -0.0028091213   0.0005853095  -0.0013163335
   1.9918730358  -0.0029697878   0.0005096372  -0.0014382003
   2.0063068984  -0.0028853365   0.0004105284  -0.0015148700
   2.0207407610  -0.0025427631   0.0003207927  -0.0014930984
   2.0351746236  -0.0019889936   0.0002682856  -0.0013521793
   2.0496084861  -0.0013227737   0.0002645318  -0.0011154414
   2.0640423487  -0.0006703715   0.0003006396  -0.0008435283
   2.0784762113  -0.0001538660   0.0003518768  -0.0006120759
   2.0929100739   0.0001387437   0.0003886218  -0.0004831044
   2.1073439365   0.0001742352   0.0003888227  -0.0004821206
   2.1217777990  -0.0000191073   0.0003466742  -0.0005903053
   2.1362116616  -0.0003605658   0.0002740833  -0.0007544576
   2.1506455242  -0.0007401270   0.0001947373  -0.0009096880
   2.1650793868  -0.0010498131   0.0001337271  -0.0010047103
   2.1795132493  -0.0012138865   0.0001073687  -0.0010191551
   2.1939471119  -0.0012078558   0.0001174520  -0.0009665385
   2.2083809745  -0.0010594768   0.0001519526  -0.0008831594
   2.2228148371  -0.0008316479   0.0001913447  -0.0008091356
   2.2372486997  -0.0005945251   0.0002173599  -0.0007704900
   2.2516825622  -0.0003987587   0.0002202900  -0.0007697953
   2.2661164248  -0.0002610071   0.0002019107  -0.0007884128
   2.2805502874  -0.0001669358   0.0001732376  -0.0007980583
   2.2949841500  -0.0000885773   0.0001485931  -0.0007756495
   2.3094180126  -0.0000062646   0.0001388836  -0.0007145646
   2.3238518751   0.0000763975   0.0001470479  -0.0006276292
   2.3382857377   0.0001321559   0.0001674247  -0.0005411300
   2.3527196003   0.0001244290   0.0001889431  -0.0004831068
   2.3671534629   0.0000289876   0.0002003968  -0.0004714196
   2.3815873254  -0.0001481039   0.0001953145  -0.0005068030
   2.3960211880  -0.0003657462   0.0001743445  -0.0005735833
   2.4104550506  -0.0005595154   0.0001443561  -0.0006472048
   2.4248889132  -0.0006652575   0.0001149829  -0.0007047930
   2.4393227758  -0.0006442658   0.0000943986  -0.0007339569
   2.4537566383  -0.0004988048   0.0000862644  -0.0007362264
   2.4681905009  -0.0002710601   0.0000890526  -0.0007242201
   2.4826243635  -0.0000261171   0.0000977456  -0.0007144962
   2.4970582261   0.0001732967   0.0001068339  -0.0007197062
   2.5114920887   0.0002892016   0.0001130704  -0.0007435328
   2.5259259512   0.0003186890   0.0001167206  -0.0007802002
   2.5403598138   0.0002890130   0.0001208688  -0.0008180834
   2.5547936764   0.0002413359   0.0001292785  -0.0008452012
   2.5692275390   0.0002116327   0.0001439311  -0.0008538758
   2.5836614015   0.0002174377   0.0001634473  -0.0008426213
   2.5980952641   0.0002552140   0.0001831345  -0.0008148527
   2.6125291267   0.0003074911   0.0001966500  -0.0007755198
   2.6269629893   0.0003544811   0.0001985586  -0.0007276027
   2.6413968519   0.0003836603   0.0001866862  -0.0006702930
   2.6558307144   0.0003929589   0.0001632737  -0.0005997685
   2.6702645770   0.0003872206   0.0001344462  -0.0005122180
   2.6846984396   0.0003712376   0.0001082047  -0.0004077169
   2.6991323022   0.0003441562   0.0000917268  -0.0002931416
   2.7135661647   0.0002988576   0.0000890103  -0.0001826517
   2.7280000273   0.0002268841   0.0000997181  -0.0000952270
   2.7424338899   0.0001262618   0.0001195968  -0.0000498903
   2.7568677525   0.0000077878   0.0001422355  -0.0000601479
   2.7713016151  -0.0001041384   0.0001614615  -0.0001294868
   2.7857354776  -0.0001775347   0.0001734868  -0.0002494120
   2.8001693402  -0.0001837865   0.0001780677  -0.0004006555
   2.8146032028  -0.0001090963   0.0001783412  -0.0005571775
   2.8290370654   0.0000385183   0.0001794828  -0.0006917723
   2.8434709280   0.0002298888   0.0001867192  -0.0007817131
   2.8579047905   0.0004230416   0.0002034004  -0.0008130061
   2.8723386531   0.0005760631   0.0002297499  -0.0007823551
   2.8867725157   0.0006595664   0.0002626273  -0.0006966673
   2.9012063783   0.0006642257   0.0002962810  -0.0005706053
   2.9156402408   0.0006010660   0.0003237701  -0.0004231087
   2.9300741034   0.0004951739   0.0003385937  -0.0002738733
   2.9445079660   0.0003758983   0.0003361021  -0.0001405082
   2.9589418286   0.0002675176   0.0003144227  -0.0000366618
   2.9733756912   0.0001835843   0.0002748190   0.0000289838
   2.9878095537   0.0001262594   0.0002215326   0.0000531186
   3.0022434163   0.0000898557   0.0001612010   0.0000378010
   3.0166772789   0.0000663584   0.0001019267  -0.0000099834
   3.0311111415   0.0000503571   0.0000520643  -0.0000793736
   3.0455450041   0.0000415288   0.0000188306  -0.0001573978
   3.0599788666   0.0000441170   0.0000069442  -0.0002312505
   3.0744127292   0.0000641430   0.0000175956  -0.0002905419
   3.0888465918   0.0001058594   0.0000480714  -0.0003288209
   3.1032804544   0.0001690043   0.0000922429  -0.0003438692
   3.1177143169   0.0002478435   0.0001418929  -0.0003367555
   3.1321481795   0.0003321515   0.0001885717  -0.0003101952
   3.1465820421   0.0004095664   0.0002254649  -0.0002670746
   3.1610159047   0.0004684273   0.0002487156  -0.0002098916
   3.1754497673   0.0005002786   0.0002578117  -0.0001413639
   3.1898836298   0.0005015430   0.0002549728  -0.0000658095
   3.2043174924   0.0004741855   0.0002438212   0.0000095596
   3.2187513550   0.0004253761   0.0002278678   0.0000743531
   3.2331852176   0.0003662190   0.0002093873   0.0001162645
   3.2476190802   0.0003096686   0.0001890676   0.0001237582
   3.2620529427   0.0002679014   0.0001664958   0.0000894137
   3.2764868053   0.0002496396   0.0001411904   0.0000127842
   3.2909206679   0.0002581054   0.0001136695  -0.0000983236
   3.3053545305   0.0002902448   0.0000860363  -0.0002287748
   3.3197883930   0.0003375494   0.0000617708  -0.0003591514
   3.3342222556   0.0003882942   0.0000447531  -0.0004701146
   3.3486561182   0.0004305220   0.0000378801  -0.0005468159
   3.3630899808   0.0004548531   0.0000418268  -0.0005820519
   3.3775238434   0.0004562941   0.0000544697  -0.0005772603
   3.3919577059   0.0004346092   0.0000712521  -0.0005411801
   3.4063915685   0.0003933387   0.0000864110  -0.0004867580
   3.4208254311   0.0003379927   0.0000946570  -0.0004274158
   3.4352592937   0.0002741677   0.0000927254  -0.0003738874
   3.4496931563   0.0002062676   0.0000802706  -0.0003324830
   3.4641270188   0.0001372125   0.0000598232  -0.0003050118
   3.4785608814   0.0000690874   0.0000358778  -0.0002899672
   3.4929947440   0.0000042890   0.0000134754  -0.0002842026
   3.5074286066  -0.0000534905  -0.0000032112  -0.0002843287
   3.5218624691  -0.0000990514  -0.0000118364  -0.0002873865
   3.5362963317  -0.0001265321  -0.0000121459  -0.0002907968
   3.5507301943  -0.0001311288  -0.0000055795  -0.0002919512
   3.5651640569  -0.0001110832   0.0000055329  -0.0002879285
   3.5795979195  -0.0000691349   0.0000188308  -0.0002756814
   3.5940317820  -0.0000127699   0.0000325393  -0.0002527431
   3.6084656446   0.0000469983   0.0000456893  -0.0002181988
   3.6228995072   0.0000980580   0.0000579735  -0.0001734916
   3.6373333698   0.0001301526   0.0000694025  -0.0001226594
   3.6517672323   0.0001374848   0.0000799692  -0.0000717954
   3.6662010949   0.0001201978   0.0000894822  -0.0000278144
   3.6806349575   0.0000842974   0.0000976159   0.0000031341
   3.6950688201   0.0000400337   0.0001041141   0.0000171280
   3.7095026827  -0.0000007966   0.0001090132   0.0000133718
   3.7239365452  -0.0000278649   0.0001127531  -0.0000057138
   3.7383704078  -0.0000347912   0.0001161041  -0.0000351937
   3.7528042704  -0.0000204116   0.0001199300  -0.0000688504
   3.7672381330   0.0000114675   0.0001248801  -0.0001005601
   3.7816719956   0.0000536451   0.0001311349  -0.0001254387
   3.7961058581   0.0000978334   0.0001383042  -0.0001405207
   3.8105397207   0.0001369033   0.0001455173  -0.0001449131
   3.8249735833   0.0001663679   0.0001516698  -0.0001395226
   3.8394074459   0.0001847535   0.0001557439  -0.0001265339
   3.8538413084   0.0001929591   0.0001570986  -0.0001088165
   3.8682751710   0.0001930668   0.0001556476  -0.0000893880
   3.8827090336   0.0001872095   0.0001518806  -0.0000710015
   3.8971428962   0.0001769685   0.0001467318  -0.0000558810
   3.9115767588   0.0001634617   0.0001413362  -0.0000455998
   3.9260106213   0.0001479273   0.0001367401  -0.0000410781
   3.9404444839   0.0001323678   0.0001336402  -0.0000426571
   3.9548783465   0.0001197985   0.0001322198  -0.0000501920
   3.9693122091   0.0001138317   0.0001321270  -0.0000631078
   3.9837460717   0.0001176539   0.0001326058  -0.0000803976
   3.9981799342   0.0001327677   0.0001327479  -0.0001005886
   4.0126137968   0.0001580307   0.0001317916  -0.0001217466
   4.0270476594   0.0001894646   0.0001293793  -0.0001416029
   4.0414815220   0.0002210241   0.0001256872  -0.0001578462
   4.0559153845   0.0002461361   0.0001213795  -0.0001685545
   4.0703492471   0.0002594908   0.0001173970  -0.0001726614
   4.0847831097   0.0002584547   0.0001146428  -0.0001703073
   4.0992169723   0.0002436138   0.0001136708  -0.0001629296
   4.1136508349   0.0002183077   0.0001144838  -0.0001530130
   4.1280846974   0.0001874081   0.0001165168  -0.0001435228
   4.1425185600   0.0001558689   0.0001188164  -0.0001371527
   4.1569524226   0.0001276024   0.0001203578  -0.0001355939
   4.1713862852   0.0001050289   0.0001203901  -0.0001390487
   4.1858201478   0.0000893054   0.0001186841  -0.0001461500
   4.2002540103   0.0000809316   0.0001155938  -0.0001543290
   4.2146878729   0.0000802944   0.0001119086  -0.0001605269
   4.2291217355   0.0000877995   0.0001085535  -0.0001620342
   4.2435555981   0.0001035000   0.0001062485  -0.0001572012
   4.2579894606   0.0001264318   0.0001052539  -0.0001458143
   4.2724233232   0.0001540677   0.0001052874  -0.0001290612
   4.2868571858   0.0001822950   0.0001056344  -0.0001091492
   4.3012910484   0.0002061169   0.0001053974  -0.0000887449
   4.3157249110   0.0002209452   0.0001037872  -0.0000704305
   4.3301587735   0.0002240545   0.0001003515  -0.0000563182
   4.3445926361   0.0002156296   0.0000950750  -0.0000478694
   4.3590264987   0.0001989402   0.0000883396  -0.0000458750
   4.3734603613   0.0001794836   0.0000807872  -0.0000505063
   4.3878942239   0.0001633262   0.0000731526  -0.0000613587
   4.4023280864   0.0001551968   0.0000661296  -0.0000774561
   4.4167619490   0.0001569885   0.0000603034  -0.0000972460
   4.4311958116   0.0001671912   0.0000561386  -0.0001186491
   4.4456296742   0.0001814383   0.0000539896  -0.0001392278
   4.4600635367   0.0001939583   0.0000540916  -0.0001564938
   4.4744973993   0.0001994190   0.0000565121  -0.0001683144
   4.4889312619   0.0001945479   0.0000610772  -0.0001733153
   4.5033651245   0.0001790327   0.0000673128  -0.0001711537
   4.5177989871   0.0001554820   0.0000744504  -0.0001625580
   4.5322328496   0.0001285520   0.0000815263  -0.0001491072
   4.5466667122   0.0001035935   0.0000875621  -0.0001328124
   4.5611005748   0.0000852744   0.0000917769  -0.0001156463
   4.5755344374   0.0000765675   0.0000937578  -0.0000991779
   4.5899682999   0.0000783181   0.0000935252  -0.0000844268
   4.6044021625   0.0000893932   0.0000914719  -0.0000719448
   4.6188360251   0.0001072444   0.0000881984  -0.0000620384
   4.6332698877   0.0001286465   0.0000843135  -0.0000549856
   4.6477037503   0.0001503905   0.0000802727  -0.0000511257
   4.6621376128   0.0001697915   0.0000763114  -0.0000507761
   4.6765714754   0.0001849679   0.0000724824  -0.0000540306
   4.6910053380   0.0001949151   0.0000687627  -0.0000605584
   4.7054392006   0.0001994281   0.0000651711  -0.0000695246
   4.7198730632   0.0001989239   0.0000618361  -0.0000796963
   4.7343069257   0.0001942091   0.0000589850  -0.0000897043
   4.7487407883   0.0001862347   0.0000568638  -0.0000983620
   4.7631746509   0.0001758891   0.0000556315  -0.0001049115
   4.7776085135   0.0001638837   0.0000552814  -0.0001091039
   4.7920423760   0.0001507681   0.0000556314  -0.0001110939
   4.8064762386   0.0001370682   0.0000563886  -0.0001112096
   4.8209101012   0.0001234863   0.0000572602  -0.0001097096
   4.8353439638   0.0001110569   0.0000580586  -0.0001066438
   4.8497778264   0.0001011509   0.0000587518  -0.0001018773
   4.8642116889   0.0000952703   0.0000594352  -0.0000952628
   4.8786455515   0.0000946602   0.0000602378  -0.0000868738
   4.8930794141   0.0000998581   0.0000612082  -0.0000771788
   4.9075132767   0.0001103516   0.0000622360  -0.0000670638
   4.9219471393   0.0001245035   0.0000630500  -0.0000576770
   4.9363810018   0.0001398178   0.0000633008  -0.0000501482
   4.9508148644   0.0001534999   0.0000626953  -0.0000452945
   4.9652487270   0.0001631485   0.0000611286  -0.0000434246
   4.9796825896   0.0001673572   0.0000587557  -0.0000443122
   4.9941164521   0.0001660294   0.0000559689  -0.0000473358
   5.0085503147   0.0001603046   0.0000532876  -0.0000517169
   5.0229841773   0.0001521318   0.0000511982  -0.0000567540
   5.0374180399   0.0001436437   0.0000500066  -0.0000619625
   5.0518519025   0.0001365457   0.0000497559  -0.0000670784
   5.0662857650   0.0001317169   0.0000502399  -0.0000719417
   5.0807196276   0.0001291283   0.0000511014  -0.0000763316
   5.0951534902   0.0001280697   0.0000519744  -0.0000798408
   5.1095873528   0.0001275681   0.0000526118  -0.0000818636
   5.1240212154   0.0001268297   0.0000529485  -0.0000817224
   5.1384550779   0.0001255448   0.0000530815  -0.0000788984
   5.1528889405   0.0001239651   0.0000531786  -0.0000732799
   5.1673228031   0.0001227498   0.0000533620  -0.0000653251
   5.1817566657   0.0001226609   0.0000536200  -0.0000560601
   5.1961905282   0.0001242311   0.0000537848  -0.0000468909
   5.2106243908   0.0001275241   0.0000535894  -0.0000392809
   5.2250582534   0.0001320649   0.0000527782  -0.0000343956
   5.2394921160   0.0001369522   0.0000512259  -0.0000328296
   5.2539259786   0.0001411070   0.0000490173  -0.0000344985
   5.2683598411   0.0001435714   0.0000464519  -0.0000387160
   5.2827937037   0.0001437682   0.0000439737  -0.0000444132
   5.2972275663   0.0001416462   0.0000420465  -0.0000504178
   5.3116614289   0.0001376800   0.0000410215  -0.0000557028
   5.3260952914   0.0001327290   0.0000410387  -0.0000595447
   5.3405291540   0.0001278047   0.0000419939  -0.0000615715
   5.3549630166   0.0001238099   0.0000435775  -0.0000617201
   5.3693968792   0.0001213246   0.0000453679  -0.0000601458
   5.3838307418   0.0001204955   0.0000469457  -0.0000571306
   5.3982646043   0.0001210553   0.0000479938  -0.0000530196
   5.4126984669   0.0001224614   0.0000483541  -0.0000481979
   5.4271323295   0.0001241054   0.0000480313  -0.0000430932
   5.4415661921   0.0001255237   0.0000471525  -0.0000381828
   5.4560000547   0.0001265348   0.0000459022  -0.0000339783
   5.4704339172   0.0001272590   0.0000444606  -0.0000309734
   5.4848677798   0.0001280105   0.0000429638  -0.0000295605
   5.4993016424   0.0001291077   0.0000414946  -0.0000299356
   5.5137355050   0.0001306749   0.0000400993  -0.0000320239
   5.5281693675   0.0001325206   0.0000388176  -0.0000354552
   5.5426032301   0.0001341491   0.0000377071  -0.0000396055
   5.5570370927   0.0001349117   0.0000368510  -0.0000437033
   5.5714709553   0.0001342463   0.0000363427  -0.0000469758
   5.5859048179   0.0001319134   0.0000362548  -0.0000488027
   5.6003386804   0.0001281323   0.0000366012  -0.0000488382
   5.6147725430   0.0001235580   0.0000373112  -0.0000470716
   5.6292064056   0.0001190994   0.0000382248  -0.0000438129
   5.6436402682   0.0001156444   0.0000391165  -0.0000396097
   5.6580741308   0.0001137928   0.0000397424  -0.0000351173
   5.6725079933   0.0001136970   0.0000398998  -0.0000309602
   5.6869418559   0.0001150626   0.0000394799  -0.0000276165
   5.7013757185   0.0001172994   0.0000384999  -0.0000253543
   5.7158095811   0.0001197520   0.0000371011  -0.0000242271
   5.7302434436   0.0001219167   0.0000355148  -0.0000241188
   5.7446773062   0.0001235591   0.0000340030  -0.0000248155
   5.7591111688   0.0001247005   0.0000327924  -0.0000260767
   5.7735450314   0.0001254949   0.0000320202  -0.0000276821
   5.7879788940   0.0001260692   0.0000317082  -0.0000294460
   5.8024127565   0.0001264060   0.0000317707  -0.0000312030
   5.8168466191   0.0001263298   0.0000320529  -0.0000327801
   5.8312804817   0.0001256001   0.0000323862  -0.0000339791
   5.8457143443   0.0001240663   0.0000326393  -0.0000345831
   5.8601482069   0.0001218065   0.0000327506  -0.0000343944
   5.8745820694   0.0001191766   0.0000327307  -0.0000332930
   5.8890159320   0.0001167354   0.0000326372  -0.0000312944
   5.9034497946   0.0001150685   0.0000325339  -0.0000285820
   5.9178836572   0.0001145805   0.0000324517  -0.0000254934
   5.9323175197   0.0001153401   0.0000323670  -0.0000224595
   5.9467513823   0.0001170453   0.0000322058  -0.0000199074
   5.9611852449   0.0001191221   0.0000318735  -0.0000181577
   5.9756191075   0.0001209186   0.0000312963  -0.0000173474
   5.9900529701   0.0001219160   0.0000304584  -0.0000174021
   6.0044868326   0.0001218768   0.0000294201  -0.0000180674
   6.0189206952   0.0001208806   0.0000283076  -0.0000189904
   6.0333545578   0.0001192439   0.0000272781  -0.0000198240
   6.0477884204   0.0001173700   0.0000264711  -0.0000203236
   6.0622222830   0.0001155958   0.0000259650  -0.0000204054
   6.0766561455   0.0001140963   0.0000257533  -0.0000201490
   6.0910900081   0.0001128786   0.0000257502  -0.0000197469
   6.1055238707   0.0001118529   0.0000258221  -0.0000194193
   6.1199577333   0.0001109378   0.0000258345  -0.0000193269
   6.1343915958   0.0001101455   0.0000256965  -0.0000195124
   6.1488254584   0.0001096058   0.0000253871  -0.0000198901
   6.1632593210   0.0001095199   0.0000249557  -0.0000202857
   6.1776931836   0.0001100675   0.0000244975  -0.0000205064
   6.1921270462   0.0001113113   0.0000241149  -0.0000204122
   6.2065609087   0.0001131431   0.0000238798  -0.0000199612
   6.2209947713   0.0001152934   0.0000238094  -0.0000192134
   6.2354286339   0.0001174003   0.0000238642  -0.0000182953
   6.2498624965   0.0001191061   0.0000239658  -0.0000173433
   6.2642963590   0.0001201426   0.0000240270  -0.0000164494
   6.2787302216   0.0001203783   0.0000239812  -0.0000156311
   6.2931640842   0.0001198165   0.0000238013  -0.0000148332
   6.3075979468   0.0001185608   0.0000235019  -0.0000139613
   6.3220318094   0.0001167702   0.0000231255  -0.0000129291
   6.3364656719   0.0001146271   0.0000227203  -0.0000117034
   6.3508995345   0.0001123254   0.0000223188  -0.0000103271
   6.3653333971   0.0001100711   0.0000219263  -0.0000089142
   6.3797672597   0.0001080799   0.0000215226  -0.0000076191
   6.3942011223   0.0001065577   0.0000210749  -0.0000065933
   6.4086349848   0.0001056619   0.0000205567  -0.0000059461
   6.4230688474   0.0001054564   0.0000199632  -0.0000057246
   6.4375027100   0.0001058808   0.0000193176  -0.0000059154
   6.4519365726   0.0001067526   0.0000186661  -0.0000064646
   6.4663704351   0.0001078094   0.0000180639  -0.0000073022
   6.4808042977   0.0001087812   0.0000175590  -0.0000083589
   6.4952381603   0.0001094648   0.0000171796  -0.0000095683
   6.5096720229   0.0001097747   0.0000169293  -0.0000108560
   6.5241058855   0.0001097483   0.0000167917  -0.0000121245
   6.5385397480   0.0001095054   0.0000167405  -0.0000132445
   6.5529736106   0.0001091809   0.0000167507  -0.0000140612
   6.5674074732   0.0001088612   0.0000168048  -0.0000144161
   6.5818413358   0.0001085525   0.0000168922  -0.0000141798
   6.5962751984   0.0001081951   0.0000170025  -0.0000132852
   6.6107090609   0.0001077130   0.0000171163  -0.0000117497
   6.6251429235   0.0001070753   0.0000171987  -0.0000096793
   6.6395767861   0.0001063358   0.0000172007  -0.0000072515
   6.6540106487   0.0001056301   0.0000170685  -0.0000046835
   6.6684445112   0.0001051288   0.0000167594  -0.0000021940
   6.6828783738   0.0001049642   0.0000162580   0.0000000276
   6.6973122364   0.0001051660   0.0000155854   0.0000018375
   6.7117460990   0.0001056327   0.0000147997   0.0000031369
   6.7261799616   0.0001061561   0.0000139832   0.0000038626
   6.7406138241   0.0001064908   0.0000132238   0.0000039766
   6.7550476867   0.0001064424   0.0000125939   0.0000034661
   6.7694815493   0.0001059394   0.0000121357   0.0000023556
   6.7839154119   0.0001050616   0.0000118558   0.0000007257
   6.7983492745   0.0001040133   0.0000117306  -0.0000012705
   6.8127831370   0.0001030532   0.0000117192  -0.0000034075
   6.8272169996   0.0001024083   0.0000117771  -0.0000054078
   6.8416508622   0.0001022041   0.0000118669  -0.0000069831
   6.8560847248   0.0001024342   0.0000119615  -0.0000078856
   6.8705185873   0.0001029749   0.0000120405  -0.0000079579
   6.8849524499   0.0001036351   0.0000120833  -0.0000071666
   6.8993863125   0.0001042159   0.0000120648  -0.0000056109
   6.9138201751   0.0001045600   0.0000119556  -0.0000035033
   6.9282540377   0.0001045746   0.0000117301  -0.0000011277
   6.9426879002   0.0001042292   0.0000113786   0.0000012145
   6.9571217628   0.0001035393   0.0000109177   0.0000032570
   6.9715556254   0.0001025493   0.0000103936   0.0000048062
   6.9859894880   0.0001013252   0.0000098745   0.0000057593
   7.0004233506   0.0000999583   0.0000094330   0.0000061007
   7.0148572131   0.0000985714   0.0000091237   0.0000058864
   7.0292910757   0.0000973177   0.0000089644   0.0000052230
   7.0437249383   0.0000963633   0.0000089271   0.0000042518
   7.0581588009   0.0000958550   0.0000089451   0.0000031382
   7.0725926634   0.0000958813   0.0000089320   0.0000020636
   7.0870265260   0.0000964433   0.0000088090   0.0000012137
   7.1014603886   0.0000974451   0.0000085292   0.0000007573
   7.1158942512   0.0000987113   0.0000080921   0.0000008159
   7.1303281138   0.0001000256   0.0000075422   0.0000014309
   7.1447619763   0.0001011773   0.0000069537   0.0000025385
   7.1591958389   0.0001020006   0.0000064070   0.0000039663
   7.1736297015   0.0001023953   0.0000059648   0.0000054578
   7.1880635641   0.0001023267   0.0000056577   0.0000067235
   7.2024974266   0.0001018098   0.0000054813   0.0000075086
   7.2169312892   0.0001008916   0.0000054059   0.0000076600
   7.2313651518   0.0000996390   0.0000053925   0.0000071703
   7.2457990144   0.0000981387   0.0000054078   0.0000061867
   7.2602328770   0.0000965037   0.0000054329   0.0000049781
   7.2746667395   0.0000948782   0.0000054608   0.0000038704
   7.2891006021   0.0000934301   0.0000054880   0.0000031661
   7.3035344647   0.0000923273   0.0000055028   0.0000030724
   7.3179683273   0.0000917038   0.0000054789   0.0000036561
   7.3324021899   0.0000916237   0.0000053772   0.0000048353
   7.3468360524   0.0000920595   0.0000051575   0.0000064069
   7.3612699150   0.0000928937   0.0000047957   0.0000080990
   7.3757037776   0.0000939445   0.0000042986   0.0000096318
   7.3901376402   0.0000950092   0.0000037112   0.0000107732
   7.4045715027   0.0000959090   0.0000031103   0.0000113767
   7.4190053653   0.0000965236   0.0000025865   0.0000113986
   7.4334392279   0.0000968028   0.0000022187   0.0000108950
   7.4478730905   0.0000967583   0.0000020504   0.0000100035
   7.4623069531   0.0000964401   0.0000020746   0.0000089162
   7.4767408156   0.0000959115   0.0000022348   0.0000078479
   7.4911746782   0.0000952322   0.0000024403   0.0000070045
   7.5056085408   0.0000944529   0.0000025920   0.0000065526
   7.5200424034   0.0000936215   0.0000026106   0.0000065936
   7.5344762660   0.0000927903   0.0000024573   0.0000071443
   7.5489101285   0.0000920186   0.0000021416   0.0000081296
   7.5633439911   0.0000913657   0.0000017146   0.0000093910
   7.5777778537   0.0000908771   0.0000012505   0.0000107137
   7.5922117163   0.0000905691   0.0000008232   0.0000118690
   7.6066455788   0.0000904223   0.0000004864   0.0000126651
   7.6210794414   0.0000903872   0.0000002621   0.0000129914
   7.6355133040   0.0000904011   0.0000001400   0.0000128459
   7.6499471666   0.0000904119   0.0000000861   0.0000123345
   7.6643810292   0.0000903957   0.0000000567   0.0000116435
   7.6788148917   0.0000903629   0.0000000114   0.0000109900
   7.6932487543   0.0000903476  -0.0000000778   0.0000105672
   7.7076826169   0.0000903855  -0.0000002233   0.0000104972
   7.7221164795   0.0000904885  -0.0000004237   0.0000108061
   7.7365503421   0.0000906287  -0.0000006680   0.0000114245
   7.7509842046   0.0000907386  -0.0000009400   0.0000122124
   7.7654180672   0.0000907287  -0.0000012211   0.0000129999
   7.7798519298   0.0000905182  -0.0000014915   0.0000136310
   7.7942857924   0.0000900654  -0.0000017323   0.0000140001
   7.8087196549   0.0000893869  -0.0000019273   0.0000140725
   7.8231535175   0.0000885589  -0.0000020674   0.0000138874
   7.8375873801   0.0000876986  -0.0000021550   0.0000135425
   7.8520212427   0.0000869323  -0.0000022058   0.0000131677
   7.8664551053   0.0000863624  -0.0000022474   0.0000128923
   7.8808889678   0.0000860422  -0.0000023131   0.0000128152
   7.8953228304   0.0000859676  -0.0000024318   0.0000129827
   7.9097566930   0.0000860848  -0.0000026180   0.0000133791
   7.9241905556   0.0000863111  -0.0000028656   0.0000139322
   7.9386244181   0.0000865600  -0.0000031479   0.0000145321
   7.9530582807   0.0000867626  -0.0000034256   0.0000150597
   7.9674921433   0.0000868792  -0.0000036595   0.0000154179
   7.9819260059   0.0000869001  -0.0000038236   0.0000155567
