   0.0000000000   0.0000000000   0.0000000000   0.0000000000
   0.0144338626   0.0000000000   0.0000000000   0.0000000000
   0.0288677252   0.0000000000   0.0000000000   0.0000000000
   0.0433015877   0.0000000000   0.0000000000   0.0000000000
   0.0577354503   0.0000000000   0.0000000000   0.0000000000
   0.0721693129   0.0000000000   0.0000000000   0.0000000000
   0.0866031755   0.0000000000   0.0000000000   0.0000000000
   0.1010370380   0.0000000000   0.0000000000   0.0000000000
   0.1154709006   0.0000000000   0.0000000000   0.0000000000
   0.1299047632   0.0000000000   0.0000000000   0.0000000000
   0.1443386258   0.0000000000   0.0000000000   0.0000000000
   0.1587724884   0.0000000000   0.0000000000   0.0000000000
   0.1732063509   0.0000000000   0.0000000000   0.0000000000
   0.1876402135   0.0000000000   0.0000000000   0.0000000000
   0.2020740761   0.0000000000   0.0000000000   0.0000000000
   0.2165079387   0.0000000000   0.0000000000   0.0000000000
   0.2309418013   0.0000000000   0.0000000000   0.0000000000
   0.2453756638   0.0000000000   0.0000000000   0.0000000000
   0.2598095264   0.0000000000   0.0000000000   0.0000000000
   0.2742433890   0.0000000000   0.0000000000   0.0000000000
   0.2886772516   0.0000000000   0.0000000000   0.0000000000
   0.3031111141  -0.0000000000   0.0000000000  -0.0000000000
   0.3175449767  -0.0000000000  -0.0000000000  -0.0000000000
   0.3319788393  -0.0000000000  -0.0000000000  -0.0000000000
   0.3464127019  -0.0000000000  -0.0000000000  -0.0000000000
   0.3608465645  -0.0000000000  -0.0000000000  -0.0000000000
   0.3752804270  -0.0000000000  -0.0000000000  -0.0000000000
   0.3897142896  -0.0000000000  -0.0000000000  -0.0000000000
   0.4041481522  -0.0000000000  -0.0000000000  -0.0000000000
   0.4185820148  -0.0000000000  -0.0000000000  -0.0000000000
   0.4330158774  -0.0000000000  -0.0000000000  -0.0000000000
   0.4474497399  -0.0000000000  -0.0000000000  -0.0000000000
   0.4618836025  -0.0000000000  -0.0000000000  -0.0000000000
   0.4763174651  -0.0000000000   0.0000000000  -0.0000000000
   0.4907513277  -0.0000000000   0.0000000000  -0.0000000000
   0.5051851902   0.0000000000   0.0000000000   0.0000000000
   0.5196190528   0.0000000000   0.0000000000   0.0000000000
   0.5340529154   0.0000000000   0.0000000000   0.0000000000
   0.5484867780   0.0000000000   0.0000000000   0.0000000000
   0.5629206406   0.0000000000   0.0000000000   0.0000000000
   0.5773545031   0.0000000000   0.0000000000   0.0000000000
   0.5917883657   0.0000000000   0.0000000000   0.0000000000
   0.6062222283   0.0000000000   0.0000000000   0.0000000000
   0.6206560909   0.0000000000   0.0000000000   0.0000000000
   0.6350899535   0.0000000000   0.0000000000   0.0000000000
   0.6495238160   0.0000000000  -0.0000000000   0.0000000000
   0.6639576786   0.0000000000  -0.0000000000   0.0000000000
   0.6783915412  -0.0000000000  -0.0000000000  -0.0000000000
   0.6928254038  -0.0000000000  -0.0000000000  -0.0000000000
   0.7072592663  -0.0000000000  -0.0000000000  -0.0000000000
   0.7216931289  -0.0000000000  -0.0000000000  -0.0000000000
   0.7361269915  -0.0000000000  -0.0000000000  -0.0000000000
   0.7505608541  -0.0000000000  -0.0000000000  -0.0000000000
   0.7649947167  -0.0000000000  -0.0000000000  -0.0000000000
   0.7794285792  -0.0000000000  -0.0000000000  -0.0000000000
   0.7938624418  -0.0000000000  -0.0000000000  -0.0000000000
   0.8082963044  -0.0000000000  -0.0000000000  -0.0000000000
   0.8227301670  -0.0000000000  -0.0000000000  -0.0000000000
   0.8371640296  -0.0000000000  -0.0000000000  -0.0000000000
   0.8515978921  -0.0000000000  -0.0000000000  -0.0000000000
   0.8660317547  -0.0000000000  -0.0000000000  -0.0000000000
   0.8804656173  -0.0000000000  -0.0000000000  -0.0000000000
   0.8948994799  -0.0000000000  -0.0000000000  -0.0000000000
   0.9093333424   0.0000000000  -0.0000000000  -0.0000000000
   0.9237672050   0.0000000000   0.0000000000   0.0000000000
   0.9382010676   0.0000000000   0.0000000000   0.0000000000
   0.9526349302   0.0000000000   0.0000000000   0.0000000000
   0.9670687928   0.0000000000   0.0000000000   0.0000000000
   0.9815026553   0.0000000000   0.0000000000   0.0000000000
   0.9959365179   0.0000000000   0.0000000000   0.0000000000
   1.0103703805   0.0000000000   0.0000000000   0.0000000000
   1.0248042431  -0.0000000000  -0.0000000000  -0.0000000000
   1.0392381056  -0.0000000000  -0.0000000000  -0.0000000000
   1.0536719682  -0.0000000000  -0.0000000000  -0.0000000000
   1.0681058308  -0.0000000000  -0.0000000000  -0.0000000000
   1.0825396934  -0.0000000000  -0.0000000000  -0.0000000000
   1.0969735560  -0.0000000000  -0.0000000000  -0.0000000000
   1.1114074185   0.0000000000  -0.0000000000  -0.0000000000
   1.1258412811   0.0000000000   0.0000000000   0.0000000000
   1.1402751437   0.0000000000   0.0000000000   0.0000000000
   1.1547090063   0.0000000000   0.0000000000   0.0000000000
   1.1691428689   0.0000000000   0.0000000000   0.0000000000
   1.1835767314   0.0000000000   0.0000000000   0.0000000000
   1.1980105940  -0.0000000000   0.0000000000   0.0000000000
   1.2124444566  -0.0000000000  -0.0000000000  -0.0000000000
   1.2268783192  -0.0000000000  -0.0000000000  -0.0000000000
   1.2413121817  -0.0000000000  -0.0000000000  -0.0000000000
   1.2557460443  -0.0000000000  -0.0000000000  -0.0000000000
   1.2701799069  -0.0000000000  -0.0000000000  -0.0000000000
   1.2846137695   0.0000000000   0.0000000000   0.0000000000
   1.2990476321   0.0000000000   0.0000000000   0.0000000000
   1.3134814946   0.0000000001   0.0000000000   0.0000000001
   1.3279153572   0.0000000001   0.0000000000   0.0000000001
   1.3423492198   0.0000000000   0.0000000000   0.0000000001
   1.3567830824  -0.0000000000   0.0000000000   0.0000000000
   1.3712169450  -0.0000000001  -0.0000000000  -0.0000000001
   1.3856508075  -0.0000000002  -0.0000000001  -0.0000000002
   1.4000846701  -0.0000000002  -0.0000000001  -0.0000000002
   1.4145185327  -0.0000000001  -0.0000000001  -0.0000000002
   1.4289523953   0.0000000000  -0.0000000000  -0.0000000000
   1.4433862578   0.0000000002   0.0000000001   0.0000000002
   1.4578201204   0.0000000004   0.0000000002   0.0000000004
   1.4722539830   0.0000000004   0.0000000003   0.0000000005
   1.4866878456   0.0000000002   0.0000000003   0.0000000004
   1.5011217082  -0.0000000002   0.0000000001   0.0000000001
   1.5155555707  -0.0000000005  -0.0000000002  -0.0000000004
   1.5299894333  -0.0000000007  -0.0000000005  -0.0000000010
   1.5444232959  -0.0000000005  -0.0000000007  -0.0000000012
   1.5588571585   0.0000000001  -0.0000000006  -0.0000000010
   1.5732910211   0.0000000009  -0.0000000003  -0.0000000002
   1.5877248836   0.0000000013   0.0000000003   0.0000000010
   1.6021587462   0.0000000008   0.0000000011   0.0000000023
   1.6165926088  -0.0000000009   0.0000000018   0.0000000032
   1.6310264714  -0.0000000035   0.0000000021   0.0000000032
   1.6454603339  -0.0000000058   0.0000000018   0.0000000019
   1.6598941965  -0.0000000059   0.0000000006  -0.0000000009
   1.6743280591  -0.0000000020  -0.0000000015  -0.0000000048
   1.6887619217   0.0000000065  -0.0000000044  -0.0000000093
   1.7031957843   0.0000000181  -0.0000000076  -0.0000000132
   1.7176296468   0.0000000285  -0.0000000101  -0.0000000146
   1.7320635094   0.0000000315  -0.0000000103  -0.0000000112
   1.7464973720   0.0000000208  -0.0000000065  -0.0000000007
   1.7609312346  -0.0000000067   0.0000000029   0.0000000174
   1.7753650971  -0.0000000476   0.0000000174   0.0000000406
   1.7897989597  -0.0000000903   0.0000000342   0.0000000617
   1.8042328223  -0.0000001164   0.0000000469   0.0000000698
   1.8186666849  -0.0000001063   0.0000000476   0.0000000528
   1.8331005475  -0.0000000474   0.0000000286   0.0000000035
   1.8475344100   0.0000000568  -0.0000000121  -0.0000000736
   1.8619682726   0.0000001812  -0.0000000679  -0.0000001582
   1.8764021352   0.0000002816  -0.0000001215  -0.0000002159
   1.8908359978   0.0000003069  -0.0000001486  -0.0000002082
   1.9052698604   0.0000002199  -0.0000001266  -0.0000001104
   1.9197037229   0.0000000184  -0.0000000454   0.0000000704
   1.9341375855  -0.0000002503   0.0000000817   0.0000002854
   1.9485714481  -0.0000004947   0.0000002162   0.0000004515
   1.9630053107  -0.0000006059   0.0000003031   0.0000004792
   1.9774391732  -0.0000005015   0.0000002917   0.0000003139
   1.9918730358  -0.0000001714   0.0000001605  -0.0000000254
   2.0063068984   0.0000002975  -0.0000000637  -0.0000004323
   2.0207407610   0.0000007341  -0.0000003049  -0.0000007382
   2.0351746236   0.0000009421  -0.0000004599  -0.0000007761
   2.0496084861   0.0000007852  -0.0000004412  -0.0000004621
   2.0640423487   0.0000002686  -0.0000002221   0.0000001414
   2.0784762113  -0.0000004271   0.0000001350   0.0000008174
   2.0929100739  -0.0000009850   0.0000004857   0.0000012566
   2.1073439365  -0.0000010602   0.0000006497   0.0000011703
   2.1217777990  -0.0000004153   0.0000004793   0.0000004047
   2.1362116616   0.0000009834  -0.0000000821  -0.0000010058
   2.1506455242   0.0000029714  -0.0000009858  -0.0000028887
   2.1650793868   0.0000053132  -0.0000021258  -0.0000050731
   2.1795132493   0.0000079093  -0.0000034353  -0.0000075542
   2.1939471119   0.0000109788  -0.0000049883  -0.0000105812
   2.2083809745   0.0000150924  -0.0000070398  -0.0000145945
   2.2228148371   0.0000209688  -0.0000099520  -0.0000200112
   2.2372486997   0.0000290383  -0.0000139928  -0.0000269581
   2.2516825622   0.0000389003  -0.0000190513  -0.0000351105
   2.2661164248   0.0000488998  -0.0000243766  -0.0000437660
   2.2805502874   0.0000560849  -0.0000284769  -0.0000521373
   2.2949841500   0.0000567514  -0.0000293116  -0.0000596501
   2.3094180126   0.0000476354  -0.0000248516  -0.0000658807
   2.3238518751   0.0000276008  -0.0000139824  -0.0000698072
   2.3382857377  -0.0000005839   0.0000024163  -0.0000683632
   2.3527196003  -0.0000290329   0.0000205417  -0.0000548443
   2.3671534629  -0.0000449327   0.0000333725  -0.0000183394
   2.3815873254  -0.0000329973   0.0000315744   0.0000542946
   2.3960211880   0.0000192307   0.0000061018   0.0001726517
   2.4104550506   0.0001133611  -0.0000473359   0.0003330327
   2.4248889132   0.0002307278  -0.0001224294   0.0005064409
   2.4393227758   0.0003243106  -0.0001964274   0.0006281736
   2.4537566383   0.0003159981  -0.0002266038   0.0005945001
   2.4681905009   0.0001034715  -0.0001518494   0.0002720455
   2.4826243635  -0.0004203839   0.0000981674  -0.0004766167
   2.4970582261  -0.0013359911   0.0005854416  -0.0017521861
   2.5114920887  -0.0026588613   0.0013396508  -0.0035698386
   2.5259259512  -0.0043050156   0.0023331095  -0.0058155850
   2.5403598138  -0.0060734954   0.0034628173  -0.0082244346
   2.5547936764  -0.0076584308   0.0045485734  -0.0103956708
   2.5692275390  -0.0086969864   0.0053538380  -0.0118531593
   2.5836614015  -0.0088488670   0.0056304112  -0.0121459356
   2.5980952641  -0.0078907895   0.0051801449  -0.0109693966
   2.6125291267  -0.0057997420   0.0039191449  -0.0082751468
   2.6269629893  -0.0027964007   0.0019252213  -0.0043332076
   2.6413968519   0.0006726059  -0.0005497217   0.0002824305
   2.6558307144   0.0040184971  -0.0031131464   0.0047949165
   2.6702645770   0.0066440525  -0.0053092055   0.0083959162
   2.6846984396   0.0080924234  -0.0067235585   0.0104452777
   2.6991323022   0.0081672334  -0.0070882110   0.0106417366
   2.7135661647   0.0069853803  -0.0063555502   0.0091097934
   2.7280000273   0.0049430331  -0.0047173459   0.0063696433
   2.7424338899   0.0026025543  -0.0025598072   0.0031927073
   2.7568677525   0.0005341510  -0.0003652785   0.0003833329
   2.7713016151  -0.0008385790   0.0014117043  -0.0014461848
   2.7857354776  -0.0013413616   0.0024576153  -0.0020357114
   2.8001693402  -0.0010702981   0.0026692146  -0.0015217887
   2.8146032028  -0.0003294198   0.0021599724  -0.0003553139
   2.8290370654   0.0004891148   0.0012051471   0.0008749109
   2.8434709280   0.0010384160   0.0001464568   0.0016481244
   2.8579047905   0.0011188469  -0.0007110828   0.0016746789
   2.8723386531   0.0007183790  -0.0011775956   0.0009630722
   2.8867725157  -0.0000145691  -0.0012105835  -0.0002240233
   2.9012063783  -0.0008475294  -0.0008970492  -0.0014978904
   2.9156402408  -0.0015562749  -0.0003988481  -0.0025002428
   2.9300741034  -0.0019983777   0.0001146225  -0.0030267499
   2.9445079660  -0.0021448743   0.0005213195  -0.0030749774
   2.9589418286  -0.0020652878   0.0007721385  -0.0028077346
   2.9733756912  -0.0018788987   0.0008835725  -0.0024567851
   2.9878095537  -0.0016956173   0.0009066777  -0.0022125638
   3.0022434163  -0.0015702879   0.0008892072  -0.0021459417
   3.0166772789  -0.0014860534   0.0008479391  -0.0021901106
   3.0311111415  -0.0013697421   0.0007617736  -0.0021835123
   3.0455450041  -0.0011301872   0.0005863460  -0.0019502641
   3.0599788666  -0.0007029523   0.0002818490  -0.0013820995
   3.0744127292  -0.0000839597  -0.0001591704  -0.0004888603
   3.0888465918   0.0006604307  -0.0006965845   0.0006000260
   3.1032804544   0.0014103809  -0.0012469922   0.0016802498
   3.1177143169   0.0020302245  -0.0017064771   0.0025434792
   3.1321481795   0.0024129077  -0.0019833481   0.0030462567
   3.1465820421   0.0025146203  -0.0020284027   0.0031517039
   3.1610159047   0.0023663759  -0.0018510834   0.0029305752
   3.1754497673   0.0020579495  -0.0015152341   0.0025240244
   3.1898836298   0.0017005899  -0.0011160155   0.0020845746
   3.2043174924   0.0013839415  -0.0007469139   0.0017192880
   3.2187513550   0.0011454819  -0.0004697195   0.0014574076
   3.2331852176   0.0009655976  -0.0002991089   0.0012543328
   3.2476190802   0.0007898586  -0.0002073472   0.0010285110
   3.2620529427   0.0005671543  -0.0001460386   0.0007136770
   3.2764868053   0.0002843992  -0.0000744750   0.0003019399
   3.2909206679  -0.0000201206   0.0000186589  -0.0001429883
   3.3053545305  -0.0002721101   0.0001102252  -0.0005096206
   3.3197883930  -0.0003978688   0.0001562512  -0.0006892391
   3.3342222556  -0.0003632486   0.0001172323  -0.0006293998
   3.3486561182  -0.0001943034  -0.0000176203  -0.0003641625
   3.3630899808   0.0000317976  -0.0002194947  -0.0000051433
   3.3775238434   0.0002214240  -0.0004282608   0.0003038727
   3.3919577059   0.0003069184  -0.0005762997   0.0004480643
   3.4063915685   0.0002749003  -0.0006166250   0.0003896181
   3.4208254311   0.0001663117  -0.0005420118   0.0001799341
   3.4352592937   0.0000494987  -0.0003864067  -0.0000692740
   3.4496931563  -0.0000179196  -0.0002086161  -0.0002411631
   3.4641270188  -0.0000172869  -0.0000666646  -0.0002679699
   3.4785608814   0.0000272449   0.0000049180  -0.0001584387
   3.4929947440   0.0000692094   0.0000049775   0.0000130556
   3.5074286066   0.0000707451  -0.0000401447   0.0001478282
   3.5218624691   0.0000249336  -0.0000934508   0.0001724110
   3.5362963317  -0.0000430717  -0.0001257611   0.0000717330
   3.5507301943  -0.0000951115  -0.0001270965  -0.0001085109
   3.5651640569  -0.0001058968  -0.0001070148  -0.0002883986
   3.5795979195  -0.0000787654  -0.0000858839  -0.0003935562
   3.5940317820  -0.0000416218  -0.0000829740  -0.0003880151
   3.6084656446  -0.0000265308  -0.0001074813  -0.0002859130
   3.6228995072  -0.0000470436  -0.0001557943  -0.0001397242
   3.6373333698  -0.0000886027  -0.0002146088  -0.0000137778
   3.6517672323  -0.0001185522  -0.0002670635   0.0000432251
   3.6662010949  -0.0001091508  -0.0002988088   0.0000153019
   3.6806349575  -0.0000581263  -0.0003022080  -0.0000787521
   3.6950688201   0.0000074038  -0.0002782984  -0.0001961316
   3.7095026827   0.0000470703  -0.0002367017  -0.0002875842
   3.7239365452   0.0000335409  -0.0001934092  -0.0003153382
   3.7383704078  -0.0000281528  -0.0001662060  -0.0002664373
   3.7528042704  -0.0001015261  -0.0001682403  -0.0001581261
   3.7672381330  -0.0001403459  -0.0002017795  -0.0000332723
   3.7816719956  -0.0001180868  -0.0002553774   0.0000542144
   3.7961058581  -0.0000464175  -0.0003071213   0.0000606253
   3.8105397207   0.0000298067  -0.0003339449  -0.0000270223
   3.8249735833   0.0000590790  -0.0003233280  -0.0001807501
   3.8394074459   0.0000155309  -0.0002813372  -0.0003389489
   3.8538413084  -0.0000831023  -0.0002318092  -0.0004312535
   3.8682751710  -0.0001837358  -0.0002057231  -0.0004114997
   3.8827090336  -0.0002284097  -0.0002253821  -0.0002829798
   3.8971428962  -0.0001891274  -0.0002916737  -0.0001016108
   3.9115767588  -0.0000860210  -0.0003818768   0.0000475114
   3.9260106213   0.0000225561  -0.0004601885   0.0000907433
   3.9404444839   0.0000726795  -0.0004960574   0.0000038148
   3.9548783465   0.0000312445  -0.0004806116  -0.0001733377
   3.9693122091  -0.0000852381  -0.0004319539  -0.0003543417
   3.9837460717  -0.0002203596  -0.0003859267  -0.0004492484
   3.9981799342  -0.0003101228  -0.0003769989  -0.0004109580
   4.0126137968  -0.0003187672  -0.0004196181  -0.0002607605
   4.0270476594  -0.0002573362  -0.0005003469  -0.0000789038
   4.0414815220  -0.0001747301  -0.0005852288   0.0000355150
   4.0559153845  -0.0001272412  -0.0006383709   0.0000145721
   4.0703492471  -0.0001448348  -0.0006414682  -0.0001447584
   4.0847831097  -0.0002137054  -0.0006034911  -0.0003807280
   4.0992169723  -0.0002845763  -0.0005552825  -0.0006002537
   4.1136508349  -0.0003011634  -0.0005322197  -0.0007275033
   4.1280846974  -0.0002321045  -0.0005546423  -0.0007417561
   4.1425185600  -0.0000886540  -0.0006168250  -0.0006848533
   4.1569524226   0.0000804632  -0.0006903827  -0.0006349606
   4.1713862852   0.0002123081  -0.0007399945  -0.0006609962
   4.1858201478   0.0002566743  -0.0007426933  -0.0007816075
   4.2002540103   0.0001915296  -0.0007002870  -0.0009494004
   4.2146878729   0.0000196582  -0.0006384798  -0.0010675281
   4.2291217355  -0.0002493736  -0.0005935609  -0.0010293056
   4.2435555981  -0.0006196104  -0.0005940469  -0.0007608123
   4.2579894606  -0.0011185130  -0.0006469527  -0.0002464679
   4.2724233232  -0.0017898677  -0.0007354302   0.0004724958
   4.2868571858  -0.0026730771  -0.0008282138   0.0013226943
   4.3012910484  -0.0037791385  -0.0008951630   0.0022315731
   4.3157249110  -0.0050745954  -0.0009204160   0.0031513545
   4.3301587735  -0.0064798833  -0.0009064749   0.0040628035
   4.3445926361  -0.0078811122  -0.0008676889   0.0049587971
   4.3590264987  -0.0091486279  -0.0008171975   0.0058178916
   4.3734603613  -0.0101543577  -0.0007545595   0.0065825897
   4.3878942239  -0.0107828883  -0.0006606007   0.0071542226
   4.4023280864  -0.0109361326  -0.0005020775   0.0074082523
   4.4167619490  -0.0105353365  -0.0002437696   0.0072245557
   4.4311958116  -0.0095251235   0.0001378940   0.0065210939
   4.4456296742  -0.0078821959   0.0006459874   0.0052786920
   4.4600635367  -0.0056276906   0.0012626569   0.0035491508
   4.4744973993  -0.0028390477   0.0019564893   0.0014460787
   4.4889312619   0.0003439252   0.0026933932  -0.0008757239
   4.5033651245   0.0037229514   0.0034453832  -0.0032434478
   4.5177989871   0.0070564934   0.0041931858  -0.0054843999
   4.5322328496   0.0100843780   0.0049220601  -0.0074358773
   4.5466667122   0.0125574701   0.0056138201  -0.0089487799
   4.5611005748   0.0142670316   0.0062399697  -0.0098903364
   4.5755344374   0.0150689910   0.0067602235  -0.0101513744
   4.5899682999   0.0149000635   0.0071279044  -0.0096604651
   4.6044021625   0.0137847390   0.0073002372  -0.0084026206
   4.6188360251   0.0118337832   0.0072491144  -0.0064363188
   4.6332698877   0.0092355659   0.0069676722  -0.0039013490
   4.6477037503   0.0062412401   0.0064700020  -0.0010119347
   4.6621376128   0.0031440764   0.0057845264   0.0019659949
   4.6765714754   0.0002529181   0.0049443953   0.0047494952
   4.6910053380  -0.0021395612   0.0039793682   0.0070777186
   4.7054392006  -0.0037913124   0.0029125664   0.0087469260
   4.7198730632  -0.0045433803   0.0017628058   0.0096346497
   4.7343069257  -0.0043442721   0.0005503582   0.0097097966
   4.7487407883  -0.0032605021  -0.0006976285   0.0090292232
   4.7631746509  -0.0014700582  -0.0019453927   0.0077239333
   4.7776085135   0.0007606998  -0.0031516802   0.0059789251
   4.7920423760   0.0031125715  -0.0042762154   0.0040101409
   4.8064762386   0.0052552062  -0.0052862587   0.0020407542
   4.8209101012   0.0068885701  -0.0061600660   0.0002780496
   4.8353439638   0.0077792119  -0.0068858415  -0.0011081115
   4.8497778264   0.0077881137  -0.0074571950  -0.0020038334
   4.8642116889   0.0068880545  -0.0078678499  -0.0023646623
   4.8786455515   0.0051687130  -0.0081085327  -0.0022215405
   4.8930794141   0.0028278440  -0.0081676544  -0.0016770843
   4.9075132767   0.0001477346  -0.0080353754  -0.0008911703
   4.9219471393  -0.0025416986  -0.0077090176  -0.0000566644
   4.9363810018  -0.0049087545  -0.0071972995   0.0006316645
   4.9508148644  -0.0066675517  -0.0065216077   0.0010100171
   4.9652487270  -0.0076190288  -0.0057139695   0.0009740479
   4.9796825896  -0.0076780722  -0.0048127787   0.0004970453
   4.9941164521  -0.0068825582  -0.0038580291  -0.0003662623
   5.0085503147  -0.0053839427  -0.0028876221  -0.0014912294
   5.0229841773  -0.0034223405  -0.0019354738  -0.0027075423
   5.0374180399  -0.0012909352  -0.0010311704  -0.0038306843
   5.0518519025   0.0007049722  -0.0002002844  -0.0046937619
   5.0662857650   0.0022893167   0.0005355778  -0.0051734463
   5.0807196276   0.0032524975   0.0011594826  -0.0052059890
   5.0951534902   0.0034801277   0.0016604880  -0.0047921582
   5.1095873528   0.0029691533   0.0020349828  -0.0039924379
   5.1240212154   0.0018280486   0.0022873470  -0.0029151656
   5.1384550779   0.0002597968   0.0024294676  -0.0017003604
   5.1528889405  -0.0014705973   0.0024790438  -0.0005012830
   5.1673228031  -0.0030789946   0.0024570098   0.0005349270
   5.1817566657  -0.0043078446   0.0023846643   0.0012863053
   5.1961905282  -0.0049664052   0.0022811592   0.0016730254
   5.2106243908  -0.0049583765   0.0021618585   0.0016697200
   5.2250582534  -0.0042927287   0.0020377686   0.0013103329
   5.2394921160  -0.0030770853   0.0019158779   0.0006833856
   5.2539259786  -0.0014963172   0.0017999833  -0.0000826906
   5.2683598411   0.0002187493   0.0016915536  -0.0008421351
   5.2827937037   0.0018267305   0.0015903809  -0.0014581250
   5.2972275663   0.0031097948   0.0014950484  -0.0018272122
   5.3116614289   0.0039022875   0.0014034023  -0.0018965524
   5.3260952914   0.0041111118   0.0013131504  -0.0016701822
   5.3405291540   0.0037263095   0.0012225039  -0.0012033478
   5.3549630166   0.0028210784   0.0011306235  -0.0005869645
   5.3693968792   0.0015410485   0.0010376880   0.0000732512
   5.3838307418   0.0000834362   0.0009446333   0.0006774309
   5.3982646043  -0.0013319731   0.0008528384   0.0011472179
   5.4126984669  -0.0024962663   0.0007640517   0.0014339267
   5.4271323295  -0.0032438517   0.0006806212   0.0015194367
   5.4415661921  -0.0034778092   0.0006057667   0.0014121951
   5.4560000547  -0.0031829992   0.0005434602   0.0011413839
   5.4704339172  -0.0024244211   0.0004976200   0.0007514560
   5.4848677798  -0.0013318749   0.0004707279   0.0002975541
   5.4993016424  -0.0000751955   0.0004624011  -0.0001591357
   5.5137355050   0.0011639463   0.0004686379  -0.0005574095
   5.5281693675   0.0022179930   0.0004822525  -0.0008438641
   5.5426032301   0.0029534670   0.0004945095  -0.0009813504
   5.5570370927   0.0032837667   0.0004974086  -0.0009556676
   5.5714709553   0.0031755558   0.0004857509  -0.0007780193
   5.5859048179   0.0026501615   0.0004582020  -0.0004819974
   5.6003386804   0.0017808110   0.0004170274  -0.0001158442
   5.6147725430   0.0006854662   0.0003667612   0.0002675125
   5.6292064056  -0.0004855986   0.0003125042   0.0006195087
   5.6436402682  -0.0015678499   0.0002586167   0.0009016685
   5.6580741308  -0.0024050170   0.0002082665   0.0010872778
   5.6725079933  -0.0028729799   0.0001637981   0.0011600936
   5.6869418559  -0.0029005135   0.0001274572   0.0011122702
   5.7013757185  -0.0024822563   0.0001018489   0.0009436279
   5.7158095811  -0.0016806644   0.0000896831   0.0006632855
   5.7302434436  -0.0006162055   0.0000927640   0.0002930550
   5.7446773062   0.0005521839   0.0001106291  -0.0001294242
   5.7591111688   0.0016522430   0.0001395190  -0.0005504400
   5.7735450314   0.0025241923   0.0001723411  -0.0009049357
   5.7879788940   0.0030428761   0.0001999479  -0.0011267078
   5.8024127565   0.0031335280   0.0002135119  -0.0011624367
   5.8168466191   0.0027802626   0.0002072405  -0.0009860296
   5.8312804817   0.0020276645   0.0001804079  -0.0006089112
   5.8457143443   0.0009761845   0.0001378309  -0.0000825680
   5.8601482069  -0.0002283379   0.0000884794   0.0005082779
   5.8745820694  -0.0014111593   0.0000426634   0.0010607358
   5.8890159320  -0.0023910207   0.0000088443   0.0014735109
   5.9034497946  -0.0030070433  -0.0000087199   0.0016666414
   5.9178836572  -0.0031466754  -0.0000106575   0.0015968554
   5.9323175197  -0.0027693257  -0.0000013952   0.0012657641
   5.9467513823  -0.0019196423   0.0000130470   0.0007200663
   5.9611852449  -0.0007256885   0.0000273254   0.0000444988
   5.9756191075   0.0006195610   0.0000381714  -0.0006509442
   5.9900529701   0.0018908222   0.0000445368  -0.0012477975
   6.0044868326   0.0028708611   0.0000467634  -0.0016381008
   6.0189206952   0.0033901698   0.0000454888  -0.0017433617
   6.0333545578   0.0033577242   0.0000409899  -0.0015306471
   6.0477884204   0.0027768840   0.0000332831  -0.0010224546
   6.0622222830   0.0017440215   0.0000227754  -0.0002972845
   6.0766561455   0.0004310801   0.0000109186   0.0005207912
   6.0910900081  -0.0009439561   0.0000003091   0.0012829212
   6.1055238707  -0.0021531834  -0.0000059995   0.0018433106
   6.1199577333  -0.0029956817  -0.0000057574   0.0020886065
   6.1343915958  -0.0033298835   0.0000012145   0.0019623947
   6.1488254584  -0.0030969835   0.0000124059   0.0014790232
   6.1632593210  -0.0023320124   0.0000230797   0.0007231135
   6.1776931836  -0.0011604377   0.0000278170  -0.0001657230
   6.1921270462   0.0002202181   0.0000226543  -0.0010200366
   6.2065609087   0.0015720888   0.0000069830  -0.0016778286
   6.2209947713   0.0026577757  -0.0000156491  -0.0020147838
   6.2354286339   0.0032835429  -0.0000383440  -0.0019685524
   6.2498624965   0.0033365988  -0.0000531453  -0.0015501572
   6.2642963590   0.0028083019  -0.0000540248  -0.0008406711
   6.2787302216   0.0017974242  -0.0000393804   0.0000254495
   6.2931640842   0.0004917891  -0.0000129717   0.0008864264
   6.3075979468  -0.0008683381   0.0000171792   0.0015833099
   6.3220318094  -0.0020372630   0.0000415445   0.0019887767
   6.3364656719  -0.0028109535   0.0000524228   0.0020298588
   6.3508995345  -0.0030641475   0.0000465392   0.0017010644
   6.3653333971  -0.0027702503   0.0000259417   0.0010657233
   6.3797672597  -0.0020012096  -0.0000030345   0.0002449747
   6.3942011223  -0.0009091413  -0.0000321854  -0.0006042954
   6.4086349848   0.0003050239  -0.0000542034  -0.0013191470
   6.4230688474   0.0014288692  -0.0000647503  -0.0017625578
   6.4375027100   0.0022748341  -0.0000632026  -0.0018512154
   6.4519365726   0.0027098928  -0.0000520428  -0.0015729627
   6.4663704351   0.0026747519  -0.0000353820  -0.0009896406
   6.4808042977   0.0021906202  -0.0000173421  -0.0002242384
   6.4952381603   0.0013532637  -0.0000009378   0.0005651024
   6.5096720229   0.0003155142   0.0000122301   0.0012185805
   6.5241058855  -0.0007392150   0.0000215620   0.0016083015
   6.5385397480  -0.0016285183   0.0000267260   0.0016645055
   6.5529736106  -0.0022026861   0.0000271023   0.0013887759
   6.5674074732  -0.0023709500   0.0000217638   0.0008515722
   6.5818413358  -0.0021171860   0.0000100434   0.0001750118
   6.5962751984  -0.0015016280  -0.0000076025  -0.0004948751
   6.6107090609  -0.0006478704  -0.0000289296  -0.0010199572
   6.6251429235   0.0002823309  -0.0000499017  -0.0012987686
   6.6395767861   0.0011210800  -0.0000655272  -0.0012861610
   6.6540106487   0.0017261964  -0.0000713179  -0.0010001451
   6.6684445112   0.0020061177  -0.0000648293  -0.0005152344
   6.6828783738   0.0019330556  -0.0000466584   0.0000555442
   6.6973122364   0.0015427310  -0.0000204863   0.0005857231
   6.7117460990   0.0009222707   0.0000078633   0.0009622586
   6.7261799616   0.0001902358   0.0000319919   0.0011088759
   6.7406138241  -0.0005262713   0.0000465664   0.0010014060
   6.7550476867  -0.0011129124   0.0000485297   0.0006721169
   6.7694815493  -0.0014846686   0.0000376161   0.0002020635
   6.7839154119  -0.0015960575   0.0000161847  -0.0002971755
   6.7983492745  -0.0014447003  -0.0000114269  -0.0007086768
   6.8127831370  -0.0010687052  -0.0000397892  -0.0009368147
   6.8272169996  -0.0005387300  -0.0000633284  -0.0009292773
   6.8416508622   0.0000541233  -0.0000772528  -0.0006892051
   6.8560847248   0.0006130463  -0.0000784072  -0.0002744353
   6.8705185873   0.0010508921  -0.0000659721   0.0002160670
   6.8849524499   0.0013038005  -0.0000418608   0.0006653803
   6.8993863125   0.0013407148  -0.0000106324   0.0009658839
   6.9138201751   0.0011670018   0.0000212053   0.0010441747
   6.9282540377   0.0008215060   0.0000464856   0.0008778932
   6.9426879002   0.0003678071   0.0000590490   0.0005007232
   6.9571217628  -0.0001182408   0.0000553930  -0.0000053499
   6.9715556254  -0.0005618373   0.0000358222  -0.0005285107
   6.9859894880  -0.0009006405   0.0000046784  -0.0009519368
   7.0004233506  -0.0010923249  -0.0000305516  -0.0011793334
   7.0148572131  -0.0011177151  -0.0000611154  -0.0011556151
   7.0292910757  -0.0009802075  -0.0000793750  -0.0008785066
   7.0437249383  -0.0007029258  -0.0000809719  -0.0003989964
   7.0581588009  -0.0003249828  -0.0000660640   0.0001890099
   7.0725926634   0.0001024985  -0.0000391978   0.0007674152
   7.0870265260   0.0005208536  -0.0000078423   0.0012172335
   7.1014603886   0.0008695923   0.0000199124   0.0014420906
   7.1158942512   0.0010938842   0.0000376998   0.0013876759
   7.1303281138   0.0011534078   0.0000424875   0.0010535908
   7.1447619763   0.0010309747   0.0000349940   0.0004952104
   7.1591958389   0.0007385341   0.0000189116  -0.0001852290
   7.1736297015   0.0003182144  -0.0000006415  -0.0008571810
   7.1880635641  -0.0001629090  -0.0000188083  -0.0013868507
   7.2024974266  -0.0006239361  -0.0000322369  -0.0016640241
   7.2169312892  -0.0009850209  -0.0000395611  -0.0016251696
   7.2313651518  -0.0011826811  -0.0000411265  -0.0012677669
   7.2457990144  -0.0011820037  -0.0000382446  -0.0006524959
   7.2602328770  -0.0009830229  -0.0000323783   0.0001075200
   7.2746667395  -0.0006200781  -0.0000246082   0.0008684011
   7.2891006021  -0.0001547050  -0.0000155482   0.0014837101
   7.3035344647   0.0003359679  -0.0000056518   0.0018333384
   7.3179683273   0.0007726288   0.0000043344   0.0018471449
   7.3324021899   0.0010863916   0.0000130771   0.0015185935
   7.3468360524   0.0012286989   0.0000187509   0.0009058123
   7.3612699150   0.0011775616   0.0000195565   0.0001201457
   7.3757037776   0.0009399687   0.0000144719  -0.0006951984
   7.3901376402   0.0005507194   0.0000038997  -0.0013919663
   7.4045715027   0.0000679778  -0.0000101255  -0.0018438992
   7.4190053653  -0.0004342120  -0.0000243381  -0.0019690735
   7.4334392279  -0.0008760982  -0.0000351606  -0.0017438323
   7.4478730905  -0.0011842559  -0.0000398190  -0.0012063210
   7.4623069531  -0.0013039360  -0.0000372332  -0.0004494582
   7.4767408156  -0.0012095291  -0.0000283484   0.0003952119
   7.4911746782  -0.0009107659  -0.0000157907   0.0011800664
   7.5056085408  -0.0004528229  -0.0000029898   0.0017667400
   7.5200424034   0.0000902809   0.0000069029   0.0020501700
   7.5344762660   0.0006280622   0.0000119252   0.0019773153
   7.5489101285   0.0010694006   0.0000117536   0.0015571802
   7.5633439911   0.0013386759   0.0000075823   0.0008601001
   7.5777778537   0.0013890601   0.0000015182   0.0000060889
   7.5922117163   0.0012105150  -0.0000042658  -0.0008559161
   7.6066455788   0.0008312271  -0.0000083063  -0.0015742923
   7.6210794414   0.0003125271  -0.0000102791  -0.0020217097
   7.6355133040  -0.0002615207  -0.0000109371  -0.0021179149
   7.6499471666  -0.0007978952  -0.0000115972  -0.0018441541
   7.6643810292  -0.0012094617  -0.0000133963  -0.0012466357
   7.6788148917  -0.0014286369  -0.0000166312  -0.0004284559
   7.6932487543  -0.0014179660  -0.0000204733   0.0004684913
   7.7076826169  -0.0011761975  -0.0000231991   0.0012883346
   7.7221164795  -0.0007390036  -0.0000228658   0.0018883609
   7.7365503421  -0.0001741097  -0.0000181718   0.0021637394
   7.7509842046   0.0004287165  -0.0000091590   0.0020656278
   7.7654180672   0.0009715936   0.0000025397   0.0016096585
   7.7798519298   0.0013643825   0.0000140301   0.0008734411
   7.7942857924   0.0015398938   0.0000219823  -0.0000164917
   7.8087196549   0.0014657128   0.0000236833  -0.0009061840
   7.8231535175   0.0011503393   0.0000179709  -0.0016407154
   7.8375873801   0.0006423514   0.0000057296  -0.0020912294
   7.8520212427   0.0000226638  -0.0000102308  -0.0021778689
   7.8664551053  -0.0006086985  -0.0000259033  -0.0018844374
   7.8808889678  -0.0011489178  -0.0000372108  -0.0012618786
   7.8953228304  -0.0015089950  -0.0000411905  -0.0004196174
   7.9097566930  -0.0016280167  -0.0000368606   0.0004938940
   7.9241905556  -0.0014830003  -0.0000254905   0.0013179158
   7.9386244181  -0.0010929742  -0.0000101852   0.0019084180
   7.9530582807  -0.0005167285   0.0000050728   0.0021638312
   7.9674921433   0.0001555596   0.0000165980   0.0020427303
   7.9819260059   0.0008158491   0.0000220063   0.0015703018
