   0.0000000000   0.0000000000   0.0000000000   0.0000000000
   0.0144338626   0.0000000000   0.0000000000   0.0000000000
   0.0288677252   0.0000000000   0.0000000000   0.0000000000
   0.0433015877   0.0000000000   0.0000000000   0.0000000000
   0.0577354503   0.0000000000   0.0000000000   0.0000000000
   0.0721693129   0.0000000000   0.0000000000   0.0000000000
   0.0866031755   0.0000000000   0.0000000000   0.0000000000
   0.1010370380   0.0000000000   0.0000000000   0.0000000000
   0.1154709006   0.0000000000   0.0000000000   0.0000000000
   0.1299047632  -0.0000000000   0.0000000000   0.0000000000
   0.1443386258  -0.0000000000  -0.0000000000   0.0000000000
   0.1587724884  -0.0000000000  -0.0000000000   0.0000000000
   0.1732063509  -0.0000000000  -0.0000000000   0.0000000000
   0.1876402135   0.0000000000  -0.0000000000  -0.0000000000
   0.2020740761   0.0000000000  -0.0000000000  -0.0000000000
   0.2165079387   0.0000000000  -0.0000000000  -0.0000000000
   0.2309418013   0.0000000000   0.0000000000  -0.0000000000
   0.2453756638  -0.0000000000   0.0000000000   0.0000000000
   0.2598095264  -0.0000000000   0.0000000000   0.0000000000
   0.2742433890  -0.0000000000   0.0000000000   0.0000000000
   0.2886772516  -0.0000000000   0.0000000000   0.0000000000
   0.3031111141  -0.0000000000   0.0000000000   0.0000000000
   0.3175449767  -0.0000000000  -0.0000000000  -0.0000000000
   0.3319788393  -0.0000000000  -0.0000000000  -0.0000000000
   0.3464127019  -0.0000000000  -0.0000000000  -0.0000000000
   0.3608465645  -0.0000000000  -0.0000000000  -0.0000000000
   0.3752804270   0.0000000000  -0.0000000000  -0.0000000000
   0.3897142896   0.0000000000  -0.0000000000  -0.0000000000
   0.4041481522   0.0000000000  -0.0000000000  -0.0000000000
   0.4185820148   0.0000000000  -0.0000000000   0.0000000000
   0.4330158774   0.0000000000   0.0000000000   0.0000000000
   0.4474497399   0.0000000000   0.0000000000   0.0000000000
   0.4618836025   0.0000000000   0.0000000000   0.0000000000
   0.4763174651   0.0000000000   0.0000000000   0.0000000000
   0.4907513277   0.0000000000   0.0000000000   0.0000000000
   0.5051851902   0.0000000000   0.0000000000   0.0000000000
   0.5196190528   0.0000000000   0.0000000000   0.0000000000
   0.5340529154   0.0000000000   0.0000000000   0.0000000000
   0.5484867780  -0.0000000000   0.0000000000  -0.0000000000
   0.5629206406  -0.0000000000  -0.0000000000  -0.0000000000
   0.5773545031  -0.0000000000  -0.0000000000  -0.0000000000
   0.5917883657  -0.0000000000  -0.0000000000  -0.0000000000
   0.6062222283  -0.0000000000  -0.0000000000  -0.0000000000
   0.6206560909  -0.0000000000  -0.0000000000  -0.0000000000
   0.6350899535  -0.0000000000  -0.0000000000  -0.0000000000
   0.6495238160  -0.0000000000  -0.0000000000  -0.0000000000
   0.6639576786  -0.0000000000  -0.0000000000  -0.0000000000
   0.6783915412  -0.0000000000  -0.0000000000  -0.0000000000
   0.6928254038  -0.0000000000  -0.0000000000  -0.0000000000
   0.7072592663  -0.0000000000  -0.0000000000  -0.0000000000
   0.7216931289   0.0000000000  -0.0000000000   0.0000000000
   0.7361269915   0.0000000000  -0.0000000000   0.0000000000
   0.7505608541   0.0000000000  -0.0000000000   0.0000000000
   0.7649947167   0.0000000000   0.0000000000   0.0000000000
   0.7794285792   0.0000000000   0.0000000000   0.0000000000
   0.7938624418   0.0000000000   0.0000000000   0.0000000000
   0.8082963044   0.0000000000   0.0000000000   0.0000000000
   0.8227301670   0.0000000000   0.0000000000   0.0000000000
   0.8371640296   0.0000000000   0.0000000000   0.0000000000
   0.8515978921   0.0000000000   0.0000000000   0.0000000000
   0.8660317547   0.0000000000   0.0000000000   0.0000000000
   0.8804656173   0.0000000000  -0.0000000000  -0.0000000000
   0.8948994799  -0.0000000000  -0.0000000000  -0.0000000000
   0.9093333424  -0.0000000000  -0.0000000000  -0.0000000000
   0.9237672050  -0.0000000000  -0.0000000000  -0.0000000000
   0.9382010676  -0.0000000000  -0.0000000000  -0.0000000000
   0.9526349302  -0.0000000000  -0.0000000000  -0.0000000000
   0.9670687928  -0.0000000000  -0.0000000000  -0.0000000000
   0.9815026553  -0.0000000000   0.0000000000   0.0000000000
   0.9959365179   0.0000000000   0.0000000000   0.0000000000
   1.0103703805   0.0000000000   0.0000000000   0.0000000000
   1.0248042431   0.0000000000   0.0000000000   0.0000000000
   1.0392381056   0.0000000000   0.0000000000   0.0000000000
   1.0536719682   0.0000000000   0.0000000000   0.0000000000
   1.0681058308   0.0000000000   0.0000000000   0.0000000000
   1.0825396934  -0.0000000000  -0.0000000000  -0.0000000000
   1.0969735560  -0.0000000000  -0.0000000000  -0.0000000000
   1.1114074185  -0.0000000000  -0.0000000000  -0.0000000000
   1.1258412811  -0.0000000000  -0.0000000000  -0.0000000000
   1.1402751437  -0.0000000000  -0.0000000000  -0.0000000000
   1.1547090063  -0.0000000000  -0.0000000000  -0.0000000000
   1.1691428689   0.0000000000   0.0000000000   0.0000000000
   1.1835767314   0.0000000000   0.0000000000   0.0000000000
   1.1980105940   0.0000000000   0.0000000000   0.0000000000
   1.2124444566   0.0000000000   0.0000000000   0.0000000000
   1.2268783192   0.0000000000   0.0000000000   0.0000000000
   1.2413121817  -0.0000000000   0.0000000000   0.0000000000
   1.2557460443  -0.0000000000  -0.0000000000  -0.0000000000
   1.2701799069  -0.0000000000  -0.0000000000  -0.0000000000
   1.2846137695  -0.0000000000  -0.0000000000  -0.0000000000
   1.2990476321  -0.0000000000  -0.0000000000  -0.0000000000
   1.3134814946   0.0000000000  -0.0000000000  -0.0000000000
   1.3279153572   0.0000000000   0.0000000000   0.0000000000
   1.3423492198   0.0000000000   0.0000000000   0.0000000000
   1.3567830824   0.0000000000   0.0000000000   0.0000000000
   1.3712169450   0.0000000000   0.0000000000   0.0000000000
   1.3856508075  -0.0000000000   0.0000000000   0.0000000000
   1.4000846701  -0.0000000000   0.0000000000  -0.0000000000
   1.4145185327  -0.0000000000  -0.0000000000  -0.0000000000
   1.4289523953  -0.0000000000  -0.0000000000  -0.0000000000
   1.4433862578  -0.0000000000  -0.0000000000  -0.0000000000
   1.4578201204   0.0000000000  -0.0000000000  -0.0000000000
   1.4722539830   0.0000000000  -0.0000000000  -0.0000000000
   1.4866878456   0.0000000000   0.0000000000   0.0000000000
   1.5011217082   0.0000000000   0.0000000000   0.0000000000
   1.5155555707   0.0000000000   0.0000000000   0.0000000000
   1.5299894333  -0.0000000000   0.0000000000   0.0000000000
   1.5444232959  -0.0000000000   0.0000000000   0.0000000000
   1.5588571585  -0.0000000000   0.0000000000  -0.0000000000
   1.5732910211  -0.0000000000  -0.0000000000  -0.0000000000
   1.5877248836  -0.0000000000  -0.0000000000  -0.0000000000
   1.6021587462   0.0000000000  -0.0000000000  -0.0000000000
   1.6165926088   0.0000000000  -0.0000000000   0.0000000000
   1.6310264714   0.0000000000  -0.0000000000   0.0000000000
   1.6454603339   0.0000000000   0.0000000000   0.0000000000
   1.6598941965   0.0000000000   0.0000000000   0.0000000000
   1.6743280591   0.0000000000   0.0000000000   0.0000000000
   1.6887619217   0.0000000000   0.0000000000  -0.0000000000
   1.7031957843   0.0000000000   0.0000000000  -0.0000000000
   1.7176296468   0.0000000000   0.0000000000  -0.0000000000
   1.7320635094  -0.0000000000   0.0000000000  -0.0000000000
   1.7464973720  -0.0000000000  -0.0000000000  -0.0000000000
   1.7609312346  -0.0000000000  -0.0000000000   0.0000000000
   1.7753650971  -0.0000000001  -0.0000000000   0.0000000001
   1.7897989597  -0.0000000001  -0.0000000000   0.0000000002
   1.8042328223  -0.0000000000  -0.0000000000   0.0000000002
   1.8186666849   0.0000000001  -0.0000000000   0.0000000001
   1.8331005475   0.0000000002  -0.0000000000  -0.0000000000
   1.8475344100   0.0000000004   0.0000000000  -0.0000000003
   1.8619682726   0.0000000004   0.0000000001  -0.0000000005
   1.8764021352   0.0000000002   0.0000000002  -0.0000000007
   1.8908359978  -0.0000000002   0.0000000002  -0.0000000007
   1.9052698604  -0.0000000008   0.0000000002  -0.0000000004
   1.9197037229  -0.0000000013   0.0000000000   0.0000000003
   1.9341375855  -0.0000000014  -0.0000000002   0.0000000012
   1.9485714481  -0.0000000008  -0.0000000006   0.0000000021
   1.9630053107   0.0000000004  -0.0000000009   0.0000000026
   1.9774391732   0.0000000020  -0.0000000009   0.0000000022
   1.9918730358   0.0000000029  -0.0000000005   0.0000000004
   2.0063068984   0.0000000022   0.0000000007  -0.0000000029
   2.0207407610  -0.0000000007   0.0000000024  -0.0000000070
   2.0351746236  -0.0000000049   0.0000000041  -0.0000000103
   2.0496084861  -0.0000000076   0.0000000045  -0.0000000099
   2.0640423487  -0.0000000040   0.0000000017  -0.0000000021
   2.0784762113   0.0000000102  -0.0000000058   0.0000000155
   2.0929100739   0.0000000349  -0.0000000179   0.0000000406
   2.1073439365   0.0000000595  -0.0000000302   0.0000000625
   2.1217777990   0.0000000599  -0.0000000326   0.0000000592
   2.1362116616   0.0000000017  -0.0000000098   0.0000000018
   2.1506455242  -0.0000001437   0.0000000520  -0.0000001316
   2.1650793868  -0.0000003679   0.0000001531  -0.0000003299
   2.1795132493  -0.0000005865   0.0000002627  -0.0000005170
   2.1939471119  -0.0000006120   0.0000003039  -0.0000005304
   2.2083809745  -0.0000001730   0.0000001564  -0.0000001409
   2.2228148371   0.0000009832  -0.0000003065   0.0000008589
   2.2372486997   0.0000028851  -0.0000011336   0.0000024803
   2.2516825622   0.0000050593  -0.0000021707   0.0000043082
   2.2661164248   0.0000062901  -0.0000029362   0.0000053082
   2.2805502874   0.0000046110  -0.0000025781   0.0000038329
   2.2949841500  -0.0000022360  -0.0000000220  -0.0000019792
   2.3094180126  -0.0000156981   0.0000055923  -0.0000132785
   2.3238518751  -0.0000347053   0.0000141688  -0.0000291019
   2.3382857377  -0.0000537787   0.0000237492  -0.0000448540
   2.3527196003  -0.0000618229   0.0000297940  -0.0000513966
   2.3671534629  -0.0000428307   0.0000251965  -0.0000357359
   2.3815873254   0.0000202649   0.0000016398   0.0000157354
   2.3960211880   0.0001379379  -0.0000472783   0.0001110011
   2.4104550506   0.0003032201  -0.0001212323   0.0002437981
   2.4248889132   0.0004800385  -0.0002075398   0.0003846345
   2.4393227758   0.0005949111  -0.0002764783   0.0004748386
   2.4537566383   0.0005371964  -0.0002799583   0.0004276987
   2.4681905009   0.0001725388  -0.0001559799   0.0001401066
   2.4826243635  -0.0006285273   0.0001596537  -0.0004841891
   2.4970582261  -0.0019495075   0.0007148558  -0.0015023968
   2.5114920887  -0.0037827367   0.0015191609  -0.0028985706
   2.5259259512  -0.0059931428   0.0025237489  -0.0045580052
   2.5403598138  -0.0083058950   0.0036108368  -0.0062614122
   2.5547936764  -0.0103299317   0.0045991515  -0.0077072458
   2.5692275390  -0.0116212960   0.0052691466  -0.0085637808
   2.5836614015  -0.0117784033   0.0054063654  -0.0085433048
   2.5980952641  -0.0105490696   0.0048551420  -0.0074817469
   2.6125291267  -0.0079206143   0.0035695986  -0.0054015439
   2.6269629893  -0.0041635203   0.0016467238  -0.0025362563
   2.6413968519   0.0001920865  -0.0006713816   0.0006965611
   2.6558307144   0.0044506940  -0.0030320875   0.0037739437
   2.6702645770   0.0078988576  -0.0050396241   0.0061814825
   2.6846984396   0.0099699448  -0.0063409744   0.0075339554
   2.6991323022   0.0103812711  -0.0067088114   0.0076691056
   2.7135661647   0.0092032621  -0.0060987418   0.0066865465
   2.7280000273   0.0068381387  -0.0046637565   0.0049186377
   2.7424338899   0.0039118666  -0.0027201095   0.0028401018
   2.7568677525   0.0011094225  -0.0006725817   0.0009417613
   2.7713016151  -0.0009990590   0.0010810856  -0.0003951745
   2.7857354776  -0.0020911939   0.0022407598  -0.0009882058
   2.8001693402  -0.0021478602   0.0026654509  -0.0008817151
   2.8146032028  -0.0014200351   0.0023908431  -0.0003091552
   2.8290370654  -0.0003237347   0.0016011936   0.0003955358
   2.8434709280   0.0006988722   0.0005671546   0.0009074377
   2.8579047905   0.0013066251  -0.0004301198   0.0010067312
   2.8723386531   0.0013374676  -0.0011663869   0.0006336143
   2.8867725157   0.0008202259  -0.0015162478  -0.0001108649
   2.9012063783  -0.0000731670  -0.0014624995  -0.0010132382
   2.9156402408  -0.0011091595  -0.0010766316  -0.0018257320
   2.9300741034  -0.0020742352  -0.0004822088  -0.0023470878
   2.9445079660  -0.0028285844   0.0001842943  -0.0024807218
   2.9589418286  -0.0033187715   0.0008032671  -0.0022541362
   2.9733756912  -0.0035544488   0.0012867104  -0.0017968931
   2.9878095537  -0.0035678133   0.0015793794  -0.0012875544
   3.0022434163  -0.0033787130   0.0016526709  -0.0008888743
   3.0166772789  -0.0029822428   0.0014986927  -0.0006929032
   3.0311111415  -0.0023627394   0.0011292672  -0.0006932700
   3.0455450041  -0.0015243371   0.0005798165  -0.0007924617
   3.0599788666  -0.0005197910  -0.0000863260  -0.0008404692
   3.0744127292   0.0005402765  -0.0007794224  -0.0006912388
   3.0888465918   0.0015064846  -0.0013950659  -0.0002579376
   3.1032804544   0.0022333463  -0.0018358163   0.0004512894
   3.1177143169   0.0026286482  -0.0020368996   0.0013288976
   3.1321481795   0.0026878900  -0.0019865332   0.0021964722
   3.1465820421   0.0024969921  -0.0017317592   0.0028571561
   3.1610159047   0.0021993990  -0.0013652877   0.0031552495
   3.1754497673   0.0019392964  -0.0009961742   0.0030239904
   3.1898836298   0.0018040131  -0.0007141627   0.0025063600
   3.2043174924   0.0017903946  -0.0005610308   0.0017423733
   3.2187513550   0.0018106412  -0.0005203582   0.0009269347
   3.2331852176   0.0017363580  -0.0005301814   0.0002516014
   3.2476190802   0.0014625132  -0.0005136681  -0.0001513498
   3.2620529427   0.0009633706  -0.0004152163  -0.0002448632
   3.2764868053   0.0003149612  -0.0002267477  -0.0000916604
   3.2909206679  -0.0003273127   0.0000071555   0.0001739109
   3.3053545305  -0.0007877158   0.0002076857   0.0003972319
   3.3197883930  -0.0009411273   0.0002960392   0.0004603318
   3.3342222556  -0.0007653445   0.0002287034   0.0003242083
   3.3486561182  -0.0003519003   0.0000184939   0.0000408548
   3.3630899808   0.0001295225  -0.0002678399  -0.0002701287
   3.3775238434   0.0004978769  -0.0005344949  -0.0004721257
   3.3919577059   0.0006302723  -0.0006933994  -0.0004698730
   3.4063915685   0.0005052142  -0.0006974310  -0.0002519227
   3.4208254311   0.0002026878  -0.0005564875   0.0001012526
   3.4352592937  -0.0001367146  -0.0003304840   0.0004484305
   3.4496931563  -0.0003741436  -0.0001032207   0.0006462766
   3.4641270188  -0.0004288867   0.0000512126   0.0006109017
   3.4785608814  -0.0003057411   0.0000954596   0.0003552098
   3.4929947440  -0.0000842872   0.0000389729  -0.0000154804
   3.5074286066   0.0001221723  -0.0000715117  -0.0003488168
   3.5218624691   0.0002180726  -0.0001755186  -0.0005122391
   3.5362963317   0.0001648551  -0.0002255449  -0.0004511709
   3.5507301943  -0.0000074101  -0.0002057119  -0.0002117824
   3.5651640569  -0.0002185176  -0.0001353641   0.0000823736
   3.5795979195  -0.0003764051  -0.0000573536   0.0002889540
   3.5940317820  -0.0004175529  -0.0000170444   0.0003130163
   3.6084656446  -0.0003324363  -0.0000414701   0.0001495768
   3.6228995072  -0.0001664618  -0.0001274521  -0.0001172030
   3.6373333698   0.0000024381  -0.0002433515  -0.0003568987
   3.6517672323   0.0000988916  -0.0003432906  -0.0004562361
   3.6662010949   0.0000825959  -0.0003875079  -0.0003720689
   3.6806349575  -0.0000352847  -0.0003600185  -0.0001488541
   3.6950688201  -0.0001982762  -0.0002759276   0.0001064129
   3.7095026827  -0.0003302438  -0.0001751253   0.0002779300
   3.7239365452  -0.0003693260  -0.0001049459   0.0002962758
   3.7383704078  -0.0002954306  -0.0000992718   0.0001684245
   3.7528042704  -0.0001392262  -0.0001633413  -0.0000304309
   3.7672381330   0.0000315244  -0.0002712401  -0.0001970095
   3.7816719956   0.0001424626  -0.0003775124  -0.0002507250
   3.7961058581   0.0001463897  -0.0004378750  -0.0001701297
   3.8105397207   0.0000448402  -0.0004296129   0.0000012429
   3.8249735833  -0.0001127599  -0.0003620932   0.0001799715
   3.8394074459  -0.0002523487  -0.0002722471   0.0002843570
   3.8538413084  -0.0003102486  -0.0002069481   0.0002716391
   3.8682751710  -0.0002633849  -0.0002006054   0.0001540101
   3.8827090336  -0.0001400786  -0.0002588019  -0.0000117633
   3.8971428962  -0.0000059741  -0.0003560284  -0.0001535706
   3.9115767588   0.0000682125  -0.0004487024  -0.0002168131
   3.9260106213   0.0000413609  -0.0004970560  -0.0001859444
   3.9404444839  -0.0000780867  -0.0004849737  -0.0000867400
   3.9548783465  -0.0002367525  -0.0004278190   0.0000291789
   3.9693122091  -0.0003631456  -0.0003643189   0.0001087137
   3.9837460717  -0.0004031497  -0.0003366450   0.0001193306
   3.9981799342  -0.0003463711  -0.0003688152   0.0000602146
   4.0126137968  -0.0002303302  -0.0004543540  -0.0000404415
   4.0270476594  -0.0001208510  -0.0005593772  -0.0001392814
   4.0414815220  -0.0000790624  -0.0006393765  -0.0001963076
   4.0559153845  -0.0001319579  -0.0006610747  -0.0001907336
   4.0703492471  -0.0002611975  -0.0006183111  -0.0001284435
   4.0847831097  -0.0004151080  -0.0005341891  -0.0000386209
   4.0992169723  -0.0005368412  -0.0004488549   0.0000389832
   4.1136508349  -0.0005936106  -0.0003995397   0.0000711816
   4.1280846974  -0.0005918746  -0.0004031592   0.0000459315
   4.1425185600  -0.0005710304  -0.0004500644  -0.0000221704
   4.1569524226  -0.0005794109  -0.0005115384  -0.0000988565
   4.1713862852  -0.0006452518  -0.0005565529  -0.0001478963
   4.1858201478  -0.0007573996  -0.0005688088  -0.0001526896
   4.2002540103  -0.0008650932  -0.0005553421  -0.0001321735
   4.2146878729  -0.0008963140  -0.0005426479  -0.0001429231
   4.2291217355  -0.0007851642  -0.0005627531  -0.0002648644
   4.2435555981  -0.0004950084  -0.0006365893  -0.0005754227
   4.2579894606  -0.0000272376  -0.0007629775  -0.0011226743
   4.2724233232   0.0005865484  -0.0009182912  -0.0019090678
   4.2868571858   0.0013027312  -0.0010662991  -0.0028926159
   4.3012910484   0.0020834289  -0.0011727454  -0.0040041353
   4.3157249110   0.0029042749  -0.0012173240  -0.0051711990
   4.3301587735   0.0037487586  -0.0011975661  -0.0063361263
   4.3445926361   0.0045931508  -0.0011235924  -0.0074585265
   4.3590264987   0.0053910538  -0.0010072787  -0.0085012748
   4.3734603613   0.0060668035  -0.0008518691  -0.0094081426
   4.3878942239   0.0065225270  -0.0006473703  -0.0100867654
   4.4023280864   0.0066571030  -0.0003737906  -0.0104091579
   4.4167619490   0.0063899082  -0.0000102485  -0.0102340355
   4.4311958116   0.0056805300   0.0004547655  -0.0094445860
   4.4456296742   0.0045380446   0.0010169058  -0.0079873165
   4.4600635367   0.0030184356   0.0016560021  -0.0058962386
   4.4744973993   0.0012136062   0.0023420132  -0.0032926898
   4.4889312619  -0.0007620802   0.0030435946  -0.0003616000
   4.5033651245  -0.0027825769   0.0037351094   0.0026851662
   4.5177989871  -0.0047162872   0.0043991405   0.0056433446
   4.5322328496  -0.0064292337   0.0050240470   0.0083366217
   4.5466667122  -0.0077890608   0.0055985278   0.0106193360
   4.5611005748  -0.0086732815   0.0061063514   0.0123677543
   4.5755344374  -0.0089826647   0.0065239935   0.0134719249
   4.5899682999  -0.0086574459   0.0068222886   0.0138390705
   4.6044021625  -0.0076917814   0.0069712825   0.0134122294
   4.6188360251  -0.0061415963   0.0069461700   0.0121981617
   4.6332698877  -0.0041227203   0.0067319976   0.0102914271
   4.6477037503  -0.0017990679   0.0063256204   0.0078807483
   4.6621376128   0.0006366480   0.0057347029   0.0052299165
   4.6765714754   0.0029855886   0.0049747238   0.0026357788
   4.6910053380   0.0050646407   0.0040655211   0.0003754392
   4.7054392006   0.0067242854   0.0030287826  -0.0013407530
   4.7198730632   0.0078608236   0.0018872227  -0.0023965599
   4.7343069257   0.0084226250   0.0006653646  -0.0027721060
   4.7487407883   0.0084108701  -0.0006088189  -0.0025256258
   4.7631746509   0.0078755598  -0.0019024304  -0.0017662841
   4.7776085135   0.0069076152  -0.0031772639  -0.0006305204
   4.7920423760   0.0056279133  -0.0043910360   0.0007308052
   4.8064762386   0.0041741963  -0.0055002344   0.0021553402
   4.8209101012   0.0026869253  -0.0064640610   0.0034698533
   4.8353439638   0.0012952447  -0.0072485669   0.0044978956
   4.8497778264   0.0001042649  -0.0078299281   0.0050797884
   4.8642116889  -0.0008151043  -0.0081959960   0.0051024660
   4.8786455515  -0.0014325167  -0.0083457606   0.0045294199
   4.8930794141  -0.0017595813  -0.0082870765   0.0034180731
   4.9075132767  -0.0018454888  -0.0080336378   0.0019151263
   4.9219471393  -0.0017669058  -0.0076024604   0.0002284423
   4.9363810018  -0.0016133992  -0.0070128471  -0.0014167924
   4.9508148644  -0.0014709491  -0.0062870404  -0.0028238209
   4.9652487270  -0.0014069452  -0.0054518388  -0.0038579269
   4.9796825896  -0.0014599426  -0.0045398183  -0.0044593745
   4.9941164521  -0.0016362574  -0.0035888217  -0.0046357181
   5.0085503147  -0.0019135313  -0.0026390977  -0.0044411379
   5.0229841773  -0.0022494118  -0.0017286104  -0.0039537787
   5.0374180399  -0.0025922694  -0.0008880397  -0.0032600095
   5.0518519025  -0.0028908660  -0.0001373602  -0.0024486215
   5.0662857650  -0.0031010334   0.0005146334  -0.0016115380
   5.0807196276  -0.0031891081   0.0010676947  -0.0008439549
   5.0951534902  -0.0031332765   0.0015255907  -0.0002377035
   5.1095873528  -0.0029244597   0.0018917251   0.0001336651
   5.1240212154  -0.0025677643   0.0021668820   0.0002336619
   5.1384550779  -0.0020842612   0.0023500172   0.0000772118
   5.1528889405  -0.0015116875   0.0024415142  -0.0002674382
   5.1673228031  -0.0009023109   0.0024470769  -0.0006927755
   5.1817566657  -0.0003169347   0.0023800610  -0.0010789524
   5.1961905282   0.0001844327   0.0022607581  -0.0013248885
   5.2106243908   0.0005530940   0.0021126000  -0.0013728752
   5.2250582534   0.0007603287   0.0019567563  -0.0012186002
   5.2394921160   0.0008015180   0.0018074287  -0.0009044170
   5.2539259786   0.0006945515   0.0016698873  -0.0005001937
   5.2683598411   0.0004733929   0.0015420637  -0.0000802982
   5.2827937037   0.0001793771   0.0014188828   0.0002945006
   5.2972275663  -0.0001465970   0.0012972399   0.0005849923
   5.3116614289  -0.0004686070   0.0011792450   0.0007714990
   5.3260952914  -0.0007563923   0.0010722016   0.0008465470
   5.3405291540  -0.0009835409   0.0009853989   0.0008085069
   5.3549630166  -0.0011256961   0.0009253944   0.0006606119
   5.3693968792  -0.0011611084   0.0008922607   0.0004156719
   5.3838307418  -0.0010744036   0.0008788297   0.0001027522
   5.3982646043  -0.0008624216   0.0008734828  -0.0002297587
   5.4126984669  -0.0005394424   0.0008652171  -0.0005189621
   5.4271323295  -0.0001388466   0.0008484898  -0.0007006221
   5.4415661921   0.0002905237   0.0008253608  -0.0007268292
   5.4560000547   0.0006928875   0.0008037296  -0.0005815629
   5.4704339172   0.0010164339   0.0007923926  -0.0002878255
   5.4848677798   0.0012231043   0.0007952641   0.0000968312
   5.4993016424   0.0012942547   0.0008076019   0.0004950013
   5.5137355050   0.0012309819   0.0008161985   0.0008290724
   5.5281693675   0.0010500642   0.0008036668   0.0010390500
   5.5426032301   0.0007779894   0.0007550428   0.0010931762
   5.5570370927   0.0004457545   0.0006638495   0.0009894213
   5.5714709553   0.0000860252   0.0005350162   0.0007497180
   5.5859048179  -0.0002675137   0.0003834764   0.0004111902
   5.6003386804  -0.0005802495   0.0002291942   0.0000186518
   5.6147725430  -0.0008182091   0.0000908777  -0.0003794094
   5.6292064056  -0.0009522696  -0.0000189408  -0.0007320298
   5.6436402682  -0.0009644912  -0.0000956220  -0.0009869323
   5.6580741308  -0.0008544170  -0.0001407370  -0.0010946770
   5.6725079933  -0.0006424688  -0.0001584213  -0.0010170884
   5.6869418559  -0.0003682118  -0.0001520154  -0.0007384569
   5.7013757185  -0.0000830513  -0.0001228687  -0.0002756190
   5.7158095811   0.0001609098  -0.0000718328   0.0003177117
   5.7302434436   0.0003225388  -0.0000023658   0.0009555957
   5.7446773062   0.0003802669   0.0000768528   0.0015337462
   5.7591111688   0.0003351495   0.0001517814   0.0019495730
   5.7735450314   0.0002079969   0.0002061142   0.0021230894
   5.7879788940   0.0000322527   0.0002266660   0.0020130935
   5.8024127565  -0.0001544838   0.0002087343   0.0016247168
   5.8168466191  -0.0003174918   0.0001588492   0.0010072743
   5.8312804817  -0.0004289495   0.0000932975   0.0002441391
   5.8457143443  -0.0004690524   0.0000326218  -0.0005619271
   5.8601482069  -0.0004256323  -0.0000058930  -0.0013043740
   5.8745820694  -0.0002939911  -0.0000147503  -0.0018868152
   5.8890159320  -0.0000779291   0.0000008803  -0.0022342375
   5.9034497946   0.0002083495   0.0000251297  -0.0023014494
   5.9178836572   0.0005388854   0.0000374445  -0.0020789739
   5.9323175197   0.0008768888   0.0000202322  -0.0015960390
   5.9467513823   0.0011789319  -0.0000348345  -0.0009195694
   5.9611852449   0.0014019850  -0.0001241281  -0.0001478182
   5.9756191075   0.0015114753  -0.0002336602   0.0006020584
   5.9900529701   0.0014878712  -0.0003438805   0.0012116409
   6.0044868326   0.0013297188  -0.0004354751   0.0015813939
   6.0189206952   0.0010524019  -0.0004939006   0.0016492052
   6.0333545578   0.0006835577  -0.0005113228   0.0014029290
   6.0477884204   0.0002572768  -0.0004860124   0.0008836551
   6.0622222830  -0.0001905962  -0.0004203844   0.0001786273
   6.0766561455  -0.0006246513  -0.0003192222  -0.0005946963
   6.0910900081  -0.0010097237  -0.0001891139  -0.0013098472
   6.1055238707  -0.0013099005  -0.0000390899  -0.0018532348
   6.1199577333  -0.0014889234   0.0001184960  -0.0021424469
   6.1343915958  -0.0015136770   0.0002681408  -0.0021380193
   6.1488254584  -0.0013609781   0.0003932525  -0.0018474820
   6.1632593210  -0.0010261007   0.0004798893  -0.0013220515
   6.1776931836  -0.0005301405   0.0005209057  -0.0006473319
   6.1921270462   0.0000769208   0.0005187038   0.0000702257
   6.2065609087   0.0007196193   0.0004851105   0.0007193228
   6.2209947713   0.0013071838   0.0004379909   0.0012005038
   6.2354286339   0.0017487231   0.0003955731   0.0014416204
   6.2498624965   0.0019701365   0.0003704957   0.0014099302
   6.2642963590   0.0019289453   0.0003657915   0.0011186284
   6.2787302216   0.0016238092   0.0003742840   0.0006260434
   6.2931640842   0.0010968141   0.0003815058   0.0000267847
   6.3075979468   0.0004281810   0.0003708705  -0.0005643017
   6.3220318094  -0.0002756196   0.0003290291  -0.0010328138
   6.3364656719  -0.0008984754   0.0002494640  -0.0012862399
   6.3508995345  -0.0013336136   0.0001333175  -0.0012718077
   6.3653333971  -0.0015023602  -0.0000122694  -0.0009869126
   6.3797672597  -0.0013699033  -0.0001770064  -0.0004797950
   6.3942011223  -0.0009552264  -0.0003498957   0.0001597899
   6.4086349848  -0.0003326435  -0.0005201945   0.0008180203
   6.4230688474   0.0003767461  -0.0006768589   0.0013789840
   6.4375027100   0.0010237238  -0.0008074326   0.0017467197
   6.4519365726   0.0014575529  -0.0008977881   0.0018629660
   6.4663704351   0.0015560335  -0.0009337700   0.0017172620
   6.4808042977   0.0012528944  -0.0009047830   0.0013476734
   6.4952381603   0.0005561115  -0.0008081889   0.0008322861
   6.5096720229  -0.0004478652  -0.0006526109   0.0002733621
   6.5241058855  -0.0016060869  -0.0004583115  -0.0002226455
   6.5385397480  -0.0027256566  -0.0002537487  -0.0005653469
   6.5529736106  -0.0036096754  -0.0000688904  -0.0006971161
   6.5674074732  -0.0040950383   0.0000727532  -0.0006031571
   6.5818413358  -0.0040840223   0.0001607101  -0.0003131497
   6.5962751984  -0.0035630746   0.0002003828   0.0001056699
   6.6107090609  -0.0026051852   0.0002110095   0.0005624710
   6.6251429235  -0.0013558746   0.0002193130   0.0009609306
   6.6395767861  -0.0000061824   0.0002508945   0.0012177842
   6.6540106487   0.0012416349   0.0003221734   0.0012781127
   6.6684445112   0.0022090782   0.0004354097   0.0011244199
   6.6828783738   0.0027708691   0.0005782223   0.0007779450
   6.6973122364   0.0028741763   0.0007274944   0.0002923411
   6.7117460990   0.0025448931   0.0008562055  -0.0002585293
   6.7261799616   0.0018804378   0.0009409920  -0.0007957651
   6.7406138241   0.0010306250   0.0009682812  -0.0012501769
   6.7550476867   0.0001699579   0.0009375258  -0.0015735488
   6.7694815493  -0.0005339362   0.0008610434  -0.0017443579
   6.7839154119  -0.0009502540   0.0007608725  -0.0017673365
   6.7983492745  -0.0010079534   0.0006636399  -0.0016677611
   6.8127831370  -0.0007073594   0.0005946471  -0.0014825301
   6.8272169996  -0.0001181426   0.0005723216  -0.0012506550
   6.8416508622   0.0006359563   0.0006039923  -0.0010056109
   6.8560847248   0.0014025256   0.0006837411  -0.0007711608
   6.8705185873   0.0020307262   0.0007928420  -0.0005610481
   6.8849524499   0.0024001339   0.0009029434  -0.0003817174
   6.8993863125   0.0024424293   0.0009816372  -0.0002363558
   6.9138201751   0.0021519998   0.0009994279  -0.0001282859
   6.9282540377   0.0015841142   0.0009365570  -0.0000621582
   6.9426879002   0.0008419867   0.0007879203  -0.0000423408
   6.9571217628   0.0000560879   0.0005646093  -0.0000690656
   6.9715556254  -0.0006399146   0.0002914602  -0.0001338910
   6.9859894880  -0.0011322323   0.0000011579  -0.0002165324
   7.0004233506  -0.0013454909  -0.0002734607  -0.0002849098
   7.0148572131  -0.0012543394  -0.0005066483  -0.0002993814
   7.0292910757  -0.0008869240  -0.0006844258  -0.0002208254
   7.0437249383  -0.0003200489  -0.0008054599  -0.0000208797
   7.0581588009   0.0003332656  -0.0008782025   0.0003083013
   7.0725926634   0.0009422544  -0.0009155880   0.0007476438
   7.0870265260   0.0013804597  -0.0009293102   0.0012503602
   7.1014603886   0.0015481120  -0.0009256540   0.0017476913
   7.1158942512   0.0013911037  -0.0009041069   0.0021604431
   7.1303281138   0.0009129313  -0.0008588506   0.0024140266
   7.1447619763   0.0001768701  -0.0007821897   0.0024537170
   7.1591958389  -0.0007027286  -0.0006684025   0.0022566815
   7.1736297015  -0.0015790411  -0.0005165692   0.0018380059
   7.1880635641  -0.0022982274  -0.0003315390   0.0012492946
   7.2024974266  -0.0027271260  -0.0001230330   0.0005700590
   7.2169312892  -0.0027779273   0.0000964141  -0.0001063356
   7.2313651518  -0.0024250141   0.0003136723  -0.0006892732
   7.2457990144  -0.0017106162   0.0005165525  -0.0011066697
   7.2602328770  -0.0007380955   0.0006943187  -0.0013168075
   7.2746667395   0.0003459177   0.0008374019  -0.0013139712
   7.2891006021   0.0013771653   0.0009369221  -0.0011269771
   7.3035344647   0.0022023502   0.0009846675  -0.0008112006
   7.3179683273   0.0027053486   0.0009738872  -0.0004360838
   7.3324021899   0.0028262742   0.0009007862  -0.0000710217
   7.3468360524   0.0025700683   0.0007661893   0.0002272426
   7.3612699150   0.0020033355   0.0005766499   0.0004231163
   7.3757037776   0.0012403621   0.0003444167   0.0005051302
   7.3901376402   0.0004212206   0.0000860596   0.0004834627
   7.4045715027  -0.0003137852  -0.0001799533   0.0003834884
   7.4190053653  -0.0008485719  -0.0004360625   0.0002376873
   7.4334392279  -0.0011102570  -0.0006680209   0.0000783387
   7.4478730905  -0.0010794811  -0.0008662861  -0.0000672861
   7.4623069531  -0.0007906123  -0.0010261735  -0.0001787174
   7.4767408156  -0.0003222960  -0.0011469675  -0.0002418136
   7.4911746782   0.0002194211  -0.0012304792  -0.0002475634
   7.5056085408   0.0007218893  -0.0012796124  -0.0001917555
   7.5200424034   0.0010865143  -0.0012973421  -0.0000763627
   7.5344762660   0.0012454628  -0.0012862435   0.0000877146
   7.5489101285   0.0011715857  -0.0012484579   0.0002780529
   7.5633439911   0.0008802301  -0.0011858564   0.0004603115
   7.5777778537   0.0004232894  -0.0011002030   0.0005917191
   7.5922117163  -0.0001226749  -0.0009932610   0.0006288670
   7.6066455788  -0.0006714364  -0.0008669287   0.0005385221
   7.6210794414  -0.0011421595  -0.0007235321   0.0003086453
   7.6355133040  -0.0014718506  -0.0005663064  -0.0000439019
   7.6499471666  -0.0016234603  -0.0003999135  -0.0004720025
   7.6643810292  -0.0015889900  -0.0002306885  -0.0009047239
   7.6788148917  -0.0013879243  -0.0000662979  -0.0012607504
   7.6932487543  -0.0010619504   0.0000853159  -0.0014658466
   7.7076826169  -0.0006671906   0.0002174968  -0.0014700313
   7.7221164795  -0.0002651694   0.0003264115  -0.0012600312
   7.7365503421   0.0000863644   0.0004118973  -0.0008637654
   7.7509842046   0.0003417060   0.0004771243  -0.0003456937
   7.7654180672   0.0004735246   0.0005270199   0.0002058048
   7.7798519298   0.0004762931   0.0005659484   0.0006959525
   7.7942857924   0.0003661191   0.0005955389   0.0010419526
   7.8087196549   0.0001768157   0.0006135999   0.0011883096
   7.8231535175  -0.0000471955   0.0006146928   0.0011162066
   7.8375873801  -0.0002597751   0.0005922825   0.0008455996
   7.8520212427  -0.0004218503   0.0005417169   0.0004302654
   7.8664551053  -0.0005081419   0.0004628895  -0.0000527154
   7.8808889678  -0.0005103977   0.0003615046  -0.0005168266
   7.8953228304  -0.0004366358   0.0002483715  -0.0008808828
   7.9097566930  -0.0003069934   0.0001369025  -0.0010823867
   7.9241905556  -0.0001476445   0.0000396798  -0.0010875437
   7.9386244181   0.0000153663  -0.0000346960  -0.0008965309
   7.9530582807   0.0001607574  -0.0000833890  -0.0005432581
   7.9674921433   0.0002742096  -0.0001091857  -0.0000896202
   7.9819260059   0.0003481599  -0.0001185908   0.0003849369
