   0.0000000000   0.0000000000   0.0000000000   0.0000000000
   0.0144338626   0.0000000000   0.0000000000   0.0000000000
   0.0288677252   0.0000000000   0.0000000000   0.0000000000
   0.0433015877   0.0000000000   0.0000000000   0.0000000000
   0.0577354503   0.0000000000   0.0000000000   0.0000000000
   0.0721693129   0.0000000000   0.0000000000   0.0000000000
   0.0866031755   0.0000000000   0.0000000000   0.0000000000
   0.1010370380   0.0000000000   0.0000000000   0.0000000000
   0.1154709006   0.0000000000   0.0000000000   0.0000000000
   0.1299047632  -0.0000000000  -0.0000000000   0.0000000000
   0.1443386258  -0.0000000000  -0.0000000000  -0.0000000000
   0.1587724884   0.0000000000   0.0000000000  -0.0000000000
   0.1732063509   0.0000000000   0.0000000000  -0.0000000000
   0.1876402135   0.0000000000   0.0000000000  -0.0000000000
   0.2020740761   0.0000000000   0.0000000000  -0.0000000000
   0.2165079387   0.0000000000   0.0000000000  -0.0000000000
   0.2309418013  -0.0000000000  -0.0000000000  -0.0000000000
   0.2453756638  -0.0000000000  -0.0000000000   0.0000000000
   0.2598095264  -0.0000000000  -0.0000000000   0.0000000000
   0.2742433890   0.0000000000   0.0000000000  -0.0000000000
   0.2886772516   0.0000000000   0.0000000000  -0.0000000000
   0.3031111141   0.0000000000   0.0000000000  -0.0000000000
   0.3175449767  -0.0000000000  -0.0000000000  -0.0000000000
   0.3319788393  -0.0000000000  -0.0000000000   0.0000000000
   0.3464127019   0.0000000000  -0.0000000000   0.0000000000
   0.3608465645   0.0000000000   0.0000000000   0.0000000000
   0.3752804270   0.0000000000   0.0000000000  -0.0000000000
   0.3897142896   0.0000000000   0.0000000000  -0.0000000000
   0.4041481522  -0.0000000000   0.0000000000  -0.0000000000
   0.4185820148  -0.0000000000  -0.0000000000  -0.0000000000
   0.4330158774  -0.0000000000  -0.0000000000  -0.0000000000
   0.4474497399  -0.0000000000  -0.0000000000  -0.0000000000
   0.4618836025  -0.0000000000  -0.0000000000  -0.0000000000
   0.4763174651  -0.0000000000  -0.0000000000   0.0000000000
   0.4907513277  -0.0000000000  -0.0000000000   0.0000000000
   0.5051851902  -0.0000000000   0.0000000000   0.0000000000
   0.5196190528   0.0000000000   0.0000000000   0.0000000000
   0.5340529154   0.0000000000   0.0000000000   0.0000000000
   0.5484867780   0.0000000000   0.0000000000   0.0000000000
   0.5629206406   0.0000000000   0.0000000000   0.0000000000
   0.5773545031   0.0000000000   0.0000000000   0.0000000000
   0.5917883657   0.0000000000   0.0000000000  -0.0000000000
   0.6062222283  -0.0000000000  -0.0000000000  -0.0000000000
   0.6206560909  -0.0000000000  -0.0000000000  -0.0000000000
   0.6350899535  -0.0000000000  -0.0000000000  -0.0000000000
   0.6495238160  -0.0000000000  -0.0000000000  -0.0000000000
   0.6639576786  -0.0000000000  -0.0000000000  -0.0000000000
   0.6783915412  -0.0000000000  -0.0000000000  -0.0000000000
   0.6928254038  -0.0000000000  -0.0000000000  -0.0000000000
   0.7072592663  -0.0000000000  -0.0000000000  -0.0000000000
   0.7216931289  -0.0000000000  -0.0000000000  -0.0000000000
   0.7361269915  -0.0000000000  -0.0000000000  -0.0000000000
   0.7505608541  -0.0000000000  -0.0000000000   0.0000000000
   0.7649947167  -0.0000000000   0.0000000000   0.0000000000
   0.7794285792   0.0000000000   0.0000000000   0.0000000000
   0.7938624418   0.0000000000   0.0000000000   0.0000000000
   0.8082963044   0.0000000000   0.0000000000   0.0000000000
   0.8227301670   0.0000000000   0.0000000000   0.0000000000
   0.8371640296   0.0000000000   0.0000000000   0.0000000000
   0.8515978921   0.0000000000   0.0000000000   0.0000000000
   0.8660317547   0.0000000000   0.0000000000   0.0000000000
   0.8804656173   0.0000000000   0.0000000000   0.0000000000
   0.8948994799   0.0000000000   0.0000000000   0.0000000000
   0.9093333424   0.0000000000   0.0000000000   0.0000000000
   0.9237672050   0.0000000000   0.0000000000  -0.0000000000
   0.9382010676   0.0000000000  -0.0000000000  -0.0000000000
   0.9526349302   0.0000000000  -0.0000000000  -0.0000000000
   0.9670687928  -0.0000000000  -0.0000000000  -0.0000000000
   0.9815026553  -0.0000000000  -0.0000000000  -0.0000000000
   0.9959365179  -0.0000000000  -0.0000000000  -0.0000000000
   1.0103703805  -0.0000000000  -0.0000000000  -0.0000000000
   1.0248042431  -0.0000000000  -0.0000000000  -0.0000000000
   1.0392381056  -0.0000000000  -0.0000000000  -0.0000000000
   1.0536719682  -0.0000000000  -0.0000000000  -0.0000000000
   1.0681058308  -0.0000000000  -0.0000000000  -0.0000000000
   1.0825396934  -0.0000000000  -0.0000000000  -0.0000000000
   1.0969735560  -0.0000000000  -0.0000000000  -0.0000000000
   1.1114074185  -0.0000000000  -0.0000000000  -0.0000000000
   1.1258412811  -0.0000000000  -0.0000000000  -0.0000000000
   1.1402751437  -0.0000000000  -0.0000000000  -0.0000000000
   1.1547090063  -0.0000000000  -0.0000000000  -0.0000000000
   1.1691428689  -0.0000000000  -0.0000000000  -0.0000000000
   1.1835767314  -0.0000000000  -0.0000000000  -0.0000000000
   1.1980105940  -0.0000000000  -0.0000000000  -0.0000000000
   1.2124444566   0.0000000000  -0.0000000000   0.0000000000
   1.2268783192   0.0000000000  -0.0000000000   0.0000000000
   1.2413121817   0.0000000000  -0.0000000000   0.0000000000
   1.2557460443   0.0000000000   0.0000000000   0.0000000000
   1.2701799069   0.0000000000   0.0000000000   0.0000000000
   1.2846137695   0.0000000000   0.0000000000   0.0000000000
   1.2990476321   0.0000000000   0.0000000000   0.0000000000
   1.3134814946   0.0000000000   0.0000000000   0.0000000000
   1.3279153572   0.0000000000   0.0000000000   0.0000000000
   1.3423492198   0.0000000000   0.0000000000   0.0000000000
   1.3567830824   0.0000000000   0.0000000000   0.0000000000
   1.3712169450   0.0000000000   0.0000000000   0.0000000000
   1.3856508075   0.0000000000   0.0000000000   0.0000000000
   1.4000846701   0.0000000000   0.0000000000   0.0000000000
   1.4145185327   0.0000000000   0.0000000000   0.0000000000
   1.4289523953   0.0000000000   0.0000000000   0.0000000000
   1.4433862578   0.0000000000   0.0000000000   0.0000000000
   1.4578201204   0.0000000000   0.0000000000   0.0000000000
   1.4722539830   0.0000000000   0.0000000000   0.0000000000
   1.4866878456   0.0000000000   0.0000000000  -0.0000000000
   1.5011217082   0.0000000000  -0.0000000000  -0.0000000000
   1.5155555707  -0.0000000000  -0.0000000000  -0.0000000000
   1.5299894333  -0.0000000000  -0.0000000000  -0.0000000000
   1.5444232959  -0.0000000000  -0.0000000000  -0.0000000000
   1.5588571585  -0.0000000000  -0.0000000000  -0.0000000000
   1.5732910211  -0.0000000000  -0.0000000000  -0.0000000000
   1.5877248836  -0.0000000000  -0.0000000000  -0.0000000000
   1.6021587462  -0.0000000000  -0.0000000000  -0.0000000000
   1.6165926088  -0.0000000000  -0.0000000000  -0.0000000000
   1.6310264714  -0.0000000000  -0.0000000000  -0.0000000000
   1.6454603339  -0.0000000000  -0.0000000000   0.0000000000
   1.6598941965  -0.0000000000   0.0000000000   0.0000000000
   1.6743280591   0.0000000000   0.0000000000   0.0000000000
   1.6887619217   0.0000000000   0.0000000000   0.0000000000
   1.7031957843   0.0000000000   0.0000000000   0.0000000000
   1.7176296468   0.0000000000   0.0000000000   0.0000000000
   1.7320635094   0.0000000000   0.0000000000   0.0000000000
   1.7464973720   0.0000000000   0.0000000000   0.0000000000
   1.7609312346   0.0000000000   0.0000000000   0.0000000000
   1.7753650971   0.0000000000   0.0000000000   0.0000000000
   1.7897989597   0.0000000000   0.0000000000  -0.0000000000
   1.8042328223   0.0000000000  -0.0000000000  -0.0000000000
   1.8186666849  -0.0000000000  -0.0000000000  -0.0000000000
   1.8331005475  -0.0000000000  -0.0000000000  -0.0000000000
   1.8475344100  -0.0000000000  -0.0000000000  -0.0000000000
   1.8619682726  -0.0000000000  -0.0000000000  -0.0000000000
   1.8764021352  -0.0000000000  -0.0000000000  -0.0000000000
   1.8908359978  -0.0000000000  -0.0000000000  -0.0000000000
   1.9052698604  -0.0000000000  -0.0000000000  -0.0000000000
   1.9197037229  -0.0000000000  -0.0000000000   0.0000000000
   1.9341375855  -0.0000000000   0.0000000000   0.0000000000
   1.9485714481   0.0000000000   0.0000000000   0.0000000000
   1.9630053107   0.0000000000   0.0000000000   0.0000000000
   1.9774391732   0.0000000000   0.0000000000   0.0000000000
   1.9918730358   0.0000000000   0.0000000000   0.0000000000
   2.0063068984   0.0000000000   0.0000000000   0.0000000000
   2.0207407610   0.0000000000   0.0000000000   0.0000000000
   2.0351746236   0.0000000000   0.0000000000  -0.0000000000
   2.0496084861   0.0000000000   0.0000000000  -0.0000000000
   2.0640423487  -0.0000000000  -0.0000000000  -0.0000000000
   2.0784762113  -0.0000000000  -0.0000000000  -0.0000000000
   2.0929100739  -0.0000000001  -0.0000000000  -0.0000000000
   2.1073439365  -0.0000000001  -0.0000000000  -0.0000000000
   2.1217777990  -0.0000000001  -0.0000000000  -0.0000000000
   2.1362116616  -0.0000000001  -0.0000000000  -0.0000000000
   2.1506455242  -0.0000000001  -0.0000000000  -0.0000000000
   2.1650793868  -0.0000000000  -0.0000000000   0.0000000000
   2.1795132493   0.0000000000   0.0000000000   0.0000000000
   2.1939471119   0.0000000001   0.0000000000   0.0000000000
   2.2083809745   0.0000000001   0.0000000001   0.0000000000
   2.2228148371   0.0000000002   0.0000000001   0.0000000000
   2.2372486997   0.0000000002   0.0000000001   0.0000000000
   2.2516825622   0.0000000002   0.0000000001   0.0000000000
   2.2661164248   0.0000000002   0.0000000001   0.0000000000
   2.2805502874   0.0000000001   0.0000000000  -0.0000000000
   2.2949841500  -0.0000000000  -0.0000000000  -0.0000000000
   2.3094180126  -0.0000000002  -0.0000000001  -0.0000000001
   2.3238518751  -0.0000000002  -0.0000000001  -0.0000000001
   2.3382857377  -0.0000000003  -0.0000000001  -0.0000000001
   2.3527196003  -0.0000000003  -0.0000000001  -0.0000000000
   2.3671534629  -0.0000000003  -0.0000000001  -0.0000000000
   2.3815873254  -0.0000000003  -0.0000000001  -0.0000000000
   2.3960211880  -0.0000000003  -0.0000000001  -0.0000000000
   2.4104550506  -0.0000000005  -0.0000000001  -0.0000000000
   2.4248889132  -0.0000000009  -0.0000000002   0.0000000000
   2.4393227758  -0.0000000015  -0.0000000003   0.0000000000
   2.4537566383  -0.0000000023  -0.0000000006   0.0000000001
   2.4681905009  -0.0000000033  -0.0000000008   0.0000000003
   2.4826243635  -0.0000000041  -0.0000000010   0.0000000006
   2.4970582261  -0.0000000044  -0.0000000010   0.0000000011
   2.5114920887  -0.0000000036  -0.0000000006   0.0000000018
   2.5259259512  -0.0000000012   0.0000000004   0.0000000028
   2.5403598138   0.0000000034   0.0000000021   0.0000000039
   2.5547936764   0.0000000109   0.0000000048   0.0000000050
   2.5692275390   0.0000000213   0.0000000084   0.0000000059
   2.5836614015   0.0000000344   0.0000000127   0.0000000063
   2.5980952641   0.0000000493   0.0000000174   0.0000000058
   2.6125291267   0.0000000643   0.0000000218   0.0000000040
   2.6269629893   0.0000000769   0.0000000248   0.0000000005
   2.6413968519   0.0000000836   0.0000000253  -0.0000000050
   2.6558307144   0.0000000808   0.0000000219  -0.0000000125
   2.6702645770   0.0000000644   0.0000000133  -0.0000000217
   2.6846984396   0.0000000312  -0.0000000014  -0.0000000321
   2.6991323022  -0.0000000207  -0.0000000226  -0.0000000425
   2.7135661647  -0.0000000908  -0.0000000497  -0.0000000516
   2.7280000273  -0.0000001758  -0.0000000809  -0.0000000576
   2.7424338899  -0.0000002689  -0.0000001130  -0.0000000586
   2.7568677525  -0.0000003595  -0.0000001417  -0.0000000531
   2.7713016151  -0.0000004344  -0.0000001615  -0.0000000398
   2.7857354776  -0.0000004784  -0.0000001666  -0.0000000181
   2.8001693402  -0.0000004766  -0.0000001519   0.0000000115
   2.8146032028  -0.0000004171  -0.0000001135   0.0000000474
   2.8290370654  -0.0000002935  -0.0000000502   0.0000000873
   2.8434709280  -0.0000001073   0.0000000356   0.0000001277
   2.8579047905   0.0000001298   0.0000001371   0.0000001651
   2.8723386531   0.0000003956   0.0000002437   0.0000001954
   2.8867725157   0.0000006590   0.0000003408   0.0000002155
   2.9012063783   0.0000008825   0.0000004123   0.0000002227
   2.9156402408   0.0000010281   0.0000004422   0.0000002151
   2.9300741034   0.0000010632   0.0000004183   0.0000001919
   2.9445079660   0.0000009677   0.0000003342   0.0000001527
   2.9589418286   0.0000007400   0.0000001928   0.0000000972
   2.9733756912   0.0000004006   0.0000000072   0.0000000254
   2.9878095537  -0.0000000074  -0.0000001995  -0.0000000630
   3.0022434163  -0.0000004231  -0.0000003960  -0.0000001674
   3.0166772789  -0.0000007759  -0.0000005477  -0.0000002859
   3.0311111415  -0.0000009982  -0.0000006220  -0.0000004138
   3.0455450041  -0.0000010394  -0.0000005954  -0.0000005420
   3.0599788666  -0.0000008789  -0.0000004596  -0.0000006565
   3.0744127292  -0.0000005351  -0.0000002264  -0.0000007378
   3.0888465918  -0.0000000679   0.0000000717  -0.0000007634
   3.1032804544   0.0000004276   0.0000003840  -0.0000007102
   3.1177143169   0.0000008367   0.0000006482  -0.0000005597
   3.1321481795   0.0000010473   0.0000008024  -0.0000003039
   3.1465820421   0.0000009757   0.0000007970   0.0000000498
   3.1610159047   0.0000005904   0.0000006074   0.0000004744
   3.1754497673  -0.0000000721   0.0000002441   0.0000009229
   3.1898836298  -0.0000009047  -0.0000002444   0.0000013322
   3.2043174924  -0.0000017430  -0.0000007751   0.0000016314
   3.2187513550  -0.0000023949  -0.0000012424   0.0000017535
   3.2331852176  -0.0000026810  -0.0000015362   0.0000016503
   3.2476190802  -0.0000024797  -0.0000015646   0.0000013046
   3.2620529427  -0.0000017640  -0.0000012755   0.0000007399
   3.2764868053  -0.0000006216  -0.0000006730   0.0000000224
   3.2909206679   0.0000007509   0.0000001748  -0.0000007461
   3.3053545305   0.0000020831   0.0000011406  -0.0000014438
   3.3197883930   0.0000030909   0.0000020540  -0.0000019506
   3.3342222556   0.0000035507   0.0000027286  -0.0000021735
   3.3486561182   0.0000033707   0.0000029938  -0.0000020676
   3.3630899808   0.0000026384   0.0000027278  -0.0000016494
   3.3775238434   0.0000016250   0.0000018839  -0.0000009967
   3.3919577059   0.0000007367   0.0000005085  -0.0000002341
   3.4063915685   0.0000004098  -0.0000012546   0.0000004941
   3.4208254311   0.0000009655  -0.0000031711   0.0000010583
   3.4352592937   0.0000024528  -0.0000049333   0.0000013777
   3.4496931563   0.0000045186  -0.0000061856   0.0000014427
   3.4641270188   0.0000063525  -0.0000065565   0.0000013209
   3.4785608814   0.0000067434  -0.0000056975   0.0000011387
   3.4929947440   0.0000042760  -0.0000033320   0.0000010418
   3.5074286066  -0.0000023342   0.0000006817   0.0000011400
   3.5218624691  -0.0000137995   0.0000062729   0.0000014500
   3.5362963317  -0.0000297753   0.0000130673   0.0000018504
   3.5507301943  -0.0000484272   0.0000202947   0.0000020667
   3.5651640569  -0.0000661573   0.0000267157   0.0000016986
   3.5795979195  -0.0000775984   0.0000305974   0.0000002944
   3.5940317820  -0.0000759571   0.0000297722  -0.0000025299
   3.6084656446  -0.0000537434   0.0000218081  -0.0000069426
   3.6228995072  -0.0000038557   0.0000043083  -0.0000127420
   3.6373333698   0.0000790832  -0.0000246694  -0.0000192283
   3.6517672323   0.0001973164  -0.0000661148  -0.0000251326
   3.6662010949   0.0003487037  -0.0001195589  -0.0000286336
   3.6806349575   0.0005258875  -0.0001826614  -0.0000274827
   3.6950688201   0.0007161081  -0.0002509993  -0.0000192426
   3.7095026827   0.0009018337  -0.0003181557  -0.0000016298
   3.7239365452   0.0010622531  -0.0003761711   0.0000270703
   3.7383704078   0.0011755343  -0.0004163584   0.0000675643
   3.7528042704   0.0012216001  -0.0004304119   0.0001191513
   3.7672381330   0.0011850383  -0.0004116680   0.0001794349
   3.7816719956   0.0010576901  -0.0003563180   0.0002442210
   3.7961058581   0.0008404565  -0.0002643512   0.0003076578
   3.8105397207   0.0005439527  -0.0001400261   0.0003626588
   3.8249735833   0.0001878087   0.0000082688   0.0004016045
   3.8394074459  -0.0002013549   0.0001687994   0.0004172807
   3.8538413084  -0.0005930075   0.0003278342   0.0004039566
   3.8682751710  -0.0009563664   0.0004713546   0.0003584623
   3.8827090336  -0.0012640291   0.0005868496   0.0002810950
   3.8971428962  -0.0014949724   0.0006648833   0.0001761721
   3.9115767588  -0.0016364285   0.0007001626   0.0000520729
   3.9260106213  -0.0016843823   0.0006919264  -0.0000793303
   3.9404444839  -0.0016427201   0.0006436150  -0.0002038669
   3.9548783465  -0.0015213483   0.0005619297  -0.0003067916
   3.9693122091  -0.0013338050   0.0004555148  -0.0003748292
   3.9837460717  -0.0010949693   0.0003335671  -0.0003982421
   3.9981799342  -0.0008193912   0.0002046728  -0.0003725694
   4.0126137968  -0.0005205495   0.0000760927  -0.0002996975
   4.0270476594  -0.0002110419  -0.0000464164  -0.0001879992
   4.0414815220   0.0000965929  -0.0001583146  -0.0000514206
   4.0559153845   0.0003889418  -0.0002557305   0.0000924206
   4.0703492471   0.0006512517  -0.0003349292   0.0002248697
   4.0847831097   0.0008678905  -0.0003920676   0.0003291758
   4.0992169723   0.0010239024  -0.0004234077   0.0003932235
   4.1136508349   0.0011074518  -0.0004260065   0.0004115326
   4.1280846974   0.0011125892  -0.0003987180   0.0003861178
   4.1425185600   0.0010415481  -0.0003432059   0.0003259976
   4.1569524226   0.0009057713  -0.0002645982   0.0002454046
   4.1713862852   0.0007250981  -0.0001714645   0.0001610153
   4.1858201478   0.0005249822  -0.0000749479   0.0000887319
   4.2002540103   0.0003321434   0.0000128950   0.0000406582
   4.2146878729   0.0001695373   0.0000812509   0.0000228882
   4.2291217355   0.0000518218   0.0001227282   0.0000345669
   4.2435555981  -0.0000175162   0.0001350085   0.0000684119
   4.2579894606  -0.0000465359   0.0001215000   0.0001125757
   4.2724233232  -0.0000524752   0.0000907304   0.0001534269
   4.2868571858  -0.0000570996   0.0000545227   0.0001786329
   4.3012910484  -0.0000808515   0.0000253149   0.0001798589
   4.3157249110  -0.0001372609   0.0000132303   0.0001544960
   4.3301587735  -0.0002290740   0.0000236107   0.0001060628
   4.3445926361  -0.0003471607   0.0000556418   0.0000432347
   4.3590264987  -0.0004725555   0.0001024560  -0.0000222225
   4.3734603613  -0.0005811650   0.0001527294  -0.0000780987
   4.3878942239  -0.0006499435   0.0001934142  -0.0001143319
   4.4023280864  -0.0006629206   0.0002129405  -0.0001249602
   4.4167619490  -0.0006154783   0.0002040940  -0.0001090337
   4.4311958116  -0.0005157224   0.0001658425  -0.0000703603
   4.4456296742  -0.0003825707   0.0001036508  -0.0000162539
   4.4600635367  -0.0002410642   0.0000282117   0.0000443193
   4.4744973993  -0.0001161578  -0.0000470733   0.0001026865
   4.4889312619  -0.0000266520  -0.0001092084   0.0001520268
   4.5033651245   0.0000191278  -0.0001485200   0.0001882206
   4.5177989871   0.0000247985  -0.0001606480   0.0002098934
   4.5322328496   0.0000042227  -0.0001471534   0.0002177962
   4.5466667122  -0.0000227907  -0.0001146592   0.0002138332
   4.5611005748  -0.0000361385  -0.0000728304   0.0002001103
   4.5755344374  -0.0000208516  -0.0000317897   0.0001783178
   4.5899682999   0.0000291451   0.0000003224   0.0001496074
   4.6044021625   0.0001098571   0.0000190193   0.0001149260
   4.6188360251   0.0002087833   0.0000240041   0.0000755982
   4.6332698877   0.0003086004   0.0000185376   0.0000338622
   4.6477037503   0.0003918083   0.0000079387  -0.0000069228
   4.6621376128   0.0004449948  -0.0000022712  -0.0000425519
   4.6765714754   0.0004615998  -0.0000080131  -0.0000687121
   4.6910053380   0.0004425895  -0.0000076337  -0.0000819842
   4.7054392006   0.0003951106  -0.0000020174  -0.0000807960
   4.7198730632   0.0003297739   0.0000061008  -0.0000660075
   4.7343069257   0.0002575386   0.0000133143  -0.0000409064
   4.7487407883   0.0001871624   0.0000167902  -0.0000105691
   4.7631746509   0.0001238700   0.0000151760   0.0000192632
   4.7776085135   0.0000694056   0.0000089195   0.0000434888
   4.7920423760   0.0000231498  -0.0000000358   0.0000587663
   4.8064762386  -0.0000163389  -0.0000090023   0.0000641434
   4.8209101012  -0.0000500566  -0.0000154434   0.0000610263
   4.8353439638  -0.0000780540  -0.0000176903   0.0000525242
   4.8497778264  -0.0000998213  -0.0000152592   0.0000423864
   4.8642116889  -0.0001152778  -0.0000087131   0.0000338636
   4.8786455515  -0.0001258116   0.0000008099   0.0000288409
   4.8930794141  -0.0001347749   0.0000121662   0.0000274926
   4.9075132767  -0.0001470399   0.0000246169   0.0000285382
   4.9219471393  -0.0001675936   0.0000379065   0.0000299851
   4.9363810018  -0.0001995567   0.0000519834   0.0000300852
   4.9508148644  -0.0002423031   0.0000664938   0.0000281687
   4.9652487270  -0.0002904159   0.0000802889   0.0000250621
   4.9796825896  -0.0003340100   0.0000911964   0.0000229407
   4.9941164521  -0.0003605447   0.0000962261   0.0000246585
   5.0085503147  -0.0003577583   0.0000922234   0.0000327775
   5.0229841773  -0.0003169620   0.0000768136   0.0000486207
   5.0374180399  -0.0002357570   0.0000493552   0.0000716662
   5.0518519025  -0.0001193550   0.0000115792   0.0000994857
   5.0662857650   0.0000199403  -0.0000323357   0.0001282534
   5.0807196276   0.0001650143  -0.0000763483   0.0001536683
   5.0951534902   0.0002974086  -0.0001137000   0.0001720109
   5.1095873528   0.0004010721  -0.0001383457   0.0001810230
   5.1240212154   0.0004654426  -0.0001462988   0.0001803703
   5.1384550779   0.0004871226  -0.0001365326   0.0001715799
   5.1528889405   0.0004698377  -0.0001111949   0.0001575018
   5.1673228031   0.0004228412  -0.0000750881   0.0001414722
   5.1817566657   0.0003583209  -0.0000345641   0.0001264239
   5.1961905282   0.0002885678   0.0000038592   0.0001141893
   5.2106243908   0.0002236300   0.0000347954   0.0001051740
   5.2250582534   0.0001699482   0.0000548862   0.0000984719
   5.2394921160   0.0001301299   0.0000631172   0.0000923702
   5.2539259786   0.0001036853   0.0000605530   0.0000850842
   5.2683598411   0.0000883119   0.0000496458   0.0000754999
   5.2827937037   0.0000812340   0.0000333734   0.0000636966
   5.2972275663   0.0000801865   0.0000144625   0.0000510911
   5.3116614289   0.0000838213  -0.0000051094   0.0000401577
   5.3260952914   0.0000915514  -0.0000242594   0.0000338103
   5.3405291540   0.0001030396  -0.0000426320   0.0000346363
   5.3549630166   0.0001176352  -0.0000602450   0.0000442097
   5.3693968792   0.0001340328  -0.0000771027   0.0000626700
   5.3838307418   0.0001503055  -0.0000929127   0.0000886593
   5.3982646043   0.0001642916  -0.0001069847   0.0001195912
   5.4126984669   0.0001741691  -0.0001183222   0.0001521424
   5.4271323295   0.0001789824  -0.0001258577   0.0001828224
   5.4415661921   0.0001789148  -0.0001287451   0.0002085000
   5.4560000547   0.0001752096  -0.0001266102   0.0002268125
   5.4704339172   0.0001697775  -0.0001196832   0.0002364276
   5.4848677798   0.0001646395  -0.0001087707   0.0002371481
   5.4993016424   0.0001613924  -0.0000950791   0.0002298518
   5.5137355050   0.0001608525  -0.0000799407   0.0002162612
   5.5281693675   0.0001629508  -0.0000645284   0.0001985668
   5.5426032301   0.0001668669  -0.0000496415   0.0001789729
   5.5570370927   0.0001713265  -0.0000356226   0.0001592846
   5.5714709553   0.0001749736  -0.0000224217   0.0001406660
   5.5859048179   0.0001767389  -0.0000097765   0.0001236559
   5.6003386804   0.0001761453   0.0000025544   0.0001084349
   5.6147725430   0.0001735014   0.0000145769   0.0000952335
   5.6292064056   0.0001699361   0.0000259266   0.0000847050
   5.6436402682   0.0001672324   0.0000358447   0.0000780979
   5.6580741308   0.0001674512   0.0000432678   0.0000771420
   5.6725079933   0.0001724014   0.0000470135   0.0000836787
   5.6869418559   0.0001830756   0.0000460271   0.0000991619
   5.7013757185   0.0001992218   0.0000396456   0.0001241935
   5.7158095811   0.0002192076   0.0000278296   0.0001582226
   5.7302434436   0.0002402559   0.0000113039   0.0001994665
   5.7446773062   0.0002590172  -0.0000084422   0.0002450387
   5.7591111688   0.0002723274  -0.0000293282   0.0002912278
   5.7735450314   0.0002779385  -0.0000490135   0.0003338713
   5.7879788940   0.0002750177  -0.0000653265   0.0003687846
   5.8024127565   0.0002642877  -0.0000766854   0.0003922158
   5.8168466191   0.0002477876  -0.0000823937   0.0004012877
   5.8312804817   0.0002283369  -0.0000827221   0.0003943681
   5.8457143443   0.0002088513  -0.0000787511   0.0003713004
   5.8601482069   0.0001916830  -0.0000720257   0.0003334529
   5.8745820694   0.0001781443  -0.0000641330   0.0002835990
   5.8890159320   0.0001683332  -0.0000563315   0.0002256979
   5.9034497946   0.0001613136  -0.0000493336   0.0001646739
   5.9178836572   0.0001556174  -0.0000432800   0.0001062659
   5.9323175197   0.0001499375  -0.0000378729   0.0000569438
   5.9467513823   0.0001438006  -0.0000325890   0.0000238103
   5.9611852449   0.0001379809  -0.0000268812   0.0000143568
   5.9756191075   0.0001344752  -0.0000203085   0.0000359698
   5.9900529701   0.0001359989  -0.0000125838   0.0000951706
   6.0044868326   0.0001451432  -0.0000035748   0.0001966877
   6.0189206952   0.0001634787   0.0000066878   0.0003425492
   6.0333545578   0.0001909249   0.0000179535   0.0005313932
   6.0477884204   0.0002256101   0.0000296498   0.0007581223
   6.0622222830   0.0002642495   0.0000407827   0.0010139009
   6.0766561455   0.0003028643   0.0000499165   0.0012863749
   6.0910900081   0.0003375485   0.0000553060   0.0015599410
   6.1055238707   0.0003650068   0.0000552077   0.0018159382
   6.1199577333   0.0003827318   0.0000483342   0.0020327578
   6.1343915958   0.0003888725   0.0000343482   0.0021860139
   6.1488254584   0.0003819706   0.0000142562   0.0022490011
   6.1632593210   0.0003607595  -0.0000094366   0.0021936419
   6.1776931836   0.0003241274  -0.0000329077   0.0019919926
   6.1921270462   0.0002712145  -0.0000515569   0.0016181922
   6.2065609087   0.0002015297  -0.0000608369   0.0010505860
   6.2209947713   0.0001149723  -0.0000572316   0.0002737243
   6.2354286339   0.0000117289  -0.0000391724  -0.0007199757
   6.2498624965  -0.0001078824  -0.0000076645  -0.0019289466
   6.2642963590  -0.0002434871   0.0000335809  -0.0033414665
   6.2787302216  -0.0003945359   0.0000786281  -0.0049348024
   6.2931640842  -0.0005599541   0.0001203909  -0.0066744711
   6.3075979468  -0.0007376117   0.0001521109  -0.0085137629
   6.3220318094  -0.0009237326   0.0001689000  -0.0103938080
   6.3364656719  -0.0011123871   0.0001689328  -0.0122444751
   6.3508995345  -0.0012952130   0.0001539215  -0.0139862533
   6.3653333971  -0.0014615114   0.0001286842  -0.0155330603
   6.3797672597  -0.0015988443   0.0000998767  -0.0167957670
   6.3942011223  -0.0016942028   0.0000742189  -0.0176862037
   6.4086349848  -0.0017356748   0.0000567083  -0.0181215148
   6.4230688474  -0.0017143503   0.0000493175  -0.0180288420
   6.4375027100  -0.0016260190   0.0000505218  -0.0173503091
   6.4519365726  -0.0014721590   0.0000557513  -0.0160481016
   6.4663704351  -0.0012598587   0.0000586115  -0.0141091535
   6.4808042977  -0.0010006428   0.0000525389  -0.0115487379
   6.4952381603  -0.0007085636   0.0000324894  -0.0084122962
   6.5096720229  -0.0003981974  -0.0000037189  -0.0047751577
   6.5241058855  -0.0000831998  -0.0000547030  -0.0007402806
   6.5385397480   0.0002241952  -0.0001156374   0.0035654712
   6.5529736106   0.0005127734  -0.0001792507   0.0079959192
   6.5674074732   0.0007714697  -0.0002375677   0.0123906991
   6.5818413358   0.0009886275  -0.0002840625   0.0165810201
   6.5962751984   0.0011518795  -0.0003156937   0.0203964375
   6.6107090609   0.0012488346  -0.0003342128   0.0236729258
   6.6251429235   0.0012684275  -0.0003462391   0.0262620586
   6.6395767861   0.0012025829  -0.0003619146   0.0280404710
   6.6540106487   0.0010478174  -0.0003924002   0.0289183584
   6.6684445112   0.0008064893  -0.0004468940   0.0288458110
   6.6828783738   0.0004875132  -0.0005300625   0.0278162907
   6.6973122364   0.0001064095  -0.0006406712   0.0258672383
   6.7117460990  -0.0003154107  -0.0007718119   0.0230782943
   6.7261799616  -0.0007521505  -0.0009126012   0.0195676790
   6.7406138241  -0.0011757808  -0.0010507712   0.0154869734
   6.7550476867  -0.0015584781  -0.0011753588   0.0110141786
   6.7694815493  -0.0018748409  -0.0012787610   0.0063448527
   6.7839154119  -0.0021034442  -0.0013576943   0.0016814831
   6.7983492745  -0.0022275931  -0.0014129400  -0.0027781248
   6.8127831370  -0.0022355475  -0.0014480481  -0.0068521630
   6.8272169996  -0.0021207731  -0.0014673687  -0.0103845293
   6.8416508622  -0.0018827266  -0.0014738814  -0.0132521131
   6.8560847248  -0.0015282746  -0.0014673420  -0.0153695963
   6.8705185873  -0.0010732691  -0.0014432472  -0.0166922449
   6.8849524499  -0.0005433819  -0.0013929998  -0.0172171784
   6.8993863125   0.0000266885  -0.0013053950  -0.0169831056
   6.9138201751   0.0005960285  -0.0011691632  -0.0160679105
   6.9282540377   0.0011219654  -0.0009759175  -0.0145832626
   6.9426879002   0.0015651364  -0.0007226303  -0.0126659032
   6.9571217628   0.0018939167  -0.0004128521  -0.0104662657
   6.9715556254   0.0020872552  -0.0000562891  -0.0081360974
   6.9859894880   0.0021356125   0.0003330591  -0.0058171768
   7.0004233506   0.0020403344   0.0007394967  -0.0036327750
   7.0148572131   0.0018121366   0.0011480559  -0.0016824295
   7.0292910757   0.0014693205   0.0015460226  -0.0000394674
   7.0437249383   0.0010360481   0.0019233047   0.0012498476
   7.0581588009   0.0005407215   0.0022718801   0.0021664161
   7.0725926634   0.0000144213   0.0025848639   0.0027177307
   7.0870265260  -0.0005105460   0.0028557237   0.0029359739
   7.1014603886  -0.0010018414   0.0030779235   0.0028740017
   7.1158942512  -0.0014279422   0.0032449817   0.0025990379
   7.1303281138  -0.0017588331   0.0033507689   0.0021848775
   7.1447619763  -0.0019670356   0.0033899098   0.0017041111
   7.1591958389  -0.0020295358   0.0033582982   0.0012218602
   7.1736297015  -0.0019308329   0.0032538328   0.0007917571
   7.1880635641  -0.0016666479   0.0030773966   0.0004538885
   7.2024974266  -0.0012471483   0.0028338765   0.0002337929
   7.2169312892  -0.0006982696   0.0025327831   0.0001417354
   7.2313651518  -0.0000600986   0.0021879904   0.0001722498
   7.2457990144   0.0006177672   0.0018163491   0.0003047548
   7.2602328770   0.0012828640   0.0014353808   0.0005062764
   7.2746667395   0.0018867593   0.0010606896   0.0007366734
   7.2891006021   0.0023904426   0.0007039202   0.0009555735
   7.3035344647   0.0027671462   0.0003719131   0.0011291803
   7.3179683273   0.0030025691   0.0000672296   0.0012349048
   7.3324021899   0.0030933389  -0.0002103094   0.0012625967
   7.3468360524   0.0030448607  -0.0004617820   0.0012126189
   7.3612699150   0.0028694331  -0.0006877354   0.0010922910
   7.3757037776   0.0025849183  -0.0008875993   0.0009126437
   7.3901376402   0.0022137375  -0.0010599615   0.0006867613
   7.4045715027   0.0017817907  -0.0012034082   0.0004297068
   7.4190053653   0.0013170825  -0.0013175178   0.0001589105
   7.4334392279   0.0008481501  -0.0014036721  -0.0001063638
   7.4478730905   0.0004025572  -0.0014654961  -0.0003471624
   7.4623069531   0.0000056157  -0.0015088449  -0.0005480893
   7.4767408156  -0.0003207792  -0.0015412788  -0.0007002431
   7.4911746782  -0.0005595112  -0.0015709896  -0.0008023908
   7.5056085408  -0.0007000186  -0.0016052261  -0.0008597804
   7.5200424034  -0.0007403010  -0.0016484769  -0.0008812287
   7.5344762660  -0.0006884913  -0.0017008954  -0.0008759637
   7.5489101285  -0.0005630950  -0.0017575621  -0.0008516532
   7.5633439911  -0.0003912318  -0.0018090259  -0.0008141623
   7.5777778537  -0.0002048862  -0.0018431474  -0.0007684239
   7.5922117163  -0.0000359682  -0.0018477439  -0.0007191173
   7.6066455788   0.0000884976  -0.0018131655  -0.0006700545
   7.6210794414   0.0001497799  -0.0017339277  -0.0006221518
   7.6355133040   0.0001387745  -0.0016089337  -0.0005709982
   7.6499471666   0.0000554367  -0.0014404684  -0.0005056011
   7.6643810292  -0.0000928479  -0.0012327061  -0.0004095265
   7.6788148917  -0.0002929551  -0.0009906677  -0.0002645248
   7.6932487543  -0.0005271682  -0.0007202584  -0.0000554984
   7.7076826169  -0.0007738420  -0.0004293647   0.0002249765
   7.7221164795  -0.0010082178  -0.0001293087   0.0005740634
   7.7365503421  -0.0012041413   0.0001643902   0.0009784647
   7.7509842046  -0.0013370519   0.0004328261   0.0014159103
   7.7654180672  -0.0013879129   0.0006563254   0.0018570720
   7.7798519298  -0.0013471158   0.0008182952   0.0022669439
   7.7942857924  -0.0012171400   0.0009090983   0.0026057024
   7.8087196549  -0.0010130065   0.0009286151   0.0028300398
   7.8231535175  -0.0007602120   0.0008865467   0.0028963044
   7.8375873801  -0.0004905695   0.0008002803   0.0027661729
   7.8520212427  -0.0002369308   0.0006909425   0.0024142836
   7.8664551053  -0.0000279435   0.0005788072   0.0018359410
   7.8808889678   0.0001161713   0.0004793300   0.0010523875
   7.8953228304   0.0001861941   0.0004007741   0.0001116000
   7.9097566930   0.0001845852   0.0003438352  -0.0009160683
   7.9241905556   0.0001243042   0.0003031011  -0.0019464342
   7.9386244181   0.0000260113   0.0002697569  -0.0028920650
   7.9530582807  -0.0000859256   0.0002347526  -0.0036724800
   7.9674921433  -0.0001879802   0.0001916571  -0.0042222028
   7.9819260059  -0.0002617283   0.0001385781  -0.0044959884
