   0.0000000000   0.0000000000   0.0000000000   0.0000000000
   0.0144338626   0.0000000000   0.0000000000   0.0000000000
   0.0288677252   0.0000000000  -0.0000000000   0.0000000000
   0.0433015877   0.0000000000  -0.0000000000   0.0000000000
   0.0577354503   0.0000000000  -0.0000000000   0.0000000000
   0.0721693129   0.0000000000  -0.0000000000   0.0000000000
   0.0866031755   0.0000000000  -0.0000000000   0.0000000000
   0.1010370380   0.0000000000   0.0000000000   0.0000000000
   0.1154709006   0.0000000000  -0.0000000000   0.0000000000
   0.1299047632   0.0000000000  -0.0000000000   0.0000000000
   0.1443386258   0.0000000000   0.0000000000   0.0000000000
   0.1587724884  -0.0000000000   0.0000000000  -0.0000000000
   0.1732063509  -0.0000000000  -0.0000000000  -0.0000000000
   0.1876402135  -0.0000000000  -0.0000000000  -0.0000000000
   0.2020740761   0.0000000001  -0.0000000000   0.0000000001
   0.2165079387   0.0000000005   0.0000000002   0.0000000005
   0.2309418013   0.0000000006   0.0000000005   0.0000000006
   0.2453756638  -0.0000000016  -0.0000000005  -0.0000000016
   0.2598095264  -0.0000000081  -0.0000000045  -0.0000000081
   0.2742433890  -0.0000000116  -0.0000000079  -0.0000000116
   0.2886772516   0.0000000144   0.0000000081   0.0000000144
   0.3031111141   0.0000001026   0.0000000682   0.0000001026
   0.3175449767   0.0000002106   0.0000001381   0.0000002106
   0.3319788393   0.0000000779   0.0000000056   0.0000000779
   0.3464127019  -0.0000008033  -0.0000007370  -0.0000008033
   0.3608465645  -0.0000027192  -0.0000022696  -0.0000027192
   0.3752804270  -0.0000044557  -0.0000034327  -0.0000044557
   0.3897142896  -0.0000017510  -0.0000004693  -0.0000017510
   0.4041481522   0.0000123060   0.0000123536   0.0000123060
   0.4185820148   0.0000413463   0.0000371802   0.0000413463
   0.4330158774   0.0000722147   0.0000607085   0.0000722147
   0.4474497399   0.0000588677   0.0000411640   0.0000588677
   0.4618836025  -0.0000795337  -0.0000907511  -0.0000795337
   0.4763174651  -0.0004200820  -0.0003949225  -0.0004200820
   0.4907513277  -0.0009365436  -0.0008338674  -0.0009365436
   0.5051851902  -0.0013496999  -0.0011470609  -0.0013496999
   0.5196190528  -0.0009922588  -0.0007449508  -0.0009922588
   0.5340529154   0.0011980937   0.0012839244   0.0011980937
   0.5484867780   0.0064434128   0.0059657503   0.0064434128
   0.5629206406   0.0156164043   0.0140192232   0.0156164043
   0.5773545031   0.0285830472   0.0253280529   0.0285830472
   0.5917883657   0.0436850428   0.0385378846   0.0436850428
   0.6062222283   0.0577104458   0.0510422399   0.0577104458
   0.6206560909   0.0665740438   0.0595161695   0.0665740438
   0.6350899535   0.0666233782   0.0609251296   0.0666233782
   0.6495238160   0.0561297255   0.0536783664   0.0561297255
   0.6639576786   0.0363140993   0.0384503159   0.0363140993
   0.6783915412   0.0113531009   0.0182629876   0.0113531009
   0.6928254038  -0.0127860748  -0.0022956657  -0.0127860748
   0.7072592663  -0.0302940925  -0.0184690062  -0.0302940925
   0.7216931289  -0.0374682049  -0.0268134647  -0.0374682049
   0.7361269915  -0.0338453784  -0.0261862930  -0.0338453784
   0.7505608541  -0.0220666800  -0.0178758118  -0.0220666800
   0.7649947167  -0.0065964939  -0.0048825514  -0.0065964939
   0.7794285792   0.0080829298   0.0092909817   0.0080829298
   0.7938624418   0.0190048110   0.0218160472   0.0190048110
   0.8082963044   0.0253877962   0.0312272538   0.0253877962
   0.8227301670   0.0283030946   0.0374344434   0.0283030946
   0.8371640296   0.0296564488   0.0411765993   0.0296564488
   0.8515978921   0.0310523892   0.0432571047   0.0310523892
   0.8660317547   0.0330650371   0.0439413963   0.0330650371
   0.8804656173   0.0351649728   0.0427641269   0.0351649728
   0.8948994799   0.0362033065   0.0387648934   0.0362033065
   0.9093333424   0.0351033357   0.0309674639   0.0351033357
   0.9237672050   0.0313653333   0.0188342766   0.0313653333
   0.9382010676   0.0251531801   0.0024944491   0.0251531801
   0.9526349302   0.0170014467  -0.0172934984   0.0170014467
   0.9670687928   0.0074036487  -0.0393274266   0.0074036487
   0.9815026553  -0.0034097720  -0.0621241675  -0.0034097720
   0.9959365179  -0.0153462706  -0.0839586216  -0.0153462706
   1.0103703805  -0.0280736608  -0.1028195170  -0.0280736608
   1.0248042431  -0.0406741488  -0.1164297122  -0.0406741488
   1.0392381056  -0.0516132354  -0.1224759512  -0.0516132354
   1.0536719682  -0.0591140840  -0.1190770142  -0.0591140840
   1.0681058308  -0.0617698269  -0.1053635120  -0.0617698269
   1.0825396934  -0.0590732259  -0.0819450579  -0.0590732259
   1.0969735560  -0.0515924306  -0.0510591897  -0.0515924306
   1.1114074185  -0.0407325522  -0.0163159997  -0.0407325522
   1.1258412811  -0.0282503445   0.0178979389  -0.0282503445
   1.1402751437  -0.0157891005   0.0471889176  -0.0157891005
   1.1547090063  -0.0046270330   0.0679087728  -0.0046270330
   1.1691428689   0.0043416624   0.0777441583   0.0043416624
   1.1835767314   0.0105191404   0.0760615331   0.0105191404
   1.1980105940   0.0135621981   0.0639797578   0.0135621981
   1.2124444566   0.0134507546   0.0441729036   0.0134507546
   1.2268783192   0.0106080632   0.0204274734   0.0106080632
   1.2413121817   0.0059476459  -0.0029934134   0.0059476459
   1.2557460443   0.0007505168  -0.0220881447   0.0007505168
   1.2701799069  -0.0036282378  -0.0338303711  -0.0036282378
   1.2846137695  -0.0061267782  -0.0367162221  -0.0061267782
   1.2990476321  -0.0062760486  -0.0310209489  -0.0062760486
   1.3134814946  -0.0043142583  -0.0186944014  -0.0043142583
   1.3279153572  -0.0010725463  -0.0029033070  -0.0010725463
   1.3423492198   0.0023260873   0.0126868058   0.0023260873
   1.3567830824   0.0048473133   0.0247286648   0.0048473133
   1.3712169450   0.0058733025   0.0309166020   0.0058733025
   1.3856508075   0.0053666136   0.0304419639   0.0053666136
   1.4000846701   0.0038185572   0.0240733599   0.0038185572
   1.4145185327   0.0020097227   0.0138532831   0.0020097227
   1.4289523953   0.0006809768   0.0025048193   0.0006809768
   1.4433862578   0.0002464831  -0.0072831118   0.0002464831
   1.4578201204   0.0006601246  -0.0134989847   0.0006601246
   1.4722539830   0.0014799844  -0.0152194099   0.0014799844
   1.4866878456   0.0020914449  -0.0127028636   0.0020914449
   1.5011217082   0.0019861295  -0.0071764528   0.0019861295
   1.5155555707   0.0009790095  -0.0004079685   0.0009790096
   1.5299894333  -0.0007174668   0.0057983547  -0.0007174668
   1.5444232959  -0.0025772954   0.0100428948  -0.0025772954
   1.5588571585  -0.0039556058   0.0116063721  -0.0039556058
   1.5732910211  -0.0043141383   0.0105164755  -0.0043141383
   1.5877248836  -0.0034010652   0.0074212690  -0.0034010652
   1.6021587462  -0.0013367411   0.0033308482  -0.0013367411
   1.6165926088   0.0014090838  -0.0006878835   0.0014090838
   1.6310264714   0.0041359929  -0.0037788841   0.0041359929
   1.6454603339   0.0060969666  -0.0054638881   0.0060969665
   1.6598941965   0.0067043216  -0.0056807701   0.0067043216
   1.6743280591   0.0057049004  -0.0047053027   0.0057049003
   1.6887619217   0.0032714870  -0.0030007548   0.0032714870
   1.7031957843  -0.0000264070  -0.0010549256  -0.0000264071
   1.7176296468  -0.0033745157   0.0007423989  -0.0033745158
   1.7320635094  -0.0059468862   0.0021531122  -0.0059468863
   1.7464973720  -0.0071441444   0.0030786229  -0.0071441444
   1.7609312346  -0.0067543368   0.0035099213  -0.0067543368
   1.7753650971  -0.0049809554   0.0034766173  -0.0049809553
   1.7897989597  -0.0023340140   0.0030220908  -0.0023340139
   1.8042328223   0.0005667700   0.0022105783   0.0005667702
   1.8186666849   0.0031960028   0.0011505975   0.0031960030
   1.8331005475   0.0052565472   0.0000085501   0.0052565475
   1.8475344100   0.0067017858  -0.0010082893   0.0067017861
   1.8619682726   0.0076555773  -0.0017021627   0.0076555776
   1.8764021352   0.0082821395  -0.0019504841   0.0082821398
   1.8908359978   0.0086741243  -0.0017563260   0.0086741245
   1.9052698604   0.0088104742  -0.0012565973   0.0088104743
   1.9197037229   0.0085956887  -0.0006786701   0.0085956886
   1.9341375855   0.0079490362  -0.0002600409   0.0079490358
   1.9485714481   0.0068873742  -0.0001634380   0.0068873736
   1.9630053107   0.0055507104  -0.0004225446   0.0055507095
   1.9774391732   0.0041522584  -0.0009397211   0.0041522573
   1.9918730358   0.0028772815  -0.0015335890   0.0028772804
   2.0063068984   0.0017848932  -0.0020127163   0.0017848922
   2.0207407610   0.0007681016  -0.0022422856   0.0007681010
   2.0351746236  -0.0004010785  -0.0021774185  -0.0004010783
   2.0496084861  -0.0019576054  -0.0018552950  -0.0019576041
   2.0640423487  -0.0040113970  -0.0013582279  -0.0040113944
   2.0784762113  -0.0064569450  -0.0007712101  -0.0064569412
   2.0929100739  -0.0089636064  -0.0001553589  -0.0089636019
   2.1073439365  -0.0110482444   0.0004540963  -0.0110482405
   2.1217777990  -0.0121979523   0.0010318449  -0.0121979511
   2.1362116616  -0.0119962350   0.0015441128  -0.0119962396
   2.1506455242  -0.0102147941   0.0019420917  -0.0102148083
   2.1650793868  -0.0068556445   0.0021719198  -0.0068556716
   2.1795132493  -0.0021497640   0.0021949005  -0.0021498049
   2.1939471119   0.0034720628   0.0020056865   0.0034720130
   2.2083809745   0.0094242785   0.0016381295   0.0094242354
   2.2228148371   0.0150250235   0.0011562619   0.0150250199
   2.2372486997   0.0195711332   0.0006361186   0.0195712262
   2.2516825622   0.0224291932   0.0001478923   0.0224294711
   2.2661164248   0.0231318878  -0.0002544251   0.0231324742
   2.2805502874   0.0214594048  -0.0005349305   0.0214604568
   2.2949841500   0.0174842615  -0.0006738020   0.0174859588
   2.3094180126   0.0115667678  -0.0006672993   0.0115692885
   2.3238518751   0.0043032932  -0.0005322455   0.0043067729
   2.3382857377  -0.0035570878  -0.0003119823  -0.0035526128
   2.3527196003  -0.0112065336  -0.0000772843  -0.0112011976
   2.3671534629  -0.0178659427   0.0000831779  -0.0178601279
   2.3815873254  -0.0228586592   0.0000829680  -0.0228530649
   2.3960211880  -0.0256717431  -0.0001375302  -0.0256674274
   2.4104550506  -0.0260087617  -0.0005917049  -0.0260071324
   2.4248889132  -0.0238335252  -0.0012407222  -0.0238362553
   2.4393227758  -0.0193961131  -0.0020036038  -0.0194049619
   2.4537566383  -0.0132268714  -0.0027792016  -0.0132434028
   2.4681905009  -0.0060857029  -0.0034711601  -0.0061109128
   2.4826243635   0.0011359154  -0.0040064103   0.0011020277
   2.4970582261   0.0075475377  -0.0043413357   0.0075063910
   2.5114920887   0.0124004182  -0.0044556390   0.0123551768
   2.5259259512   0.0152035567  -0.0043394290   0.0151592602
   2.5403598138   0.0157875540  -0.0039817500   0.0157509482
   2.5547936764   0.0143037086  -0.0033675847   0.0142826991
   2.5692275390   0.0111648971  -0.0024858316   0.0111675983
   2.5836614015   0.0069503933  -0.0013449748   0.0069838160
   2.5980952641   0.0023029202   0.0000111990   0.0023714337
   2.6125291267  -0.0021586135   0.0014963006  -0.0020548226
   2.6269629893  -0.0058996323   0.0029877666  -0.0057658074
   2.6413968519  -0.0085059521   0.0043466046  -0.0083533946
   2.6558307144  -0.0097056545   0.0054443837  -0.0095514336
   2.6702645770  -0.0093866405   0.0061883216  -0.0092521868
   2.6846984396  -0.0076123894   0.0065361064  -0.0075209463
   2.6991323022  -0.0046291337   0.0064962798  -0.0046022604
   2.7135661647  -0.0008521400   0.0061157184  -0.0009057031
   2.7280000273   0.0031792153   0.0054605525   0.0030389158
   2.7424338899   0.0068784794   0.0045987801   0.0066576764
   2.7568677525   0.0097092771   0.0035911247   0.0094280307
   2.7713016151   0.0112801501   0.0024921380   0.0109713717
   2.7857354776   0.0114118618   0.0013582398   0.0111178058
   2.8001693402   0.0101588038   0.0002558131   0.0099252229
   2.8146032028   0.0077803038  -0.0007375822   0.0076489777
   2.8290370654   0.0046733606  -0.0015422246   0.0046741735
   2.8434709280   0.0012890940  -0.0020933049   0.0014331387
   2.8579047905  -0.0019432363  -0.0023592119  -0.0016680017
   2.8723386531  -0.0046683401  -0.0023527690  -0.0042976332
   2.8867725157  -0.0066292641  -0.0021297804  -0.0062185541
   2.9012063783  -0.0076713000  -0.0017746208  -0.0072875849
   2.9156402408  -0.0077376351  -0.0013780858  -0.0074480119
   2.9300741034  -0.0068662730  -0.0010156964  -0.0067252233
   2.9445079660  -0.0051900753  -0.0007338777  -0.0052279180
   2.9589418286  -0.0029339878  -0.0005475196  -0.0031490242
   2.9733756912  -0.0004001303  -0.0004474539  -0.0007565268
   2.9878095537   0.0020656813  -0.0004126911   0.0016332214
   3.0022434163   0.0041247070  -0.0004213723   0.0036997846
   3.0166772789   0.0055033901  -0.0004563422   0.0051720202
   3.0311111415   0.0060434056  -0.0005047657   0.0058763776
   3.0455450041   0.0057287489  -0.0005544121   0.0057659079
   3.0599788666   0.0046814146  -0.0005906014   0.0049214616
   3.0744127292   0.0031271137  -0.0005968404   0.0035256155
   3.0888465918   0.0013418882  -0.0005595715   0.0018185703
   3.1032804544  -0.0004043101  -0.0004746822   0.0000500613
   3.1177143169  -0.0018919148  -0.0003519872  -0.0015595410
   3.1321481795  -0.0029750585  -0.0002145665  -0.0028415586
   3.1465820421  -0.0035837322  -0.0000922833  -0.0036851429
   3.1610159047  -0.0037117386  -0.0000117492  -0.0040335862
   3.1754497673  -0.0034000364   0.0000130842  -0.0038787280
   3.1898836298  -0.0027227937  -0.0000143513  -0.0032583239
   3.2043174924  -0.0017783698  -0.0000751816  -0.0022559142
   3.2187513550  -0.0006828489  -0.0001426965  -0.0009985429
   3.2331852176   0.0004378206  -0.0001922274   0.0003528693
   3.2476190802   0.0014592223  -0.0002091941   0.0016225031
   3.2620529427   0.0022722080  -0.0001923755   0.0026451748
   3.2764868053   0.0027954211  -0.0001517485   0.0032921351
   3.2909206679   0.0029831766  -0.0001024897   0.0034904583
   3.3053545305   0.0028274533  -0.0000579768   0.0032318307
   3.3197883930   0.0023552343  -0.0000245418   0.0025701108
   3.3342222556   0.0016235307   0.0000003564   0.0016097565
   3.3486561182   0.0007137341   0.0000263079   0.0004882907
   3.3630899808  -0.0002745733   0.0000654368  -0.0006441004
   3.3775238434  -0.0012311898   0.0001268392  -0.0016449996
   3.3919577059  -0.0020448370   0.0002117667  -0.0023973956
   3.4063915685  -0.0026142501   0.0003110910  -0.0028218699
   3.4208254311  -0.0028595834   0.0004059913  -0.0028817217
   3.4352592937  -0.0027328690   0.0004719543  -0.0025813985
   3.4496931563  -0.0022266850   0.0004852029  -0.0019606455
   3.4641270188  -0.0013802454   0.0004298120  -0.0010875971
   3.4785608814  -0.0002814080   0.0003033735  -0.0000529708
   3.4929947440   0.0009378124   0.0001193220   0.0010347988
   3.5074286066   0.0021145531  -0.0000950616   0.0020556480
   3.5218624691   0.0030776388  -0.0003046898   0.0028876320
   3.5362963317   0.0036763822  -0.0004752363   0.0034210561
   3.5507301943   0.0038094634  -0.0005818940   0.0035751042
   3.5651640569   0.0034464229  -0.0006157938   0.0033131553
   3.5795979195   0.0026358070  -0.0005860660   0.0026527361
   3.5940317820   0.0014976553  -0.0005166790   0.0016673461
   3.6084656446   0.0002021694  -0.0004387588   0.0004792682
   3.6228995072  -0.0010604565  -0.0003806710  -0.0007558913
   3.6373333698  -0.0021125914  -0.0003591476  -0.0018709618
   3.6517672323  -0.0028176355  -0.0003746272  -0.0027121565
   3.6662010949  -0.0030989453  -0.0004125675  -0.0031629446
   3.6806349575  -0.0029457620  -0.0004502005  -0.0031619925
   3.6950688201  -0.0024057860  -0.0004659928  -0.0027112023
   3.7095026827  -0.0015678504  -0.0004479963  -0.0018725563
   3.7239365452  -0.0005413497  -0.0003978783  -0.0007559990
   3.7383704078   0.0005601639  -0.0003294236   0.0004969413
   3.7528042704   0.0016265515  -0.0002626811   0.0017292388
   3.7672381330   0.0025505611  -0.0002165382   0.0027823336
   3.7816719956   0.0032252549  -0.0002026711   0.0035095397
   3.7961058581   0.0035474551  -0.0002227050   0.0037919505
   3.8105397207   0.0034323835  -0.0002687884   0.0035580575
   3.8249735833   0.0028380577  -0.0003265393   0.0028040115
   3.8394074459   0.0017911446  -0.0003789141   0.0016074771
   3.8538413084   0.0004026260  -0.0004098981   0.0001271986
   3.8682751710  -0.0011363101  -0.0004075267  -0.0014162034
   3.8827090336  -0.0025812279  -0.0003661546  -0.0027764671
   3.8971428962  -0.0036793901  -0.0002879048  -0.0037271141
   3.9115767588  -0.0042217684  -0.0001829999  -0.0041049800
   3.9260106213  -0.0040889826  -0.0000685276  -0.0038414368
   3.9404444839  -0.0032797911   0.0000346505  -0.0029746655
   3.9548783465  -0.0019153027   0.0001066115  -0.0016413765
   3.9693122091  -0.0002179023   0.0001337713  -0.0000509856
   3.9837460717   0.0015303690   0.0001134488   0.0015515118
   3.9981799342   0.0030406732   0.0000558987   0.0029261582
   4.0126137968   0.0040698169  -0.0000174375   0.0038744979
   4.0270476594   0.0044612605  -0.0000796458   0.0042660687
   4.0414815220   0.0041672608  -0.0001067447   0.0040521840
   4.0559153845   0.0032500614  -0.0000861728   0.0032675799
   4.0703492471   0.0018651152  -0.0000221610   0.0020226801
   4.0847831097   0.0002322642   0.0000645535   0.0004893895
   4.0992169723  -0.0013989660   0.0001432999  -0.0011182246
   4.1136508349  -0.0027852948   0.0001844114  -0.0025686853
   4.1280846974  -0.0037236090   0.0001705114  -0.0036436095
   4.1425185600  -0.0040798112   0.0001035917  -0.0041718575
   4.1569524226  -0.0038086895   0.0000047855  -0.0040615313
   4.1713862852  -0.0029605678  -0.0000933046  -0.0033215120
   4.1858201478  -0.0016721093  -0.0001587181  -0.0020650361
   4.2002540103  -0.0001423113  -0.0001718081  -0.0004923049
   4.2146878729   0.0014010953  -0.0001318606   0.0011445776
   4.2291217355   0.0027371499  -0.0000562831   0.0025858686
   4.2435555981   0.0036819276   0.0000268903   0.0036074012
   4.2579894606   0.0041095423   0.0000898262   0.0040544022
   4.2724233232   0.0039635876   0.0001146606   0.0038615670
   4.2868571858   0.0032609935   0.0000986266   0.0030589075
   4.3012910484   0.0020902180   0.0000530717   0.0017651340
   4.3157249110   0.0006040539  -0.0000026217   0.0001708761
   4.3301587735  -0.0009942593  -0.0000493589  -0.0014861894
   4.3445926361  -0.0024730887  -0.0000754408  -0.0029522724
   4.3590264987  -0.0036025101  -0.0000797861  -0.0039918807
   4.3734603613  -0.0041896954  -0.0000703693  -0.0044222153
   4.3878942239  -0.0041141967  -0.0000590180  -0.0041432278
   4.4023280864  -0.0033560425  -0.0000551874  -0.0031585547
   4.4167619490  -0.0020093321  -0.0000616224  -0.0015826503
   4.4311958116  -0.0002756079  -0.0000737884   0.0003695634
   4.4456296742   0.0015651334  -0.0000830764   0.0024118496
   4.4600635367   0.0032026655  -0.0000819475   0.0042320411
   4.4744973993   0.0043550970  -0.0000682892   0.0055463577
   4.4889312619   0.0048246274  -0.0000467589   0.0061514802
   4.5033651245   0.0045367037  -0.0000265167   0.0059621747
   4.5177989871   0.0035526879  -0.0000166302   0.0050251965
   4.5322328496   0.0020535656  -0.0000215706   0.0035064578
   4.5466667122   0.0003003647  -0.0000390526   0.0016556728
   4.5611005748  -0.0014173870  -0.0000611626  -0.0002419281
   4.5755344374  -0.0028325872  -0.0000780416  -0.0019155175
   4.5899682999  -0.0037411790  -0.0000822213  -0.0031508047
   4.6044021625  -0.0040276930  -0.0000715899  -0.0038187479
   4.6188360251  -0.0036753277  -0.0000497971  -0.0038888687
   4.6332698877  -0.0027625237  -0.0000241731  -0.0034275373
   4.6477037503  -0.0014483431  -0.0000023011  -0.0025827257
   4.6621376128   0.0000514487   0.0000111731  -0.0015574826
   4.6765714754   0.0014956674   0.0000161498  -0.0005754343
   4.6910053380   0.0026534747   0.0000165047   0.0001570641
   4.7054392006   0.0033402851   0.0000176755   0.0004865082
   4.7198730632   0.0034483310   0.0000235303   0.0003398366
   4.7343069257   0.0029662305   0.0000339903  -0.0002607594
   4.7487407883   0.0019829829   0.0000446031  -0.0011988936
   4.7631746509   0.0006741428   0.0000484072  -0.0022817780
   4.7776085135  -0.0007287078   0.0000393208  -0.0032729379
   4.7920423760  -0.0019801928   0.0000154492  -0.0039349871
   4.8064762386  -0.0028666582  -0.0000193814  -0.0040746941
   4.8209101012  -0.0032449115  -0.0000567675  -0.0035809123
   4.8353439638  -0.0030653298  -0.0000871309  -0.0024467324
   4.8497778264  -0.0023746263  -0.0001037978  -0.0007708847
   4.8642116889  -0.0012993300  -0.0001058019   0.0012610065
   4.8786455515  -0.0000162113  -0.0000981028   0.0034093542
   4.8930794141   0.0012815843  -0.0000892150   0.0054188452
   4.9075132767   0.0024147920  -0.0000874861   0.0070536434
   4.9219471393   0.0032400835  -0.0000977917   0.0081244618
   4.9363810018   0.0036631075  -0.0001200091   0.0085062685
   4.9508148644   0.0036441193  -0.0001496170   0.0081478648
   4.9652487270   0.0031982051  -0.0001797491   0.0070748250
   4.9796825896   0.0023911567  -0.0002035466   0.0053860870
   4.9941164521   0.0013310008  -0.0002158342   0.0032434085
   5.0085503147   0.0001549815  -0.0002137497   0.0008532026
   5.0229841773  -0.0009874939  -0.0001965595  -0.0015579736
   5.0374180399  -0.0019543326  -0.0001651777  -0.0037707866
   5.0518519025  -0.0026301814  -0.0001218211  -0.0055985161
   5.0662857650  -0.0029429236  -0.0000699317  -0.0069059256
   5.0807196276  -0.0028743849  -0.0000142116  -0.0076188388
   5.0951534902  -0.0024627689   0.0000395218  -0.0077240637
   5.1095873528  -0.0017953458   0.0000848902  -0.0072614280
   5.1240212154  -0.0009917815   0.0001159594  -0.0063109593
   5.1384550779  -0.0001810521   0.0001284960  -0.0049785314
   5.1528889405   0.0005227618   0.0001210869  -0.0033827732
   5.1673228031   0.0010396186   0.0000956924  -0.0016449588
   5.1817566657   0.0013328172   0.0000573452   0.0001177077
   5.1961905282   0.0014070702   0.0000130083   0.0017961588
   5.2106243908   0.0012978898  -0.0000300679   0.0032922685
   5.2250582534   0.0010574255  -0.0000659569   0.0045216998
   5.2394921160   0.0007420077  -0.0000911495   0.0054174186
   5.2539259786   0.0004044816  -0.0001048916   0.0059336191
   5.2683598411   0.0000913471  -0.0001088395   0.0060491766
   5.2827937037  -0.0001575439  -0.0001063001   0.0057695937
   5.2972275663  -0.0003094753  -0.0001013388   0.0051266561
   5.3116614289  -0.0003411353  -0.0000979233   0.0041754482
   5.3260952914  -0.0002424897  -0.0000991574   0.0029888462
   5.3405291540  -0.0000207520  -0.0001066422   0.0016501376
   5.3549630166   0.0002973800  -0.0001200541   0.0002450237
   5.3693968792   0.0006665230  -0.0001370644  -0.0011452452
   5.3838307418   0.0010268738  -0.0001536548  -0.0024478962
   5.3982646043   0.0013115919  -0.0001647538  -0.0035990472
   5.4126984669   0.0014564293  -0.0001650240  -0.0045413726
   5.4271323295   0.0014103639  -0.0001496816  -0.0052214593
   5.4415661921   0.0011457080  -0.0001153682  -0.0055897329
   5.4560000547   0.0006659714  -0.0000611706  -0.0056046072
   5.4704339172   0.0000098015   0.0000102563  -0.0052400855
   5.4848677798  -0.0007503191   0.0000918525  -0.0044938272
   5.4993016424  -0.0015152523   0.0001722692  -0.0033921210
   5.5137355050  -0.0021719559   0.0002375263  -0.0019897737
   5.5281693675  -0.0026103893   0.0002742019  -0.0003656862
   5.5426032301  -0.0027420408   0.0002732852   0.0013829717
   5.5570370927  -0.0025167011   0.0002331880   0.0031450422
   5.5714709553  -0.0019339406   0.0001604904   0.0047973385
   5.5859048179  -0.0010465595   0.0000678947   0.0062064307
   5.6003386804   0.0000449911  -0.0000298405   0.0072340529
   5.6147725430   0.0012061113  -0.0001202129   0.0077490360
   5.6292064056   0.0022867026  -0.0001956610   0.0076455957
   5.6436402682   0.0031415890  -0.0002536305   0.0068643216
   5.6580741308   0.0036498293  -0.0002944193   0.0054102612
   5.6725079933   0.0037310290  -0.0003183251   0.0033630511
   5.6869418559   0.0033574663  -0.0003238626   0.0008764976
   5.7013757185   0.0025608478  -0.0003080921  -0.0018321845
   5.7158095811   0.0014321344  -0.0002688384  -0.0045015388
   5.7302434436   0.0001129109  -0.0002075026  -0.0068512179
   5.7446773062  -0.0012221347  -0.0001308210  -0.0086117209
   5.7591111688  -0.0023899513  -0.0000504495  -0.0095567110
   5.7735450314  -0.0032271357   0.0000196924  -0.0095350755
   5.7879788940  -0.0036159210   0.0000673422  -0.0084982341
   5.8024127565  -0.0035031098   0.0000855570  -0.0065170546
   5.8168466191  -0.0029086233   0.0000747280  -0.0037832017
   5.8312804817  -0.0019226381   0.0000422414  -0.0005921547
   5.8457143443  -0.0006922645  -0.0000000306   0.0026911257
   5.8601482069   0.0006000281  -0.0000394711   0.0056790678
   5.8745820694   0.0017633356  -0.0000664030   0.0080133731
   5.8890159320   0.0026271159  -0.0000765400   0.0094134994
   5.9034497946   0.0030677710  -0.0000715324   0.0097142707
   5.9178836572   0.0030286159  -0.0000576167   0.0088873953
   5.9323175197   0.0025293779  -0.0000429988   0.0070445148
   5.9467513823   0.0016630442  -0.0000349430   0.0044221557
   5.9611852449   0.0005803708  -0.0000375188   0.0013511808
   5.9756191075  -0.0005351371  -0.0000506187  -0.0017851195
   5.9900529701  -0.0014972808  -0.0000703699  -0.0045991996
   6.0044868326  -0.0021472554  -0.0000906129  -0.0067480572
   6.0189206952  -0.0023792127  -0.0001048472  -0.0079767759
   6.0333545578  -0.0021576563  -0.0001080116  -0.0081511276
   6.0477884204  -0.0015240461  -0.0000976177  -0.0072744467
   6.0622222830  -0.0005911637  -0.0000740287  -0.0054858510
   6.0766561455   0.0004746601  -0.0000399698  -0.0030396352
   6.0910900081   0.0014813254   0.0000004060  -0.0002687860
   6.1055238707   0.0022444427   0.0000424695   0.0024617094
   6.1199577333   0.0026205597   0.0000817296   0.0048045251
   6.1343915958   0.0025337454   0.0001139801   0.0064752879
   6.1488254584   0.0019902145   0.0001351413   0.0072873495
   6.1632593210   0.0010780087   0.0001411624   0.0071718520
   6.1776931836  -0.0000482710   0.0001283478   0.0061811476
   6.1921270462  -0.0011947934   0.0000942378   0.0044758542
   6.2065609087  -0.0021627679   0.0000388173   0.0022979476
   6.2209947713  -0.0027833197  -0.0000344537  -0.0000658089
   6.2354286339  -0.0029466242  -0.0001183343  -0.0023243899
   6.2498624965  -0.0026201654  -0.0002025327  -0.0042207486
   6.2642963590  -0.0018532065  -0.0002753825  -0.0055621790
   6.2787302216  -0.0007673167  -0.0003260149  -0.0062389194
   6.2931640842   0.0004646143  -0.0003464201  -0.0062294546
   6.3075979468   0.0016466722  -0.0003328816  -0.0055932762
   6.3220318094   0.0025906870  -0.0002865144  -0.0044536397
   6.3364656719   0.0031449942  -0.0002129133  -0.0029739383
   6.3508995345   0.0032175695  -0.0001211091  -0.0013317817
   6.3653333971   0.0027908119  -0.0000221230   0.0003051581
   6.3797672597   0.0019259980   0.0000725820   0.0017979875
   6.3942011223   0.0007562242   0.0001524938   0.0030476579
   6.4086349848  -0.0005321610   0.0002091179   0.0039974048
   6.4230688474  -0.0017279069   0.0002366744   0.0046275188
   6.4375027100  -0.0026292245   0.0002325051   0.0049449207
   6.4519365726  -0.0030786263   0.0001973212   0.0049707712
   6.4663704351  -0.0029918563   0.0001353498   0.0047292503
   6.4808042977  -0.0023750483   0.0000542692   0.0042399180
   6.4952381603  -0.0013261751  -0.0000353136   0.0035151178
   6.5096720229  -0.0000198345  -0.0001210740   0.0025629283
   6.5241058855   0.0013222204  -0.0001908647   0.0013951677
   6.5385397480   0.0024694151  -0.0002349371   0.0000387845
   6.5529736106   0.0032223094  -0.0002478694  -0.0014523193
   6.5674074732   0.0034466908  -0.0002295794  -0.0029889249
   6.5818413358   0.0030957566  -0.0001850993  -0.0044454529
   6.5962751984   0.0022170222  -0.0001232535  -0.0056686815
   6.6107090609   0.0009437117  -0.0000547420  -0.0064961117
   6.6251429235  -0.0005269330   0.0000097668  -0.0067810189
   6.6395767861  -0.0019643124   0.0000611258  -0.0064192157
   6.6540106487  -0.0031393642   0.0000926802  -0.0053720671
   6.6684445112  -0.0038590270   0.0001008406  -0.0036813421
   6.6828783738  -0.0039959059   0.0000853842  -0.0014733402
   6.6973122364  -0.0035091337   0.0000494536   0.0010484467
   6.7117460990  -0.0024530526  -0.0000009052   0.0036215862
   6.7261799616  -0.0009716036  -0.0000577869   0.0059524528
   6.7406138241   0.0007216183  -0.0001129364   0.0077511521
   6.7550476867   0.0023751163  -0.0001593249   0.0087700332
   6.7694815493   0.0037381545  -0.0001922697   0.0088407470
   6.7839154119   0.0045999815  -0.0002097161   0.0079038167
   6.7983492745   0.0048231419  -0.0002116740   0.0060249069
   6.8127831370   0.0043654955  -0.0001991850   0.0033937533
   6.8272169996   0.0032874710  -0.0001733926   0.0003047216
   6.8416508622   0.0017433495  -0.0001351878  -0.0028786426
   6.8560847248  -0.0000422534  -0.0000855632  -0.0057698889
   6.8705185873  -0.0018092156  -0.0000264252  -0.0080099698
   6.8849524499  -0.0033025113   0.0000386200  -0.0093145274
   6.8993863125  -0.0043117502   0.0001039803  -0.0095118910
   6.9138201751  -0.0047027687   0.0001625264  -0.0085669359
   6.9282540377  -0.0044358955   0.0002066915  -0.0065876826
   6.9426879002  -0.0035683039   0.0002298783  -0.0038134536
   6.9571217628  -0.0022411448   0.0002277377  -0.0005855506
   6.9715556254  -0.0006549095   0.0001989762   0.0026962778
   6.9859894880   0.0009620040   0.0001455435   0.0056261005
   7.0004233506   0.0023863818   0.0000722612   0.0078456450
   7.0148572131   0.0034305511  -0.0000139181   0.0090919031
   7.0292910757   0.0039666392  -0.0001048095   0.0092313856
   7.0437249383   0.0039422608  -0.0001918922   0.0082759419
   7.0581588009   0.0033859019  -0.0002671163   0.0063780384
   7.0725926634   0.0024011455  -0.0003235761   0.0038066575
   7.0870265260   0.0011501491  -0.0003560208   0.0009078585
   7.1014603886  -0.0001715964  -0.0003611859  -0.0019439564
   7.1158942512  -0.0013655799  -0.0003379590  -0.0043970559
   7.1303281138  -0.0022608885  -0.0002874421  -0.0061686575
   7.1447619763  -0.0027401191  -0.0002129874  -0.0070802494
   7.1591958389  -0.0027562907  -0.0001202296  -0.0070772408
   7.1736297015  -0.0023379939  -0.0000170284  -0.0062303857
   7.1880635641  -0.0015820122   0.0000868737  -0.0047191206
   7.2024974266  -0.0006347874   0.0001806700  -0.0027998288
   7.2169312892   0.0003339839   0.0002538243  -0.0007645038
   7.2313651518   0.0011609404   0.0002977110   0.0011033019
   7.2457990144   0.0017165685   0.0003071285   0.0025683524
   7.2602328770   0.0019257761   0.0002812114   0.0034738439
   7.2746667395   0.0017780263   0.0002234469   0.0037582737
   7.2891006021   0.0013255897   0.0001408335   0.0034577960
   7.3035344647   0.0006707769   0.0000425283   0.0026946885
   7.3179683273  -0.0000549450  -0.0000615488   0.0016540175
   7.3324021899  -0.0007156977  -0.0001617867   0.0005518130
   7.3468360524  -0.0011951098  -0.0002495238  -0.0004008166
   7.3612699150  -0.0014152326  -0.0003173882  -0.0010322891
   7.3757037776  -0.0013475504  -0.0003595671  -0.0012382554
   7.3901376402  -0.0010148847  -0.0003721511  -0.0009975552
   7.4045715027  -0.0004847236  -0.0003535346  -0.0003735304
   7.4190053653   0.0001441177  -0.0003047203   0.0004994075
   7.4334392279   0.0007588134  -0.0002293703   0.0014411775
   7.4478730905   0.0012509739  -0.0001335533   0.0022584328
   7.4623069531   0.0015336654  -0.0000252644   0.0027780417
   7.4767408156   0.0015549292   0.0000861442   0.0028760232
   7.4911746782   0.0013062041   0.0001905358   0.0024975798
   7.5056085408   0.0008244947   0.0002775953   0.0016656256
   7.5200424034   0.0001876574   0.0003375848   0.0004770728
   7.5344762660  -0.0004970560   0.0003623557  -0.0009121302
   7.5489101285  -0.0011100167   0.0003465954  -0.0023107192
   7.5633439911  -0.0015394572   0.0002891095  -0.0035209519
   7.5777778537  -0.0017016351   0.0001937850  -0.0043682170
   7.5922117163  -0.0015571928   0.0000698444  -0.0047269570
   7.6066455788  -0.0011203132  -0.0000688928  -0.0045389789
   7.6210794414  -0.0004583749  -0.0002057861  -0.0038213912
   7.6355133040   0.0003184466  -0.0003239324  -0.0026630493
   7.6499471666   0.0010761455  -0.0004089806  -0.0012102752
   7.6643810292   0.0016810083  -0.0004515492   0.0003555925
   7.6788148917   0.0020241720  -0.0004486575   0.0018449233
   7.6932487543   0.0020415978  -0.0004038465   0.0030863246
   7.7076826169   0.0017253664  -0.0003260329   0.0039488364
   7.7221164795   0.0011241721  -0.0002274728   0.0043567666
   7.7365503421   0.0003333973  -0.0001213929   0.0042956827
   7.7509842046  -0.0005225669  -0.0000198355   0.0038096195
   7.7654180672  -0.0013116918   0.0000679077   0.0029907517
   7.7798519298  -0.0019151234   0.0001361061   0.0019635403
   7.7942857924  -0.0022440610   0.0001826624   0.0008657806
   7.8087196549  -0.0022507647   0.0002085685  -0.0001707953
   7.8231535175  -0.0019331534   0.0002169343  -0.0010376603
   7.8375873801  -0.0013334221   0.0002118199  -0.0016619388
   7.8520212427  -0.0005315491   0.0001971340  -0.0020124488
   7.8664551053   0.0003653179   0.0001758374  -0.0020988005
   7.8808889678   0.0012365520   0.0001496027  -0.0019643613
   7.8953228304   0.0019635841   0.0001189307  -0.0016749866
   7.9097566930   0.0024457328   0.0000835822  -0.0013059166
   7.9241905556   0.0026144395   0.0000431264  -0.0009290933
   7.9386244181   0.0024438479  -0.0000025504  -0.0006025977
   7.9530582807   0.0019558199  -0.0000528342  -0.0003632993
   7.9674921433   0.0012180336  -0.0001060576  -0.0002233555
   7.9819260059   0.0003347946  -0.0001592754  -0.0001708616
