   0.0000000000   0.0000000000   0.0000000000   0.0000000000
   0.0144338626   0.0000000000   0.0000000000   0.0000000000
   0.0288677252   0.0000000000  -0.0000000000   0.0000000000
   0.0433015877   0.0000000000  -0.0000000000   0.0000000000
   0.0577354503   0.0000000000  -0.0000000000   0.0000000000
   0.0721693129   0.0000000000  -0.0000000000   0.0000000000
   0.0866031755   0.0000000000  -0.0000000000   0.0000000000
   0.1010370380   0.0000000000   0.0000000000   0.0000000000
   0.1154709006   0.0000000000  -0.0000000000   0.0000000000
   0.1299047632   0.0000000000  -0.0000000000   0.0000000000
   0.1443386258   0.0000000000   0.0000000000   0.0000000000
   0.1587724884  -0.0000000000   0.0000000000  -0.0000000000
   0.1732063509  -0.0000000000  -0.0000000000  -0.0000000000
   0.1876402135  -0.0000000000  -0.0000000000  -0.0000000000
   0.2020740761   0.0000000001  -0.0000000000   0.0000000001
   0.2165079387   0.0000000005   0.0000000002   0.0000000005
   0.2309418013   0.0000000006   0.0000000005   0.0000000006
   0.2453756638  -0.0000000016  -0.0000000005  -0.0000000016
   0.2598095264  -0.0000000081  -0.0000000045  -0.0000000081
   0.2742433890  -0.0000000116  -0.0000000079  -0.0000000116
   0.2886772516   0.0000000144   0.0000000081   0.0000000144
   0.3031111141   0.0000001026   0.0000000682   0.0000001026
   0.3175449767   0.0000002106   0.0000001381   0.0000002106
   0.3319788393   0.0000000779   0.0000000056   0.0000000779
   0.3464127019  -0.0000008033  -0.0000007370  -0.0000008033
   0.3608465645  -0.0000027191  -0.0000022696  -0.0000027192
   0.3752804270  -0.0000044556  -0.0000034326  -0.0000044557
   0.3897142896  -0.0000017510  -0.0000004692  -0.0000017510
   0.4041481522   0.0000123056   0.0000123536   0.0000123059
   0.4185820148   0.0000413449   0.0000371796   0.0000413457
   0.4330158774   0.0000722127   0.0000607072   0.0000722136
   0.4474497399   0.0000588680   0.0000411634   0.0000588674
   0.4618836025  -0.0000795243  -0.0000907473  -0.0000795292
   0.4763174651  -0.0004200568  -0.0003949093  -0.0004200683
   0.4907513277  -0.0009365100  -0.0008338474  -0.0009365248
   0.5051851902  -0.0013497029  -0.0011470592  -0.0013497044
   0.5196190528  -0.0009923952  -0.0007450261  -0.0009923485
   0.5340529154   0.0011977173   0.0012837044   0.0011978546
   0.5484867780   0.0064428321   0.0059654059   0.0064430673
   0.5629206406   0.0156160701   0.0140190403   0.0156162926
   0.5773545031   0.0285840874   0.0253287541   0.0285839700
   0.5917883657   0.0436891792   0.0385405762   0.0436881433
   0.6062222283   0.0577190827   0.0510478261   0.0577164778
   0.6206560909   0.0665861701   0.0595240257   0.0665818498
   0.6350899535   0.0666324997   0.0609312211   0.0666279191
   0.6495238160   0.0561210348   0.0536736339   0.0561207736
   0.6639576786   0.0362640620   0.0384207188   0.0362773038
   0.6783915412   0.0112338324   0.0181926089   0.0112749123
   0.6928254038  -0.0129965709  -0.0024180099  -0.0129096575
   0.7072592663  -0.0305976604  -0.0186410997  -0.0304476107
   0.7216931289  -0.0378336072  -0.0270125160  -0.0376108746
   0.7361269915  -0.0342042552  -0.0263678626  -0.0339151361
   0.7505608541  -0.0223247594  -0.0179823094  -0.0219972987
   0.7649947167  -0.0066610444  -0.0048611702  -0.0063449490
   0.7794285792   0.0082664830   0.0094659359   0.0085085935
   0.7938624418   0.0194212578   0.0221253437   0.0195308936
   0.8082963044   0.0259414471   0.0316027490   0.0258851269
   0.8227301670   0.0288379824   0.0377740064   0.0286241985
   0.8371640296   0.0300049041   0.0413753467   0.0296889332
   0.8515978921   0.0310956142   0.0432443902   0.0307673620
   0.8660317547   0.0327809532   0.0437087166   0.0325376313
   0.8804656173   0.0346409182   0.0423711440   0.0345535253
   0.8948994799   0.0356045187   0.0383189898   0.0356913273
   0.9093333424   0.0346074594   0.0305835008   0.0348263944
   0.9237672050   0.0310898257   0.0185906092   0.0313545756
   0.9382010676   0.0251082452   0.0024042705   0.0253228928
   0.9526349302   0.0170922076  -0.0172817240   0.0171906113
   0.9670687928   0.0074843566  -0.0392987221   0.0074576418
   0.9815026553  -0.0034511346  -0.0621472941  -0.0035510971
   0.9959365179  -0.0155117233  -0.0840400623  -0.0155948180
   1.0103703805  -0.0282270987  -0.1028844346  -0.0282041033
   1.0248042431  -0.0405837922  -0.1163437468  -0.0404055004
   1.0392381056  -0.0510569055  -0.1221049180  -0.0507366503
   1.0536719682  -0.0580086074  -0.1183638176  -0.0576190847
   1.0681058308  -0.0602680586  -0.1043904866  -0.0599148820
   1.0825396934  -0.0575771553  -0.0809509483  -0.0573619453
   1.0969735560  -0.0506591536  -0.0503939592  -0.0506494396
   1.1114074185  -0.0408918337  -0.0163391528  -0.0411115417
   1.1258412811  -0.0297915040   0.0169470265  -0.0302358202
   1.1402751437  -0.0185945646   0.0453058314  -0.0192610005
   1.1547090063  -0.0081208920   0.0653812693  -0.0090398933
   1.1691428689   0.0010972129   0.0751241248  -0.0001502338
   1.1835767314   0.0085958559   0.0740496764   0.0069147506
   1.1980105940   0.0138680022   0.0632487646   0.0116615709
   1.2124444566   0.0164492778   0.0451757831   0.0136950781
   1.2268783192   0.0161402904   0.0232453518   0.0129328832
   1.2413121817   0.0132119604   0.0012820459   0.0097836180
   1.2557460443   0.0084527107  -0.0171076182   0.0051569034
   1.2701799069   0.0030095047  -0.0291430676   0.0002696266
   1.2846137695  -0.0019167196  -0.0333435680  -0.0036798681
   1.2990476321  -0.0053958056  -0.0297645373  -0.0058388594
   1.3134814946  -0.0069892004  -0.0199330772  -0.0059061099
   1.3279153572  -0.0067958121  -0.0064830324  -0.0041524866
   1.3423492198  -0.0053246729   0.0074387456  -0.0012668235
   1.3567830824  -0.0032584130   0.0188635100   0.0019023897
   1.3712169450  -0.0012040447   0.0256281241   0.0046108357
   1.3856508075   0.0004770997   0.0267902977   0.0063979779
   1.4000846701   0.0017069252   0.0227368025   0.0071331767
   1.4145185327   0.0026005095   0.0149714966   0.0069360823
   1.4289523953   0.0033081602   0.0056551653   0.0060303006
   1.4433862578   0.0038762219  -0.0029682315   0.0046121146
   1.4578201204   0.0041982327  -0.0091033119   0.0027987331
   1.4722539830   0.0040773110  -0.0117627764   0.0006709246
   1.4866878456   0.0033599517  -0.0108851194  -0.0016312245
   1.5011217082   0.0020630435  -0.0072147614  -0.0038325003
   1.5155555707   0.0004206101  -0.0020109393  -0.0055291044
   1.5299894333  -0.0011787622   0.0033154122  -0.0062926508
   1.5444232959  -0.0023341663   0.0075385040  -0.0058297794
   1.5588571585  -0.0027843758   0.0098568112  -0.0041212877
   1.5732910211  -0.0024984110   0.0100010257  -0.0014716175
   1.5877248836  -0.0016685557   0.0082128240   0.0015578421
   1.6021587462  -0.0006189153   0.0051215148   0.0043046776
   1.6165926088   0.0003211830   0.0015590775   0.0061875265
   1.6310264714   0.0009224946  -0.0016418998   0.0068479635
   1.6454603339   0.0011034009  -0.0038259773   0.0062115948
   1.6598941965   0.0009150794  -0.0046358252   0.0044649868
   1.6743280591   0.0004860179  -0.0040575833   0.0019748300
   1.6887619217  -0.0000416714  -0.0023882368  -0.0008123782
   1.7031957843  -0.0005567157  -0.0001386164  -0.0034573643
   1.7176296468  -0.0009911427   0.0021020544  -0.0055846239
   1.7320635094  -0.0013046794   0.0038077288  -0.0069084810
   1.7464973720  -0.0014578182   0.0046312209  -0.0072411911
   1.7609312346  -0.0013950168   0.0044688912  -0.0064998178
   1.7753650971  -0.0010540681   0.0034616495  -0.0047232069
   1.7897989597  -0.0004032175   0.0019354461  -0.0020972823
   1.8042328223   0.0005102110   0.0003001355   0.0010279632
   1.8186666849   0.0015280028  -0.0010633981   0.0041543782
   1.8331005475   0.0023925614  -0.0018956759   0.0067030958
   1.8475344100   0.0028107634  -0.0021062893   0.0081319109
   1.8619682726   0.0025532757  -0.0017680869   0.0080748881
   1.8764021352   0.0015513487  -0.0010669625   0.0064581483
   1.8908359978  -0.0000511832  -0.0002296331   0.0035465264
   1.9052698604  -0.0019169439   0.0005441199  -0.0001024422
   1.9197037229  -0.0036023807   0.0011242277  -0.0037671528
   1.9341375855  -0.0046829601   0.0014602303  -0.0067332523
   1.9485714481  -0.0048720795   0.0015638628  -0.0084548361
   1.9630053107  -0.0040950455   0.0014787215  -0.0086609981
   1.9774391732  -0.0024992893   0.0012528005  -0.0073864653
   1.9918730358  -0.0004056435   0.0009244146  -0.0049313553
   2.0063068984   0.0017770760   0.0005234945  -0.0017737193
   2.0207407610   0.0036456969   0.0000825377   0.0015352555
   2.0351746236   0.0048801374  -0.0003523648   0.0044680223
   2.0496084861   0.0052904618  -0.0007190558   0.0065941921
   2.0640423487   0.0048308970  -0.0009492071   0.0076262267
   2.0784762113   0.0035875440  -0.0009879735   0.0074406605
   2.0929100739   0.0017514308  -0.0008154799   0.0060817916
   2.1073439365  -0.0004121061  -0.0004603113   0.0037536443
   2.1217777990  -0.0025922650   0.0000022931   0.0008012328
   2.1362116616  -0.0044617832   0.0004687368  -0.0023232745
   2.1506455242  -0.0057125794   0.0008359885  -0.0051157199
   2.1650793868  -0.0061024238   0.0010305404  -0.0070977634
   2.1795132493  -0.0055083278   0.0010267412  -0.0079076624
   2.1939471119  -0.0039718023   0.0008485043  -0.0073826170
   2.2083809745  -0.0017158834   0.0005554586  -0.0056062163
   2.2228148371   0.0008811613   0.0002206551  -0.0029010643
   2.2372486997   0.0033560631  -0.0000907791   0.0002364265
   2.2516825622   0.0052581002  -0.0003347626   0.0032421744
   2.2661164248   0.0062460602  -0.0004907934   0.0056011043
   2.2805502874   0.0061569750  -0.0005564912   0.0069429125
   2.2949841500   0.0050301006  -0.0005394081   0.0070962269
   2.3094180126   0.0030854765  -0.0004509297   0.0060966141
   2.3238518751   0.0006694511  -0.0003044435   0.0041574632
   2.3382857377  -0.0018148556  -0.0001168956   0.0016188479
   2.3527196003  -0.0039759968   0.0000890038  -0.0011118634
   2.3671534629  -0.0054910829   0.0002846888  -0.0036188566
   2.3815873254  -0.0061462457   0.0004391101  -0.0055318001
   2.3960211880  -0.0058593328   0.0005250237  -0.0065722560
   2.4104550506  -0.0046851263   0.0005261476  -0.0065896611
   2.4248889132  -0.0028043133   0.0004425193  -0.0055832043
   2.4393227758  -0.0004982834   0.0002917684  -0.0037059190
   2.4537566383   0.0018875842   0.0001052810  -0.0012482477
   2.4681905009   0.0039893339  -0.0000799420   0.0013999147
   2.4826243635   0.0054754414  -0.0002311366   0.0038068733
   2.4970582261   0.0060988525  -0.0003277894   0.0055703403
   2.5114920887   0.0057426264  -0.0003648029   0.0063907203
   2.5259259512   0.0044489804  -0.0003498531   0.0061307469
   2.5403598138   0.0024215011  -0.0002966449   0.0048455781
   2.5547936764  -0.0000050322  -0.0002176821   0.0027732737
   2.5692275390  -0.0024240157  -0.0001202189   0.0002862949
   2.5836614015  -0.0044329821  -0.0000071611  -0.0021837960
   2.5980952641  -0.0057079356   0.0001181108  -0.0042289342
   2.6125291267  -0.0060587035   0.0002462010  -0.0055348437
   2.6269629893  -0.0054546633   0.0003590363  -0.0059258484
   2.6413968519  -0.0040193185   0.0004322028  -0.0053802296
   2.6558307144  -0.0019997105   0.0004418905  -0.0040197849
   2.6702645770   0.0002797400   0.0003738091  -0.0020808698
   2.6846984396   0.0024694475   0.0002304303   0.0001258246
   2.6991323022   0.0042453552   0.0000334620   0.0022610971
   2.7135661647   0.0053525719  -0.0001797958   0.0040041860
   2.7280000273   0.0056378782  -0.0003653703   0.0050965084
   2.7424338899   0.0050682370  -0.0004841084   0.0053775695
   2.7568677525   0.0037338278  -0.0005121114   0.0048085665
   2.7713016151   0.0018356418  -0.0004467747   0.0034801094
   2.7857354776  -0.0003410645  -0.0003065300   0.0016019052
   2.8001693402  -0.0024652756  -0.0001245329  -0.0005259778
   2.8146032028  -0.0042074946   0.0000613410  -0.0025583052
   2.8290370654  -0.0052908183   0.0002185785  -0.0041611001
   2.8434709280  -0.0055383141   0.0003267493  -0.0050702601
   2.8579047905  -0.0049071929   0.0003790301  -0.0051404752
   2.8723386531  -0.0035006594   0.0003790256  -0.0043726685
   2.8867725157  -0.0015522940   0.0003353367  -0.0029124398
   2.9012063783   0.0006153241   0.0002569479  -0.0010195274
   2.9156402408   0.0026488658   0.0001515472   0.0009837195
   2.9300741034   0.0042260908   0.0000269453   0.0027717873
   2.9445079660   0.0051081564  -0.0001060711   0.0040700306
   2.9589418286   0.0051734588  -0.0002318568   0.0046939303
   2.9733756912   0.0044298699  -0.0003307815   0.0045698797
   2.9878095537   0.0030070176  -0.0003831122   0.0037383518
   3.0022434163   0.0011326800  -0.0003746026   0.0023423766
   3.0166772789  -0.0009022008  -0.0003016383   0.0006043319
   3.0311111415  -0.0027855883  -0.0001739158  -0.0012063356
   3.0455450041  -0.0042290087  -0.0000135277  -0.0028115020
   3.0599788666  -0.0050096344   0.0001494552  -0.0039647464
   3.0744127292  -0.0050041715   0.0002837128  -0.0044884214
   3.0888465918  -0.0042093747   0.0003638366  -0.0043017902
   3.1032804544  -0.0027454826   0.0003759367  -0.0034354330
   3.1177143169  -0.0008410033   0.0003202035  -0.0020288297
   3.1321481795   0.0012002673   0.0002099128  -0.0003102644
   3.1465820421   0.0030464432   0.0000674941   0.0014391303
   3.1610159047   0.0043925042  -0.0000808546   0.0029322913
   3.1754497673   0.0050138540  -0.0002103087   0.0039261537
   3.1898836298   0.0048078842  -0.0003011102   0.0042647072
   3.2043174924   0.0038140323  -0.0003405274   0.0039057694
   3.2187513550   0.0022069526  -0.0003235845   0.0029255197
   3.2331852176   0.0002637258  -0.0002532966   0.0015004419
   3.2476190802  -0.0016875916  -0.0001407219  -0.0001279591
   3.2620529427  -0.0033266671  -0.0000044383  -0.0016967248
   3.2764868053  -0.0043948644   0.0001313666  -0.0029640349
   3.2909206679  -0.0047351342   0.0002407452  -0.0037439765
   3.3053545305  -0.0043126711   0.0003014407  -0.0039300351
   3.3197883930  -0.0032152034   0.0003005782  -0.0035064761
   3.3342222556  -0.0016346889   0.0002386831  -0.0025479324
   3.3486561182   0.0001659201   0.0001303929  -0.0012077150
   3.3630899808   0.0018957295   0.0000012566   0.0003043213
   3.3775238434   0.0032823785  -0.0001186646   0.0017524117
   3.3919577059   0.0041147528  -0.0002026010   0.0029103713
   3.4063915685   0.0042750849  -0.0002340127   0.0035968007
   3.4208254311   0.0037553413  -0.0002106330   0.0037043379
   3.4352592937   0.0026556127  -0.0001444202   0.0032179182
   3.4496931563   0.0011653150  -0.0000574258   0.0022185628
   3.4641270188  -0.0004693406   0.0000251604   0.0008713288
   3.4785608814  -0.0019862351   0.0000825964  -0.0006014354
   3.4929947440  -0.0031500035   0.0001043528  -0.0019576249
   3.5074286066  -0.0037894051   0.0000922018  -0.0029771988
   3.5218624691  -0.0038229027   0.0000580852  -0.0035001857
   3.5362963317  -0.0032679263   0.0000187661  -0.0034531022
   3.5507301943  -0.0022326475  -0.0000105835  -0.0028585912
   3.5651640569  -0.0008929889  -0.0000214529  -0.0018272383
   3.5795979195   0.0005392961  -0.0000140260  -0.0005347452
   3.5940317820   0.0018504827   0.0000041892   0.0008096050
   3.6084656446   0.0028547577   0.0000221854   0.0019967042
   3.6228995072   0.0034166971   0.0000300210   0.0028483352
   3.6373333698   0.0034654170   0.0000224183   0.0032414580
   3.6517672323   0.0030008885   0.0000003165   0.0031241267
   3.6662010949   0.0020930040  -0.0000298299   0.0025218060
   3.6806349575   0.0008734182  -0.0000584724   0.0015332551
   3.6950688201  -0.0004800749  -0.0000761620   0.0003159082
   3.7095026827  -0.0017662420  -0.0000764981  -0.0009378894
   3.7239365452  -0.0027883878  -0.0000580120  -0.0020306547
   3.7383704078  -0.0033841951  -0.0000245273  -0.0027909721
   3.7528042704  -0.0034528427   0.0000160071  -0.0031010028
   3.7672381330  -0.0029744732   0.0000537750  -0.0029156530
   3.7816719956  -0.0020176741   0.0000797137  -0.0022700425
   3.7961058581  -0.0007321849   0.0000877312  -0.0012737211
   3.8105397207   0.0006735024   0.0000759887  -0.0000922152
   3.8249735833   0.0019668393   0.0000470892   0.0010812056
   3.8394074459   0.0029322244   0.0000073386   0.0020585425
   3.8538413084   0.0034101407  -0.0000346263   0.0026885915
   3.8682751710   0.0033260370  -0.0000695801   0.0028809043
   3.8827090336   0.0027027297  -0.0000896232   0.0026179526
   3.8971428962   0.0016540574  -0.0000900256   0.0019541960
   3.9115767588   0.0003619587  -0.0000706071   0.0010036893
   3.9260106213  -0.0009574097  -0.0000361509  -0.0000802123
   3.9404444839  -0.0020913121   0.0000045309  -0.0011290015
   3.9548783465  -0.0028649409   0.0000408631  -0.0019835371
   3.9693122091  -0.0031674644   0.0000635375  -0.0025162885
   3.9837460717  -0.0029663391   0.0000673302  -0.0026491605
   3.9981799342  -0.0023086603   0.0000526866  -0.0023648689
   4.0126137968  -0.0013102262   0.0000254606  -0.0017100032
   4.0270476594  -0.0001347098  -0.0000051344  -0.0007886364
   4.0414815220   0.0010332874  -0.0000296361   0.0002532445
   4.0559153845   0.0020167850  -0.0000414113   0.0012504502
   4.0703492471   0.0026721887  -0.0000386441   0.0020448812
   4.0847831097   0.0029088026  -0.0000245915   0.0025110239
   4.0992169723   0.0026999665  -0.0000060712   0.0025763193
   4.1136508349   0.0020850034   0.0000092476   0.0022328775
   4.1280846974   0.0011622005   0.0000157698   0.0015383907
   4.1425185600   0.0000738676   0.0000120408   0.0006059097
   4.1569524226  -0.0010146726   0.0000011644  -0.0004158025
   4.1713862852  -0.0019394402  -0.0000106223  -0.0013677100
   4.1858201478  -0.0025620604  -0.0000166813  -0.0021068676
   4.2002540103  -0.0027902885  -0.0000129130  -0.0025287697
   4.2146878729  -0.0025916827   0.0000003445  -0.0025819376
   4.2291217355  -0.0019984605   0.0000182957  -0.0022730180
   4.2435555981  -0.0011029587   0.0000335917  -0.0016627338
   4.2579894606  -0.0000443507   0.0000393589  -0.0008544442
   4.2724233232   0.0010117682   0.0000320641   0.0000223945
   4.2868571858   0.0018984908   0.0000130154   0.0008316138
   4.3012910484   0.0024741127  -0.0000120861   0.0014504254
   4.3157249110   0.0026459680  -0.0000353036   0.0017879388
   4.3301587735   0.0023871831  -0.0000494140   0.0017995563
   4.3445926361   0.0017426053  -0.0000504855   0.0014947185
   4.3590264987   0.0008219862  -0.0000391425   0.0009361736
   4.3734603613  -0.0002188451  -0.0000201306   0.0002303340
   4.3878942239  -0.0012053636  -0.0000004386  -0.0004899834
   4.4023280864  -0.0019749135   0.0000132678  -0.0010876004
   4.4167619490  -0.0024044910   0.0000169422  -0.0014440313
   4.4311958116  -0.0024305837   0.0000103658  -0.0014795940
   4.4456296742  -0.0020577469  -0.0000031198  -0.0011671432
   4.4600635367  -0.0013549583  -0.0000181807  -0.0005370657
   4.4744973993  -0.0004411726  -0.0000296828   0.0003273099
   4.4889312619   0.0005365567  -0.0000346072   0.0013030086
   4.5033651245   0.0014278665  -0.0000329266   0.0022468955
   4.5177989871   0.0021021607  -0.0000271503   0.0030177303
   4.5322328496   0.0024663093  -0.0000208292   0.0034969201
   4.5466667122   0.0024750032  -0.0000167491   0.0036047561
   4.5611005748   0.0021336033  -0.0000156333   0.0033101823
   4.5755344374   0.0014946121  -0.0000158898   0.0026334786
   4.5899682999   0.0006493100  -0.0000144393   0.0016422594
   4.6044021625  -0.0002841935  -0.0000081878   0.0004417482
   4.6188360251  -0.0011757050   0.0000045234  -0.0008393906
   4.6332698877  -0.0018997627   0.0000230840  -0.0020660517
   4.6477037503  -0.0023532213   0.0000446878  -0.0031144544
   4.6621376128  -0.0024713709   0.0000652347  -0.0038882046
   4.6765714754  -0.0022396342   0.0000806873  -0.0043301355
   4.6910053380  -0.0016979496   0.0000883800  -0.0044279274
   4.7054392006  -0.0009360061   0.0000878197  -0.0042125448
   4.7198730632  -0.0000793121   0.0000807118  -0.0037498270
   4.7343069257   0.0007318466   0.0000702224  -0.0031267938
   4.7487407883   0.0013667885   0.0000597683  -0.0024351462
   4.7631746509   0.0017274575   0.0000517994  -0.0017549364
   4.7776085135   0.0017655022   0.0000470347  -0.0011413882
   4.7920423760   0.0014899939   0.0000444097  -0.0006173208
   4.8064762386   0.0009643381   0.0000416842  -0.0001725549
   4.8209101012   0.0002932739   0.0000363913   0.0002297799
   4.8353439638  -0.0003970608   0.0000267095   0.0006416016
   4.8497778264  -0.0009817443   0.0000119477   0.0011155129
   4.8642116889  -0.0013579746  -0.0000074331   0.0016906312
   4.8786455515  -0.0014607759  -0.0000301232   0.0023810754
   4.8930794141  -0.0012715368  -0.0000543704   0.0031687213
   4.9075132767  -0.0008189638  -0.0000783277   0.0040010253
   4.9219471393  -0.0001732030  -0.0001003037   0.0047942032
   4.9363810018   0.0005654402  -0.0001189540   0.0054417405
   4.9508148644   0.0012814417  -0.0001334345   0.0058278028
   4.9652487270   0.0018607476  -0.0001434633   0.0058443424
   4.9796825896   0.0022071785  -0.0001492028   0.0054096581
   4.9941164521   0.0022564959  -0.0001509365   0.0044852717
   5.0085503147   0.0019862664  -0.0001486544   0.0030877671
   5.0229841773   0.0014201139  -0.0001417714   0.0012929656
   5.0374180399   0.0006256052  -0.0001291958  -0.0007686780
   5.0518519025  -0.0002942280  -0.0001098000  -0.0029248174
   5.0662857650  -0.0012149278  -0.0000831229  -0.0049800209
   5.0807196276  -0.0020085660  -0.0000499715  -0.0067378143
   5.0951534902  -0.0025631392  -0.0000126041  -0.0080230190
   5.1095873528  -0.0028002687   0.0000256404  -0.0087017306
   5.1240212154  -0.0026879251   0.0000611469  -0.0086967031
   5.1384550779  -0.0022455407   0.0000909481  -0.0079963932
   5.1528889405  -0.0015403370   0.0001134153  -0.0066565424
   5.1673228031  -0.0006756133   0.0001284803  -0.0047940403
   5.1817566657   0.0002264968   0.0001373562  -0.0025738659
   5.1961905282   0.0010443052   0.0001419096  -0.0001909325
   5.2106243908   0.0016744004   0.0001439350   0.0021506287
   5.2250582534   0.0020453852   0.0001445675   0.0042580166
   5.2394921160   0.0021260350   0.0001439852   0.0059677386
   5.2539259786   0.0019274180   0.0001414400   0.0071592890
   5.2683598411   0.0014992093   0.0001355649   0.0077635490
   5.2827937037   0.0009208888   0.0001248572   0.0077655729
   5.2972275663   0.0002889661   0.0001082117   0.0072019004
   5.3116614289  -0.0002980738   0.0000853757   0.0061529321
   5.3260952914  -0.0007548845   0.0000571977   0.0047313376
   5.3405291540  -0.0010219927   0.0000255713   0.0030679939
   5.3549630166  -0.0010740262  -0.0000069591   0.0012974552
   5.3693968792  -0.0009221471  -0.0000378453  -0.0004548011
   5.3838307418  -0.0006105304  -0.0000652241  -0.0020813914
   5.3982646043  -0.0002077871  -0.0000883615  -0.0034972465
   5.4126984669   0.0002050443  -0.0001076182  -0.0046393125
   5.4271323295   0.0005479999  -0.0001238904  -0.0054632965
   5.4415661921   0.0007552423  -0.0001377463  -0.0059397305
   5.4560000547   0.0007858703  -0.0001486809  -0.0060514163
   5.4704339172   0.0006309331  -0.0001549222  -0.0057932883
   5.4848677798   0.0003154433  -0.0001539842  -0.0051743954
   5.4993016424  -0.0001052420  -0.0001437818  -0.0042207317
   5.5137355050  -0.0005544674  -0.0001237876  -0.0029774515
   5.5281693675  -0.0009475163  -0.0000956305  -0.0015095495
   5.5426032301  -0.0012068182  -0.0000627830   0.0000991315
   5.5570370927  -0.0012762784  -0.0000294381   0.0017482601
   5.5714709553  -0.0011318751   0.0000008947   0.0033246196
   5.5859048179  -0.0007863860   0.0000264058   0.0047074032
   5.6003386804  -0.0002873805   0.0000471548   0.0057760322
   5.6147725430   0.0002909084   0.0000643867   0.0064210114
   5.6292064056   0.0008599992   0.0000794239   0.0065572422
   5.6436402682   0.0013313932   0.0000927308   0.0061378250
   5.6580741308   0.0016301849   0.0001035945   0.0051654403
   5.6725079933   0.0017061383   0.0001104893   0.0036984368
   5.6869418559   0.0015409921   0.0001118387   0.0018498136
   5.7013757185   0.0011513349   0.0001067388  -0.0002211493
   5.7158095811   0.0005867911   0.0000953124  -0.0023234523
   5.7302434436  -0.0000763888   0.0000786176  -0.0042531897
   5.7446773062  -0.0007457542   0.0000582637  -0.0058145163
   5.7591111688  -0.0013258665   0.0000359783  -0.0068407877
   5.7735450314  -0.0017324007   0.0000132984  -0.0072139223
   5.7879788940  -0.0019048714  -0.0000085688  -0.0068798616
   5.8024127565  -0.0018158522  -0.0000287689  -0.0058578741
   5.8168466191  -0.0014752175  -0.0000467645  -0.0042417451
   5.8312804817  -0.0009288709  -0.0000622541  -0.0021918408
   5.8457143443  -0.0002523295  -0.0000750261   0.0000814941
   5.8601482069   0.0004598236  -0.0000847513   0.0023411845
   5.8745820694   0.0011072242  -0.0000907927   0.0043501549
   5.8890159320   0.0015981048  -0.0000921581   0.0058979705
   5.9034497946   0.0018628828  -0.0000877001   0.0068241253
   5.9178836572   0.0018649120  -0.0000765533   0.0070354713
   5.9323175197   0.0016064513  -0.0000586608   0.0065161500
   5.9467513823   0.0011284934  -0.0000351514   0.0053291648
   5.9611852449   0.0005041839  -0.0000083569   0.0036094113
   5.9756191075  -0.0001730942   0.0000186011   0.0015486810
   5.9900529701  -0.0008047374   0.0000425332  -0.0006260092
   6.0044868326  -0.0013022087   0.0000609455  -0.0026784777
   6.0189206952  -0.0015999133   0.0000725492  -0.0043907040
   6.0333545578  -0.0016637258   0.0000773282  -0.0055878394
   6.0477884204  -0.0014942643   0.0000761768  -0.0061574899
   6.0622222830  -0.0011249838   0.0000703074  -0.0060607140
   6.0766561455  -0.0006158749   0.0000607208  -0.0053335558
   6.0910900081  -0.0000439738   0.0000479800  -0.0040794790
   6.1055238707   0.0005079155   0.0000323635  -0.0024543873
   6.1199577333   0.0009628297   0.0000142728  -0.0006467277
   6.1343915958   0.0012601575  -0.0000053565   0.0011445975
   6.1488254584   0.0013637533  -0.0000248877   0.0027319942
   6.1632593210   0.0012665920  -0.0000421779   0.0039585020
   6.1776931836   0.0009912778  -0.0000550668   0.0047129845
   6.1921270462   0.0005862246  -0.0000619516   0.0049398636
   6.2065609087   0.0001179291  -0.0000622061   0.0046425057
   6.2209947713  -0.0003396028  -0.0000562909   0.0038799653
   6.2354286339  -0.0007166511  -0.0000455422   0.0027575826
   6.2498624965  -0.0009588435  -0.0000317602   0.0014127777
   6.2642963590  -0.0010355473  -0.0000167711  -0.0000019382
   6.2787302216  -0.0009441004  -0.0000021071  -0.0013364140
   6.2931640842  -0.0007091722   0.0000111296  -0.0024585989
   6.3075979468  -0.0003774997   0.0000222384  -0.0032669080
   6.3220318094  -0.0000091102   0.0000307974  -0.0036982253
   6.3364656719   0.0003332601   0.0000365302  -0.0037312247
   6.3508995345   0.0005946329   0.0000392251  -0.0033852394
   6.3653333971   0.0007363833   0.0000387372  -0.0027153115
   6.3797672597   0.0007416626   0.0000350657  -0.0018043305
   6.3942011223   0.0006169770   0.0000284619  -0.0007533153
   6.4086349848   0.0003899292   0.0000195055   0.0003290873
   6.4230688474   0.0001037493   0.0000090936   0.0013369077
   6.4375027100  -0.0001903091  -0.0000016764   0.0021761568
   6.4519365726  -0.0004414062  -0.0000116997   0.0027725067
   6.4663704351  -0.0006071029  -0.0000200592   0.0030768863
   6.4808042977  -0.0006598058  -0.0000261511   0.0030686762
   6.4952381603  -0.0005908693  -0.0000297039   0.0027563602
   6.5096720229  -0.0004118667  -0.0000307112   0.0021757144
   6.5241058855  -0.0001528486  -0.0000293380   0.0013858679
   6.5385397480   0.0001422563  -0.0000258565   0.0004637534
   6.5529736106   0.0004225628  -0.0000206334  -0.0005024880
   6.5674074732   0.0006385339  -0.0000141433  -0.0014206833
   6.5818413358   0.0007503907  -0.0000069636  -0.0022020757
   6.5962751984   0.0007351962   0.0000002759  -0.0027688090
   6.6107090609   0.0005913023   0.0000069754  -0.0030611231
   6.6251429235   0.0003392485   0.0000126397  -0.0030437059
   6.6395767861   0.0000188109   0.0000169082  -0.0027104292
   6.6540106487  -0.0003174104   0.0000195392  -0.0020866329
   6.6684445112  -0.0006128285   0.0000203812  -0.0012283172
   6.6828783738  -0.0008166130   0.0000193763  -0.0002180010
   6.6973122364  -0.0008925844   0.0000166088   0.0008425322
   6.7117460990  -0.0008256041   0.0000123692   0.0018419724
   6.7261799616  -0.0006242438   0.0000071747   0.0026708134
   6.7406138241  -0.0003192576   0.0000017038   0.0032332171
   6.7550476867   0.0000417666  -0.0000033485   0.0034582338
   6.7694815493   0.0004024374  -0.0000074372   0.0033091154
   6.7839154119   0.0007067024  -0.0000102749   0.0027894470
   6.7983492745   0.0009074936  -0.0000118328   0.0019450037
   6.8127831370   0.0009735921  -0.0000122416   0.0008606575
   6.8272169996   0.0008939131  -0.0000116542  -0.0003476984
   6.8416508622   0.0006788808  -0.0000101486  -0.0015455036
   6.8560847248   0.0003589084  -0.0000077197  -0.0025947931
   6.8705185873  -0.0000197683  -0.0000043632  -0.0033705386
   6.8849524499  -0.0004014568  -0.0000002004  -0.0037760498
   6.8993863125  -0.0007288820   0.0000044205  -0.0037554979
   6.9138201751  -0.0009516086   0.0000089053  -0.0033019307
   6.9282540377  -0.0010338351   0.0000124973  -0.0024596354
   6.9426879002  -0.0009603259   0.0000144465  -0.0013203362
   6.9571217628  -0.0007394225   0.0000142121  -0.0000134405
   6.9715556254  -0.0004024686   0.0000116338   0.0013086999
   6.9859894880   0.0000004621   0.0000070138   0.0024888599
   7.0004233506   0.0004080275   0.0000010760   0.0033841776
   7.0148572131   0.0007571755  -0.0000051883   0.0038841389
   7.0292910757   0.0009932640  -0.0000107464   0.0039249571
   7.0437249383   0.0010790063  -0.0000147537   0.0034983806
   7.0581588009   0.0010006303  -0.0000167214   0.0026536318
   7.0725926634   0.0007701177  -0.0000165790   0.0014920528
   7.0870265260   0.0004231322  -0.0000146239   0.0001549906
   7.1014603886   0.0000130849  -0.0000113864  -0.0011936275
   7.1158942512  -0.0003975036  -0.0000074646  -0.0023878369
   7.1303281138  -0.0007467718  -0.0000033833  -0.0032806529
   7.1447619763  -0.0009828024   0.0000004814  -0.0037628116
   7.1591958389  -0.0010710649   0.0000039035  -0.0037767615
   7.1736297015  -0.0009990870   0.0000067552  -0.0033240438
   7.1880635641  -0.0007778883   0.0000089419  -0.0024650672
   7.2024974266  -0.0004401354   0.0000103665  -0.0013112868
   7.2169312892  -0.0000353407   0.0000109403  -0.0000108006
   7.2313651518   0.0003772446   0.0000106316   0.0012707662
   7.2457990144   0.0007371137   0.0000095217   0.0023716041
   7.2602328770   0.0009912339   0.0000078282   0.0031545148
   7.2746667395   0.0011018123   0.0000058780   0.0035244520
   7.2891006021   0.0010519738   0.0000040316   0.0034405076
   7.3035344647   0.0008484722   0.0000025877   0.0029207592
   7.3179683273   0.0005209403   0.0000017032   0.0020393354
   7.3324021899   0.0001176693   0.0000013574   0.0009161073
   7.3468360524  -0.0003015632   0.0000013710  -0.0002995682
   7.3612699150  -0.0006745888   0.0000014701  -0.0014488123
   7.3757037776  -0.0009464453   0.0000013736  -0.0023841618
   7.3901376402  -0.0010778859   0.0000008744  -0.0029886683
   7.4045715027  -0.0010513415  -0.0000001076  -0.0031906645
   7.4190053653  -0.0008733202  -0.0000015156  -0.0029723486
   7.4334392279  -0.0005729009  -0.0000031915  -0.0023711911
   7.4478730905  -0.0001967008  -0.0000049410  -0.0014741079
   7.4623069531   0.0001986836  -0.0000066048  -0.0004052586
   7.4767408156   0.0005554099  -0.0000081055   0.0006908698
   7.4911746782   0.0008228827  -0.0000094479   0.0016688356
   7.5056085408   0.0009647806  -0.0000106689   0.0024014965
   7.5200424034   0.0009637427  -0.0000117601   0.0027965853
   7.5344762660   0.0008232410  -0.0000126004   0.0028084197
   7.5489101285   0.0005665539  -0.0000129407   0.0024432315
   7.5633439911   0.0002330929  -0.0000124585   0.0017574806
   7.5777778537  -0.0001273848  -0.0000108705   0.0008494676
   7.5922117163  -0.0004619217  -0.0000080576  -0.0001545398
   7.6066455788  -0.0007219412  -0.0000041538  -0.0011177323
   7.6210794414  -0.0008702607   0.0000004430  -0.0019113301
   7.6355133040  -0.0008865453   0.0000051433  -0.0024317541
   7.6499471666  -0.0007703582   0.0000093011  -0.0026140676
   7.6643810292  -0.0005412520   0.0000123711  -0.0024399223
   7.6788148917  -0.0002357639   0.0000140404  -0.0019390550
   7.6932487543   0.0000983172   0.0000142982  -0.0011843174
   7.7076826169   0.0004095477   0.0000134177  -0.0002810954
   7.7221164795   0.0006510411   0.0000118502   0.0006473195
   7.7365503421   0.0007878822   0.0000100586   0.0014764036
   7.7509842046   0.0008024447   0.0000083506   0.0020969231
   7.7654180672   0.0006967060   0.0000067762   0.0024291723
   7.7798519298   0.0004912284   0.0000051427   0.0024330845
   7.7942857924   0.0002211214   0.0000031466   0.0021129018
   7.8087196549  -0.0000701628   0.0000005667   0.0015158202
   7.8231535175  -0.0003380077  -0.0000025747   0.0007248824
   7.8375873801  -0.0005435298  -0.0000059632  -0.0001527773
   7.8520212427  -0.0006591185  -0.0000090838  -0.0010005859
   7.8664551053  -0.0006718933  -0.0000114111  -0.0017080022
   7.8808889678  -0.0005847654  -0.0000126056  -0.0021847348
   7.8953228304  -0.0004151800  -0.0000126270  -0.0023719382
   7.9097566930  -0.0001919034  -0.0000117169  -0.0022491031
   7.9241905556   0.0000495831  -0.0000102699  -0.0018359319
   7.9386244181   0.0002724225  -0.0000086582  -0.0011891000
   7.9530582807   0.0004437570  -0.0000070905  -0.0003944066
   7.9674921433   0.0005394466  -0.0000055591   0.0004446218
   7.9819260059   0.0005475030  -0.0000038877   0.0012201730
