   0.0000000000   0.0000000000   0.0000000000   0.0000000000
   0.0144338626   0.0000000000   0.0000000000   0.0000000000
   0.0288677252   0.0000000000   0.0000000000   0.0000000000
   0.0433015877  -0.0000000000   0.0000000000  -0.0000000000
   0.0577354503  -0.0000000000   0.0000000000  -0.0000000000
   0.0721693129  -0.0000000000  -0.0000000000   0.0000000000
   0.0866031755   0.0000000000  -0.0000000000   0.0000000000
   0.1010370380   0.0000000000  -0.0000000000   0.0000000000
   0.1154709006   0.0000000000  -0.0000000000   0.0000000000
   0.1299047632   0.0000000000  -0.0000000000   0.0000000000
   0.1443386258   0.0000000000   0.0000000000   0.0000000000
   0.1587724884  -0.0000000000   0.0000000000  -0.0000000000
   0.1732063509  -0.0000000000   0.0000000000  -0.0000000000
   0.1876402135  -0.0000000000   0.0000000000  -0.0000000000
   0.2020740761   0.0000000000   0.0000000000  -0.0000000000
   0.2165079387   0.0000000000  -0.0000000000   0.0000000000
   0.2309418013   0.0000000000  -0.0000000000   0.0000000000
   0.2453756638   0.0000000000  -0.0000000000   0.0000000000
   0.2598095264   0.0000000000  -0.0000000000   0.0000000000
   0.2742433890   0.0000000000   0.0000000000   0.0000000001
   0.2886772516  -0.0000000000   0.0000000001  -0.0000000000
   0.3031111141  -0.0000000003   0.0000000004  -0.0000000003
   0.3175449767  -0.0000000007   0.0000000008  -0.0000000009
   0.3319788393  -0.0000000011   0.0000000011  -0.0000000015
   0.3464127019  -0.0000000011   0.0000000006  -0.0000000013
   0.3608465645   0.0000000002  -0.0000000017   0.0000000009
   0.3752804270   0.0000000034  -0.0000000064   0.0000000063
   0.3897142896   0.0000000079  -0.0000000122   0.0000000141
   0.4041481522   0.0000000113  -0.0000000154   0.0000000195
   0.4185820148   0.0000000086  -0.0000000096   0.0000000131
   0.4330158774  -0.0000000051   0.0000000114  -0.0000000159
   0.4474497399  -0.0000000304   0.0000000484  -0.0000000712
   0.4618836025  -0.0000000599   0.0000000912  -0.0000001384
   0.4763174651  -0.0000000765   0.0000001175  -0.0000001792
   0.4907513277  -0.0000000590   0.0000000994  -0.0000001396
   0.5051851902   0.0000000061   0.0000000165   0.0000000209
   0.5196190528   0.0000001113  -0.0000001275   0.0000002890
   0.5340529154   0.0000002232  -0.0000002964   0.0000005669
   0.5484867780   0.0000002894  -0.0000004266   0.0000006834
   0.5629206406   0.0000002584  -0.0000004463   0.0000004664
   0.5773545031   0.0000001029  -0.0000003004  -0.0000001354
   0.5917883657  -0.0000001662   0.0000000301  -0.0000009364
   0.6062222283  -0.0000004985   0.0000005203  -0.0000014896
   0.6206560909  -0.0000008115   0.0000010991  -0.0000012233
   0.6350899535  -0.0000009970   0.0000016422   0.0000002509
   0.6495238160  -0.0000009240   0.0000019558   0.0000027551
   0.6639576786  -0.0000004507   0.0000017661   0.0000052726
   0.6783915412   0.0000005323   0.0000007488   0.0000060069
   0.6928254038   0.0000020144  -0.0000013677   0.0000029155
   0.7072592663   0.0000037521  -0.0000046183  -0.0000053217
   0.7216931289   0.0000051871  -0.0000085850  -0.0000181833
   0.7361269915   0.0000054759  -0.0000122521  -0.0000325259
   0.7505608541   0.0000036945  -0.0000140617  -0.0000426829
   0.7649947167  -0.0000007739  -0.0000122673  -0.0000417971
   0.7794285792  -0.0000077553  -0.0000055831  -0.0000243209
   0.7938624418  -0.0000158845   0.0000060138   0.0000109294
   0.8082963044  -0.0000225306   0.0000206032   0.0000582419
   0.8227301670  -0.0000242528   0.0000341031   0.0001042120
   0.8371640296  -0.0000178452   0.0000407786   0.0001295637
   0.8515978921  -0.0000017732   0.0000345431   0.0001136822
   0.8660317547   0.0000224574   0.0000108217   0.0000409464
   0.8804656173   0.0000495953  -0.0000315277  -0.0000929160
   0.8948994799   0.0000710943  -0.0000888757  -0.0002765825
   0.9093333424   0.0000768561  -0.0001526282  -0.0004827727
   0.9237672050   0.0000579152  -0.0002104449  -0.0006725206
   0.9382010676   0.0000093188  -0.0002487201  -0.0008034488
   0.9526349302  -0.0000676973  -0.0002557626  -0.0008400980
   0.9670687928  -0.0001649698  -0.0002248547  -0.0007635516
   0.9815026553  -0.0002684551  -0.0001563352  -0.0005775666
   0.9959365179  -0.0003609400  -0.0000580772  -0.0003092331
   1.0103703805  -0.0004258539   0.0000558586  -0.0000036430
   1.0248042431  -0.0004512773   0.0001681089   0.0002862477
   1.0392381056  -0.0004330585   0.0002617054   0.0005119273
   1.0536719682  -0.0003760372   0.0003236108   0.0006404578
   1.0681058308  -0.0002928175   0.0003471665   0.0006613667
   1.0825396934  -0.0002003064   0.0003328648   0.0005874954
   1.0969735560  -0.0001150801   0.0002873771   0.0004498217
   1.1114074185  -0.0000491512   0.0002212913   0.0002880614
   1.1258412811  -0.0000075686   0.0001463420   0.0001399901
   1.1402751437   0.0000115140   0.0000729484   0.0000325579
   1.1547090063   0.0000147279   0.0000086358  -0.0000229712
   1.1691428689   0.0000105201  -0.0000424694  -0.0000310685
   1.1835767314   0.0000065760  -0.0000792422  -0.0000078662
   1.1980105940   0.0000083197  -0.0001026371   0.0000253064
   1.2124444566   0.0000184192  -0.0001146422   0.0000486858
   1.2268783192   0.0000367906  -0.0001174049   0.0000493208
   1.2413121817   0.0000607106  -0.0001126802   0.0000236786
   1.2557460443   0.0000850846  -0.0001016402  -0.0000226921
   1.2701799069   0.0001032198  -0.0000850149  -0.0000779787
   1.2846137695   0.0001083015  -0.0000634768  -0.0001283746
   1.2990476321   0.0000952350  -0.0000381193  -0.0001624584
   1.3134814946   0.0000620565  -0.0000108132  -0.0001743548
   1.3279153572   0.0000101701   0.0000157732  -0.0001647409
   1.3423492198  -0.0000566691   0.0000386000  -0.0001394810
   1.3567830824  -0.0001338518   0.0000550358  -0.0001065358
   1.3712169450  -0.0002167135   0.0000636892  -0.0000724691
   1.3856508075  -0.0002999135   0.0000649006  -0.0000400422
   1.4000846701  -0.0003757848   0.0000606102  -0.0000079050
   1.4145185327  -0.0004330917   0.0000535958   0.0000275759
   1.4289523953  -0.0004578002   0.0000463878   0.0000693294
   1.4433862578  -0.0004364647   0.0000403413   0.0001169669
   1.4578201204  -0.0003611582   0.0000352876   0.0001658874
   1.4722539830  -0.0002335763   0.0000299038   0.0002085708
   1.4866878456  -0.0000659459   0.0000225984   0.0002374263
   1.5011217082   0.0001221377   0.0000124615   0.0002477942
   1.5155555707   0.0003096274  -0.0000001781   0.0002396556
   1.5299894333   0.0004797719  -0.0000138338   0.0002172956
   1.5444232959   0.0006228073  -0.0000264938   0.0001872053
   1.5588571585   0.0007344596  -0.0000364520   0.0001553475
   1.5732910211   0.0008116478  -0.0000429083   0.0001251241
   1.5877248836   0.0008485347  -0.0000460666   0.0000969020
   1.6021587462   0.0008359667  -0.0000467468   0.0000690821
   1.6165926088   0.0007652878  -0.0000457890   0.0000399192
   1.6310264714   0.0006346794  -0.0000436076   0.0000090296
   1.6454603339   0.0004542427  -0.0000401289  -0.0000221586
   1.6598941965   0.0002462925  -0.0000350903  -0.0000510794
   1.6743280591   0.0000397835  -0.0000284669  -0.0000752810
   1.6887619217  -0.0001388753  -0.0000207407  -0.0000934823
   1.7031957843  -0.0002740969  -0.0000128572  -0.0001058918
   1.7176296468  -0.0003642077  -0.0000059152  -0.0001137415
   1.7320635094  -0.0004178323  -0.0000007828  -0.0001184132
   1.7464973720  -0.0004458016   0.0000021612  -0.0001206717
   1.7609312346  -0.0004533775   0.0000030753  -0.0001203498
   1.7753650971  -0.0004373831   0.0000025357  -0.0001165236
   1.7897989597  -0.0003899109   0.0000013537  -0.0001079935
   1.8042328223  -0.0003063039   0.0000004068  -0.0000938436
   1.8186666849  -0.0001924263   0.0000004803  -0.0000739418
   1.8331005475  -0.0000664922   0.0000020832  -0.0000493314
   1.8475344100   0.0000462041   0.0000052374  -0.0000224459
   1.8619682726   0.0001231724   0.0000093265   0.0000030117
   1.8764021352   0.0001539763   0.0000131467   0.0000227079
   1.8908359978   0.0001438478   0.0000152595   0.0000328643
   1.9052698604   0.0001097912   0.0000145906   0.0000316877
   1.9197037229   0.0000714806   0.0000110341   0.0000204312
   1.9341375855   0.0000420457   0.0000057235   0.0000034211
   1.9485714481   0.0000236507   0.0000007280  -0.0000132524
   1.9630053107   0.0000097854  -0.0000017949  -0.0000240251
   1.9774391732  -0.0000077601  -0.0000006368  -0.0000261494
   1.9918730358  -0.0000318198   0.0000037663  -0.0000208273
   2.0063068984  -0.0000569906   0.0000094004  -0.0000124902
   2.0207407610  -0.0000724973   0.0000135549  -0.0000064581
   2.0351746236  -0.0000687699   0.0000141228  -0.0000061174
   2.0496084861  -0.0000435878   0.0000106643  -0.0000111085
   2.0640423487  -0.0000041045   0.0000046647  -0.0000175446
   2.0784762113   0.0000363403  -0.0000011731  -0.0000202103
   2.0929100739   0.0000646381  -0.0000042558  -0.0000155861
   2.1073439365   0.0000738657  -0.0000033666  -0.0000040434
   2.1217777990   0.0000656073   0.0000007759   0.0000100386
   2.1362116616   0.0000477586   0.0000059441   0.0000203772
   2.1506455242   0.0000295056   0.0000095787   0.0000220400
   2.1650793868   0.0000165522   0.0000100986   0.0000141311
   2.1795132493   0.0000091878   0.0000076663   0.0000004575
   2.1939471119   0.0000038788   0.0000040200  -0.0000122314
   2.2083809745  -0.0000030423   0.0000014679  -0.0000175703
   2.2228148371  -0.0000121203   0.0000015791  -0.0000127876
   2.2372486997  -0.0000200169   0.0000042636  -0.0000001600
   2.2516825622  -0.0000216486   0.0000077431   0.0000140412
   2.2661164248  -0.0000138045   0.0000094547   0.0000226023
   2.2805502874   0.0000020879   0.0000074429   0.0000209083
   2.2949841500   0.0000198788   0.0000015275   0.0000092284
   2.3094180126   0.0000315265  -0.0000063689  -0.0000073625
   2.3238518751   0.0000313282  -0.0000129410  -0.0000213620
   2.3382857377   0.0000191603  -0.0000149500  -0.0000263367
   2.3527196003   0.0000008313  -0.0000107229  -0.0000198403
   2.3671534629  -0.0000147600  -0.0000009895  -0.0000043886
   2.3815873254  -0.0000201808   0.0000113329   0.0000138911
   2.3960211880  -0.0000132760   0.0000223016   0.0000281802
   2.4104550506   0.0000018460   0.0000285078   0.0000339792
   2.4248889132   0.0000172096   0.0000283234   0.0000307538
   2.4393227758   0.0000254573   0.0000222992   0.0000215144
   2.4537566383   0.0000239785   0.0000126064   0.0000106924
   2.4681905009   0.0000164010   0.0000018695   0.0000015330
   2.4826243635   0.0000105742  -0.0000079890  -0.0000055722
   2.4970582261   0.0000140716  -0.0000163173  -0.0000129196
   2.5114920887   0.0000296094  -0.0000234749  -0.0000235952
   2.5259259512   0.0000528743  -0.0000299482  -0.0000388811
   2.5403598138   0.0000740150  -0.0000353828  -0.0000564143
   2.5547936764   0.0000821301  -0.0000381226  -0.0000702026
   2.5692275390   0.0000705032  -0.0000355933  -0.0000726960
   2.5836614015   0.0000399383  -0.0000254325  -0.0000580787
   2.5980952641  -0.0000014564  -0.0000068712  -0.0000253091
   2.6125291267  -0.0000418521   0.0000182903   0.0000205119
   2.6269629893  -0.0000707538   0.0000456223   0.0000691427
   2.6413968519  -0.0000829647   0.0000690479   0.0001082484
   2.6558307144  -0.0000795882   0.0000825492   0.0001273112
   2.6702645770  -0.0000658478   0.0000819832   0.0001209063
   2.6846984396  -0.0000472128   0.0000663563   0.0000901811
   2.6991323022  -0.0000261660   0.0000381397   0.0000421634
   2.7135661647  -0.0000014980   0.0000025850  -0.0000126137
   2.7280000273   0.0000294728  -0.0000336435  -0.0000631247
   2.7424338899   0.0000670846  -0.0000640163  -0.0001004058
   2.7568677525   0.0001062819  -0.0000834007  -0.0001189680
   2.7713016151   0.0001364525  -0.0000887859  -0.0001170087
   2.7857354776   0.0001448497  -0.0000794803  -0.0000958691
   2.8001693402   0.0001223737  -0.0000569711  -0.0000593420
   2.8146032028   0.0000690477  -0.0000246524  -0.0000132127
   2.8290370654  -0.0000036635   0.0000124940   0.0000350174
   2.8434709280  -0.0000753184   0.0000483450   0.0000766255
   2.8579047905  -0.0001232384   0.0000763756   0.0001028276
   2.8723386531  -0.0001309771   0.0000907804   0.0001067198
   2.8867725157  -0.0000949983   0.0000878540   0.0000855748
   2.9012063783  -0.0000266408   0.0000672611   0.0000426121
   2.9156402408   0.0000516244   0.0000326924  -0.0000127231
   2.9300741034   0.0001142354  -0.0000085134  -0.0000665351
   2.9445079660   0.0001416740  -0.0000469011  -0.0001040988
   2.9589418286   0.0001270971  -0.0000732766  -0.0001143057
   2.9733756912   0.0000780119  -0.0000812622  -0.0000934279
   2.9878095537   0.0000126620  -0.0000692038  -0.0000467777
   3.0022434163  -0.0000470896  -0.0000407592   0.0000124982
   3.0166772789  -0.0000833853  -0.0000039023   0.0000672434
   3.0311111415  -0.0000876539   0.0000313902   0.0001015393
   3.0455450041  -0.0000619852   0.0000560519   0.0001056395
   3.0599788666  -0.0000167849   0.0000645098   0.0000789472
   3.0744127292   0.0000337135   0.0000561260   0.0000300684
   3.0888465918   0.0000760279   0.0000350743  -0.0000260227
   3.1032804544   0.0001005422   0.0000087603  -0.0000727052
   3.1177143169   0.0001026625  -0.0000146394  -0.0000967420
   3.1321481795   0.0000825249  -0.0000286880  -0.0000920298
   3.1465820421   0.0000441967  -0.0000304669  -0.0000609961
   3.1610159047  -0.0000049486  -0.0000211299  -0.0000134002
   3.1754497673  -0.0000547038  -0.0000051772   0.0000368818
   3.1898836298  -0.0000929711   0.0000112119   0.0000759605
   3.2043174924  -0.0001078683   0.0000222008   0.0000936761
   3.2187513550  -0.0000910898   0.0000240463   0.0000860002
   3.2331852176  -0.0000416465   0.0000161076   0.0000556255
   3.2476190802   0.0000316631   0.0000008987   0.0000108174
   3.2620529427   0.0001107295  -0.0000167516  -0.0000369834
   3.2764868053   0.0001723284  -0.0000311443  -0.0000761083
   3.2909206679   0.0001952519  -0.0000373544  -0.0000974440
   3.3053545305   0.0001680665  -0.0000326427  -0.0000964600
   3.3197883930   0.0000944668  -0.0000172848  -0.0000740881
   3.3342222556  -0.0000062741   0.0000053952  -0.0000363020
   3.3486561182  -0.0001045445   0.0000298069   0.0000074927
   3.3630899808  -0.0001698741   0.0000495192   0.0000468830
   3.3775238434  -0.0001813729   0.0000589804   0.0000730971
   3.3919577059  -0.0001352398   0.0000550866   0.0000811860
   3.4063915685  -0.0000464014   0.0000381557   0.0000711262
   3.4208254311   0.0000564915   0.0000119931   0.0000475068
   3.4352592937   0.0001409417  -0.0000170274   0.0000178805
   3.4496931563   0.0001817174  -0.0000416550  -0.0000097060
   3.4641270188   0.0001691079  -0.0000557644  -0.0000291951
   3.4785608814   0.0001113895  -0.0000560727  -0.0000381766
   3.4929947440   0.0000308362  -0.0000430371  -0.0000381541
   3.5074286066  -0.0000449258  -0.0000206363  -0.0000333533
   3.5218624691  -0.0000927684   0.0000049023  -0.0000285571
   3.5362963317  -0.0001014296   0.0000270158  -0.0000268369
   3.5507301943  -0.0000739252   0.0000407302  -0.0000281178
   3.5651640569  -0.0000246178   0.0000439648  -0.0000291975
   3.5795979195   0.0000273781   0.0000378146  -0.0000252658
   3.5940317820   0.0000655546   0.0000257776  -0.0000123393
   3.6084656446   0.0000812751   0.0000122671   0.0000103867
   3.6228995072   0.0000752570   0.0000009950   0.0000393018
   3.6373333698   0.0000552931  -0.0000061768   0.0000668915
   3.6517672323   0.0000317221  -0.0000095261   0.0000839598
   3.6662010949   0.0000128409  -0.0000108624   0.0000828325
   3.6806349575   0.0000021428  -0.0000123373   0.0000603799
   3.6950688201  -0.0000017880  -0.0000152083   0.0000197001
   3.7095026827  -0.0000031538  -0.0000190918  -0.0000302412
   3.7239365452  -0.0000059182  -0.0000220252  -0.0000769899
   3.7383704078  -0.0000114104  -0.0000213192  -0.0001082474
   3.7528042704  -0.0000175951  -0.0000148459  -0.0001155651
   3.7672381330  -0.0000201669  -0.0000022254  -0.0000968586
   3.7816719956  -0.0000147903   0.0000145998  -0.0000569354
   3.7961058581   0.0000006231   0.0000316798  -0.0000059237
   3.8105397207   0.0000245988   0.0000441904   0.0000438004
   3.8249735833   0.0000522237   0.0000479985   0.0000811243
   3.8394074459   0.0000765482   0.0000411008   0.0000990152
   3.8538413084   0.0000906349   0.0000244164   0.0000958394
   3.8682751710   0.0000895028   0.0000016486   0.0000749570
   3.8827090336   0.0000714152  -0.0000217409   0.0000429717
   3.8971428962   0.0000383102  -0.0000400954   0.0000074136
   3.9115767588  -0.0000045275  -0.0000491457  -0.0000252899
   3.9260106213  -0.0000493366  -0.0000471106  -0.0000509491
   3.9404444839  -0.0000871218  -0.0000350058  -0.0000676842
   3.9548783465  -0.0001091967  -0.0000161311  -0.0000752082
   3.9693122091  -0.0001089630   0.0000050246  -0.0000738596
   3.9837460717  -0.0000837127   0.0000240593  -0.0000639299
   3.9981799342  -0.0000360167   0.0000377063  -0.0000456025
   4.0126137968   0.0000258928   0.0000443749  -0.0000194781
   4.0270476594   0.0000892373   0.0000441162   0.0000126508
   4.0414815220   0.0001393956   0.0000381499   0.0000472465
   4.0559153845   0.0001636880   0.0000282122   0.0000790978
   4.0703492471   0.0001551725   0.0000159965   0.0001021630
   4.0847831097   0.0001151594   0.0000028633   0.0001110137
   4.0992169723   0.0000534118  -0.0000101495   0.0001024382
   4.1136508349  -0.0000142707  -0.0000221228   0.0000766603
   4.1280846974  -0.0000704495  -0.0000320394   0.0000377152
   4.1425185600  -0.0001010187  -0.0000387203  -0.0000072171
   4.1569524226  -0.0000990775  -0.0000409958  -0.0000493944
   4.1713862852  -0.0000664045  -0.0000380725  -0.0000805904
   4.1858201478  -0.0000121363  -0.0000299551  -0.0000950901
   4.2002540103   0.0000506931  -0.0000177360  -0.0000910513
   4.2146878729   0.0001093193  -0.0000035935  -0.0000708733
   4.2291217355   0.0001545134   0.0000095659  -0.0000405058
   4.2435555981   0.0001818428   0.0000187623  -0.0000079268
   4.2579894606   0.0001907726   0.0000217255   0.0000187737
   4.2724233232   0.0001824257   0.0000175760   0.0000331992
   4.2868571858   0.0001573802   0.0000071907   0.0000319181
   4.3012910484   0.0001147816  -0.0000068776   0.0000149624
   4.3157249110   0.0000533288  -0.0000209277  -0.0000144568
   4.3301587735  -0.0000263070  -0.0000309571  -0.0000508332
   4.3445926361  -0.0001188935  -0.0000336068  -0.0000875471
   4.3590264987  -0.0002133899  -0.0000269588  -0.0001180381
   4.3734603613  -0.0002940849  -0.0000109842  -0.0001367357
   4.3878942239  -0.0003441663   0.0000124537  -0.0001396503
   4.4023280864  -0.0003506592   0.0000400153  -0.0001246513
   4.4167619490  -0.0003089444   0.0000675831  -0.0000915432
   4.4311958116  -0.0002250581   0.0000910466  -0.0000420566
   4.4456296742  -0.0001147140   0.0001069805   0.0000201871
   4.4600635367   0.0000008045   0.0001130819   0.0000897695
   4.4744973993   0.0001005523   0.0001083256   0.0001597375
   4.4889312619   0.0001696250   0.0000928843   0.0002221568
   4.5033651245   0.0002027403   0.0000679199   0.0002690171
   4.5177989871   0.0002046106   0.0000353550   0.0002934216
   4.5322328496   0.0001872128  -0.0000023052   0.0002908481
   4.5466667122   0.0001651584  -0.0000420961   0.0002601694
   4.5611005748   0.0001509255  -0.0000807171   0.0002041180
   4.5755344374   0.0001515579  -0.0001147295   0.0001289882
   4.5899682999   0.0001676818  -0.0001408781   0.0000435700
   4.6044021625   0.0001946941  -0.0001565239  -0.0000424626
   4.6188360251   0.0002251767  -0.0001600967  -0.0001203099
   4.6332698877   0.0002512980  -0.0001514326  -0.0001834982
   4.6477037503   0.0002662600  -0.0001318593  -0.0002286555
   4.6621376128   0.0002645288  -0.0001039579  -0.0002554570
   4.6765714754   0.0002413140  -0.0000710275  -0.0002658445
   4.6910053380   0.0001921679  -0.0000363883  -0.0002628400
   4.7054392006   0.0001134794  -0.0000027212  -0.0002493733
   4.7198730632   0.0000040988   0.0000283533  -0.0002274878
   4.7343069257  -0.0001323915   0.0000563326  -0.0001981120
   4.7487407883  -0.0002857934   0.0000815187  -0.0001613602
   4.7631746509  -0.0004389187   0.0001044574  -0.0001171392
   4.7776085135  -0.0005694209   0.0001253350  -0.0000657689
   4.7920423760  -0.0006537320   0.0001435506  -0.0000083730
   4.8064762386  -0.0006721766   0.0001576107   0.0000530533
   4.8209101012  -0.0006138063   0.0001653788   0.0001158352
   4.8353439638  -0.0004795034   0.0001645860   0.0001768937
   4.8497778264  -0.0002824273   0.0001534274   0.0002329260
   4.8642116889  -0.0000457202   0.0001310566   0.0002804037
   4.8786455515   0.0002017831   0.0000978461   0.0003154467
   4.8930794141   0.0004305896   0.0000553804   0.0003337545
   4.9075132767   0.0006150383   0.0000062440   0.0003308155
   4.9219471393   0.0007363615  -0.0000462784   0.0003025457
   4.9363810018   0.0007840524  -0.0000984761   0.0002463359
   4.9508148644   0.0007558427  -0.0001464077   0.0001622856
   4.9652487270   0.0006568856  -0.0001860408   0.0000542473
   4.9796825896   0.0004986896  -0.0002134256  -0.0000697283
   4.9941164521   0.0002980417  -0.0002249953  -0.0001978403
   5.0085503147   0.0000758048  -0.0002180411  -0.0003159324
   5.0229841773  -0.0001447262  -0.0001913127  -0.0004096030
   5.0374180399  -0.0003401507  -0.0001456007  -0.0004665692
   5.0518519025  -0.0004898982  -0.0000840993  -0.0004787327
   5.0662857650  -0.0005792928  -0.0000123678  -0.0004434800
   5.0807196276  -0.0006019885   0.0000622005  -0.0003639734
   5.0951534902  -0.0005610062   0.0001313538  -0.0002484753
   5.1095873528  -0.0004679234   0.0001872149  -0.0001089830
   5.1240212154  -0.0003402964   0.0002234986   0.0000404309
   5.1384550779  -0.0001979421   0.0002364392   0.0001852173
   5.1528889405  -0.0000590626   0.0002252357   0.0003116777
   5.1673228031   0.0000627808   0.0001919617   0.0004079870
   5.1817566657   0.0001601453   0.0001410303   0.0004650098
   5.1961905282   0.0002314550   0.0000783999   0.0004770258
   5.2106243908   0.0002793710   0.0000107344   0.0004423994
   5.2250582534   0.0003084950  -0.0000553190   0.0003640925
   5.2394921160   0.0003231956  -0.0001136646   0.0002498087
   5.2539259786   0.0003261583  -0.0001591291   0.0001115388
   5.2683598411   0.0003179098  -0.0001877445  -0.0000356220
   5.2827937037   0.0002972090  -0.0001970181  -0.0001753215
   5.2972275663   0.0002619648  -0.0001862053  -0.0002921803
   5.3116614289   0.0002102924  -0.0001565327  -0.0003739698
   5.3260952914   0.0001414241  -0.0001112598  -0.0004132721
   5.3405291540   0.0000563591  -0.0000554701  -0.0004082737
   5.3549630166  -0.0000417272   0.0000044642  -0.0003625643
   5.3693968792  -0.0001472590   0.0000617032  -0.0002840725
   5.3838307418  -0.0002522256   0.0001099031  -0.0001834662
   5.3982646043  -0.0003464430   0.0001441214  -0.0000724351
   5.4126984669  -0.0004182715   0.0001614583   0.0000377785
   5.4271323295  -0.0004559117   0.0001613006   0.0001373859
   5.4415661921  -0.0004492428   0.0001451422   0.0002185721
   5.4560000547  -0.0003919582   0.0001160718   0.0002756584
   5.4704339172  -0.0002835602   0.0000780969   0.0003051064
   5.4848677798  -0.0001306956   0.0000354892   0.0003055275
   5.4993016424   0.0000526200  -0.0000077033   0.0002777609
   5.5137355050   0.0002461256  -0.0000479230   0.0002249550
   5.5281693675   0.0004257305  -0.0000821803   0.0001525140
   5.5426032301   0.0005668701  -0.0001080380   0.0000677626
   5.5570370927   0.0006482392  -0.0001236105  -0.0000207341
   5.5714709553   0.0006552558  -0.0001276475  -0.0001041378
   5.5859048179   0.0005826601  -0.0001197045  -0.0001744126
   5.6003386804   0.0004358090  -0.0001003385  -0.0002252750
   5.6147725430   0.0002304436  -0.0000712298  -0.0002528116
   5.6292064056  -0.0000090642  -0.0000351420  -0.0002556606
   5.6436402682  -0.0002527655   0.0000043202  -0.0002347921
   5.6580741308  -0.0004690901   0.0000431283  -0.0001930365
   5.6725079933  -0.0006291727   0.0000773343  -0.0001345564
   5.6869418559  -0.0007109453   0.0001035521  -0.0000644256
   5.7013757185  -0.0007023901   0.0001193150   0.0000116228
   5.7158095811  -0.0006034430   0.0001232619   0.0000873305
   5.7302434436  -0.0004262163   0.0001151582   0.0001560653
   5.7446773062  -0.0001934685   0.0000958042   0.0002111356
   5.7591111688   0.0000644710   0.0000669001   0.0002463571
   5.7735450314   0.0003138606   0.0000309169   0.0002568443
   5.7879788940   0.0005221635  -0.0000090173   0.0002398866
   5.8024127565   0.0006624419  -0.0000492465   0.0001956915
   5.8168466191   0.0007169221  -0.0000857843   0.0001277724
   5.8312804817   0.0006792729  -0.0001146258   0.0000428274
   5.8457143443   0.0005553466  -0.0001321786  -0.0000499267
   5.8601482069   0.0003623313  -0.0001357693  -0.0001398678
   5.8745820694   0.0001264471  -0.0001241307  -0.0002163344
   5.8890159320  -0.0001205341  -0.0000977561  -0.0002700056
   5.9034497946  -0.0003455331  -0.0000590174  -0.0002940770
   5.9178836572  -0.0005186569  -0.0000119918  -0.0002850810
   5.9323175197  -0.0006173501   0.0000379957  -0.0002432855
   5.9467513823  -0.0006295977   0.0000850442  -0.0001726731
   5.9611852449  -0.0005556491   0.0001234495  -0.0000805468
   5.9756191075  -0.0004079216   0.0001484482   0.0000231809
   5.9900529701  -0.0002090315   0.0001568253   0.0001269651
   6.0044868326   0.0000117628   0.0001473076   0.0002188161
   6.0189206952   0.0002231056   0.0001207111   0.0002876248
   6.0333545578   0.0003962842   0.0000798470   0.0003245129
   6.0477884204   0.0005093413   0.0000292124   0.0003240489
   6.0622222830   0.0005498972  -0.0000254943   0.0002851442
   6.0766561455   0.0005163098  -0.0000779892   0.0002114478
   6.0910900081   0.0004171495  -0.0001221004   0.0001111182
   6.1055238707   0.0002692663  -0.0001524860  -0.0000040571
   6.1199577333   0.0000949198  -0.0001653001  -0.0001201069
   6.1343915958  -0.0000815091  -0.0001587215  -0.0002226899
   6.1488254584  -0.0002367616  -0.0001332625  -0.0002990071
   6.1632593210  -0.0003515528  -0.0000917911  -0.0003395224
   6.1776931836  -0.0004127931  -0.0000392375  -0.0003392341
   6.1921270462  -0.0004150128   0.0000179967  -0.0002983178
   6.2065609087  -0.0003608596   0.0000728538  -0.0002220680
   6.2209947713  -0.0002605750   0.0001185465  -0.0001201666
   6.2354286339  -0.0001304371   0.0001494585  -0.0000054024
   6.2498624965   0.0000097039   0.0001618847   0.0001079776
   6.2642963590   0.0001394859   0.0001545049   0.0002060663
   6.2787302216   0.0002412014   0.0001285266   0.0002770235
   6.2931640842   0.0003024930   0.0000874896   0.0003125280
   6.3075979468   0.0003180442   0.0000367683   0.0003087841
   6.3220318094   0.0002899339  -0.0000171487   0.0002669625
   6.3364656719   0.0002266249  -0.0000675013   0.0001930190
   6.3508995345   0.0001408813  -0.0001081128   0.0000969052
   6.3653333971   0.0000471468  -0.0001341520  -0.0000087365
   6.3797672597  -0.0000410022  -0.0001427135  -0.0001102319
   6.3942011223  -0.0001128149  -0.0001331483  -0.0001946690
   6.4086349848  -0.0001614491  -0.0001071100  -0.0002515862
   6.4230688474  -0.0001841664  -0.0000683087  -0.0002743209
   6.4375027100  -0.0001818498  -0.0000220068  -0.0002608318
   6.4519365726  -0.0001581509   0.0000256818  -0.0002138853
   6.4663704351  -0.0001185507   0.0000685976  -0.0001405895
   6.4808042977  -0.0000694966   0.0001013388  -0.0000513513
   6.4952381603  -0.0000176515   0.0001199552   0.0000415845
   6.5096720229   0.0000307907   0.0001224391   0.0001258078
   6.5241058855   0.0000707592   0.0001089478   0.0001903954
   6.5385397480   0.0000988922   0.0000817333   0.0002273238
   6.5529736106   0.0001139299   0.0000447927   0.0002324611
   6.5674074732   0.0001167524   0.0000032951   0.0002060185
   6.5818413358   0.0001099557  -0.0000371348   0.0001524120
   6.5962751984   0.0000969996  -0.0000711748   0.0000795672
   6.6107090609   0.0000811296  -0.0000945041  -0.0000022297
   6.6251429235   0.0000644035  -0.0001043510  -0.0000817706
   6.6395767861   0.0000471616  -0.0000998212  -0.0001484521
   6.6540106487   0.0000281637  -0.0000819659  -0.0001936810
   6.6684445112   0.0000053855  -0.0000535875  -0.0002119697
   6.6828783738  -0.0000227691  -0.0000188152  -0.0002015791
   6.6973122364  -0.0000562586   0.0000174894  -0.0001646372
   6.7117460990  -0.0000926377   0.0000504080  -0.0001067335
   6.7261799616  -0.0001270426   0.0000756293  -0.0000360676
   6.7406138241  -0.0001529911   0.0000900081   0.0000377173
   6.7550476867  -0.0001637944   0.0000919459   0.0001048452
   6.7694815493  -0.0001541857   0.0000815480   0.0001566851
   6.7839154119  -0.0001217196   0.0000605445   0.0001868333
   6.7983492745  -0.0000675906   0.0000320007   0.0001918730
   6.8127831370   0.0000032889  -0.0000001337   0.0001717297
   6.8272169996   0.0000829004  -0.0000315674   0.0001295939
   6.8416508622   0.0001612179  -0.0000582271   0.0000714315
   6.8560847248   0.0002275418  -0.0000767652   0.0000051502
   6.8705185873   0.0002718610  -0.0000849567  -0.0000604688
   6.8849524499   0.0002861208  -0.0000819465  -0.0001169374
   6.8993863125   0.0002653480  -0.0000683232  -0.0001571693
   6.9138201751   0.0002085908  -0.0000460164  -0.0001763825
   6.9282540377   0.0001195809  -0.0000180309  -0.0001726726
   6.9426879002   0.0000069430   0.0000119511  -0.0001471803
   6.9571217628  -0.0001162580   0.0000400513  -0.0001038397
   6.9715556254  -0.0002337919   0.0000627009  -0.0000487554
   6.9859894880  -0.0003283561   0.0000771035   0.0000106862
   7.0004233506  -0.0003842567   0.0000815903   0.0000668332
   7.0148572131  -0.0003902168   0.0000758180   0.0001127621
   7.0292910757  -0.0003417275   0.0000607798   0.0001431171
   7.0437249383  -0.0002423778   0.0000386325   0.0001546958
   7.0581588009  -0.0001037953   0.0000123682   0.0001467295
   7.0725926634   0.0000558653  -0.0000146119   0.0001208533
   7.0870265260   0.0002146185  -0.0000389551   0.0000807987
   7.1014603886   0.0003500086  -0.0000577790   0.0000318680
   7.1158942512   0.0004425042  -0.0000690006  -0.0000197392
   7.1303281138   0.0004783490  -0.0000715416  -0.0000676725
   7.1447619763   0.0004514633  -0.0000653977  -0.0001061748
   7.1591958389   0.0003642151  -0.0000515810  -0.0001307537
   7.1736297015   0.0002270736  -0.0000319572  -0.0001387063
   7.1880635641   0.0000572901  -0.0000090052  -0.0001294340
   7.2024974266  -0.0001232009   0.0000144762  -0.0001044988
   7.2169312892  -0.0002904498   0.0000356849  -0.0000674016
   7.2313651518  -0.0004215057   0.0000521328  -0.0000231026
   7.2457990144  -0.0004975008   0.0000619311   0.0000226513
   7.2602328770  -0.0005064480   0.0000640156   0.0000640968
   7.2746667395  -0.0004453280   0.0000582790   0.0000962030
   7.2891006021  -0.0003210348   0.0000455859   0.0001152919
   7.3035344647  -0.0001498625   0.0000276616   0.0001194450
   7.3179683273   0.0000445575   0.0000068620   0.0001086565
   7.3324021899   0.0002346485  -0.0000141434   0.0000847347
   7.3468360524   0.0003930853  -0.0000327293   0.0000509925
   7.3612699150   0.0004970614  -0.0000466569   0.0000117886
   7.3757037776   0.0005318452  -0.0000543503  -0.0000280118
   7.3901376402   0.0004929872  -0.0000550692  -0.0000635967
   7.4045715027   0.0003868207  -0.0000489613  -0.0000907359
   7.4190053653   0.0002292510  -0.0000370000  -0.0001062427
   7.4334392279   0.0000431444  -0.0000208282  -0.0001083331
   7.4478730905  -0.0001451632  -0.0000025380  -0.0000968483
   7.4623069531  -0.0003096458   0.0000155824  -0.0000733069
   7.4767408156  -0.0004281133   0.0000313108  -0.0000407587
   7.4911746782  -0.0004850686   0.0000427389  -0.0000034340
   7.5056085408  -0.0004736185   0.0000484900   0.0000337884
   7.5200424034  -0.0003962821   0.0000478855   0.0000660292
   7.5344762660  -0.0002646278   0.0000410432   0.0000890799
   7.5489101285  -0.0000977549   0.0000288835   0.0000999902
   7.5633439911   0.0000802673   0.0000130340   0.0000974706
   7.5777778537   0.0002437499  -0.0000043692   0.0000820474
   7.5922117163   0.0003691162  -0.0000209645   0.0000559521
   7.6066455788   0.0004384702  -0.0000344932   0.0000227742
   7.6210794414   0.0004424021  -0.0000431220  -0.0000130525
   7.6355133040   0.0003814988  -0.0000457062  -0.0000468436
   7.6499471666   0.0002662338  -0.0000419476  -0.0000742542
   7.6643810292   0.0001152112  -0.0000324228  -0.0000917952
   7.6788148917  -0.0000479304  -0.0000184832  -0.0000972322
   7.6932487543  -0.0001983782  -0.0000020490  -0.0000898392
   7.7076826169  -0.0003140623   0.0000146627  -0.0000704954
   7.7221164795  -0.0003789470   0.0000294311  -0.0000416151
   7.7365503421  -0.0003851870   0.0000403079  -0.0000069061
   7.7509842046  -0.0003338977   0.0000458471   0.0000290413
   7.7654180672  -0.0002345533   0.0000452725   0.0000613122
   7.7798519298  -0.0001032417   0.0000385733   0.0000853218
   7.7942857924   0.0000398748   0.0000265236   0.0000974838
   7.8087196549   0.0001735028   0.0000106175   0.0000957859
   7.8231535175   0.0002781935  -0.0000070819   0.0000801642
   7.8375873801   0.0003390157  -0.0000241794   0.0000525911
   7.8520212427   0.0003476271  -0.0000382537   0.0000168407
   7.8664551053   0.0003034838  -0.0000472010  -0.0000220426
   7.8808889678   0.0002139828  -0.0000495659  -0.0000584857
   7.8953228304   0.0000934389  -0.0000447998  -0.0000872146
   7.9097566930  -0.0000390427  -0.0000333939  -0.0001040273
   7.9241905556  -0.0001625377  -0.0000168491  -0.0001063948
   7.9386244181  -0.0002576672   0.0000025228  -0.0000938048
   7.9530582807  -0.0003097755   0.0000219379  -0.0000678181
   7.9674921433  -0.0003113368   0.0000385621  -0.0000318476
   7.9819260059  -0.0002631303   0.0000499424   0.0000092946
