   0.0000000000   0.0000000000   0.0000000000   0.0000000000
   0.0144338626   0.0000000000   0.0000000000   0.0000000000
   0.0288677252   0.0000000000   0.0000000000   0.0000000000
   0.0433015877   0.0000000000   0.0000000000   0.0000000000
   0.0577354503   0.0000000000   0.0000000000   0.0000000000
   0.0721693129   0.0000000000   0.0000000000   0.0000000000
   0.0866031755   0.0000000000   0.0000000000   0.0000000000
   0.1010370380   0.0000000000   0.0000000000   0.0000000000
   0.1154709006   0.0000000000   0.0000000000   0.0000000000
   0.1299047632   0.0000000000   0.0000000000   0.0000000000
   0.1443386258   0.0000000000   0.0000000000   0.0000000000
   0.1587724884   0.0000000000   0.0000000000   0.0000000000
   0.1732063509   0.0000000000   0.0000000000   0.0000000000
   0.1876402135   0.0000000000   0.0000000000   0.0000000000
   0.2020740761  -0.0000000000  -0.0000000000  -0.0000000000
   0.2165079387   0.0000000000   0.0000000000   0.0000000000
   0.2309418013  -0.0000000000  -0.0000000000  -0.0000000000
   0.2453756638  -0.0000000000  -0.0000000000  -0.0000000000
   0.2598095264  -0.0000000000  -0.0000000000  -0.0000000000
   0.2742433890  -0.0000000000  -0.0000000000  -0.0000000000
   0.2886772516  -0.0000000000  -0.0000000000  -0.0000000000
   0.3031111141  -0.0000000000  -0.0000000000  -0.0000000000
   0.3175449767  -0.0000000000  -0.0000000000  -0.0000000000
   0.3319788393  -0.0000000000  -0.0000000000  -0.0000000000
   0.3464127019  -0.0000000000  -0.0000000000  -0.0000000000
   0.3608465645  -0.0000000000  -0.0000000000  -0.0000000000
   0.3752804270  -0.0000000000  -0.0000000000  -0.0000000000
   0.3897142896   0.0000000000   0.0000000000   0.0000000000
   0.4041481522   0.0000000000   0.0000000000   0.0000000000
   0.4185820148   0.0000000000   0.0000000000   0.0000000000
   0.4330158774  -0.0000000000   0.0000000000  -0.0000000000
   0.4474497399  -0.0000000000  -0.0000000000  -0.0000000000
   0.4618836025  -0.0000000000  -0.0000000000  -0.0000000000
   0.4763174651  -0.0000000000  -0.0000000000  -0.0000000000
   0.4907513277   0.0000000000   0.0000000000   0.0000000000
   0.5051851902   0.0000000000   0.0000000000   0.0000000000
   0.5196190528   0.0000000000   0.0000000000   0.0000000000
   0.5340529154   0.0000000000   0.0000000000   0.0000000000
   0.5484867780   0.0000000000   0.0000000000   0.0000000000
   0.5629206406   0.0000000000   0.0000000000   0.0000000000
   0.5773545031   0.0000000000   0.0000000000   0.0000000000
   0.5917883657   0.0000000000   0.0000000000   0.0000000000
   0.6062222283   0.0000000000   0.0000000000   0.0000000000
   0.6206560909   0.0000000000   0.0000000000   0.0000000000
   0.6350899535   0.0000000000   0.0000000000   0.0000000000
   0.6495238160   0.0000000000   0.0000000000   0.0000000000
   0.6639576786   0.0000000000  -0.0000000000   0.0000000000
   0.6783915412   0.0000000000  -0.0000000000   0.0000000000
   0.6928254038  -0.0000000000  -0.0000000000  -0.0000000000
   0.7072592663  -0.0000000000  -0.0000000000  -0.0000000000
   0.7216931289  -0.0000000000  -0.0000000000  -0.0000000000
   0.7361269915  -0.0000000000  -0.0000000000  -0.0000000000
   0.7505608541  -0.0000000000  -0.0000000000  -0.0000000000
   0.7649947167  -0.0000000000  -0.0000000000  -0.0000000000
   0.7794285792  -0.0000000000  -0.0000000000  -0.0000000000
   0.7938624418  -0.0000000000  -0.0000000000  -0.0000000000
   0.8082963044  -0.0000000000  -0.0000000000  -0.0000000000
   0.8227301670  -0.0000000000  -0.0000000000  -0.0000000000
   0.8371640296  -0.0000000000  -0.0000000000  -0.0000000000
   0.8515978921  -0.0000000000  -0.0000000000  -0.0000000000
   0.8660317547  -0.0000000000  -0.0000000000  -0.0000000000
   0.8804656173  -0.0000000000  -0.0000000000  -0.0000000000
   0.8948994799  -0.0000000000   0.0000000000  -0.0000000000
   0.9093333424   0.0000000000   0.0000000000   0.0000000000
   0.9237672050   0.0000000000   0.0000000000   0.0000000000
   0.9382010676   0.0000000000   0.0000000000   0.0000000000
   0.9526349302   0.0000000000   0.0000000000   0.0000000000
   0.9670687928   0.0000000000   0.0000000000   0.0000000000
   0.9815026553   0.0000000000   0.0000000000   0.0000000000
   0.9959365179   0.0000000000   0.0000000000   0.0000000000
   1.0103703805   0.0000000000   0.0000000000   0.0000000000
   1.0248042431   0.0000000000   0.0000000000   0.0000000000
   1.0392381056   0.0000000000   0.0000000000   0.0000000000
   1.0536719682   0.0000000000   0.0000000000   0.0000000000
   1.0681058308   0.0000000000   0.0000000000   0.0000000000
   1.0825396934   0.0000000000   0.0000000000   0.0000000000
   1.0969735560   0.0000000000   0.0000000000   0.0000000000
   1.1114074185   0.0000000000   0.0000000000   0.0000000000
   1.1258412811   0.0000000000   0.0000000000   0.0000000000
   1.1402751437   0.0000000000   0.0000000000   0.0000000000
   1.1547090063   0.0000000000   0.0000000000   0.0000000000
   1.1691428689   0.0000000000   0.0000000000   0.0000000000
   1.1835767314   0.0000000000   0.0000000000   0.0000000000
   1.1980105940   0.0000000000   0.0000000000   0.0000000000
   1.2124444566   0.0000000000   0.0000000000   0.0000000000
   1.2268783192   0.0000000000   0.0000000000   0.0000000000
   1.2413121817   0.0000000000   0.0000000000   0.0000000000
   1.2557460443   0.0000000000   0.0000000000   0.0000000000
   1.2701799069   0.0000000000   0.0000000000   0.0000000000
   1.2846137695   0.0000000000   0.0000000000   0.0000000000
   1.2990476321   0.0000000000   0.0000000000   0.0000000000
   1.3134814946   0.0000000000   0.0000000000   0.0000000000
   1.3279153572   0.0000000000   0.0000000000   0.0000000000
   1.3423492198   0.0000000000   0.0000000000   0.0000000000
   1.3567830824   0.0000000000   0.0000000000   0.0000000000
   1.3712169450   0.0000000000   0.0000000000   0.0000000000
   1.3856508075   0.0000000000   0.0000000000   0.0000000000
   1.4000846701   0.0000000000   0.0000000000   0.0000000000
   1.4145185327   0.0000000000   0.0000000000   0.0000000000
   1.4289523953   0.0000000000   0.0000000000   0.0000000000
   1.4433862578   0.0000000000   0.0000000000   0.0000000000
   1.4578201204   0.0000000000   0.0000000000   0.0000000000
   1.4722539830   0.0000000000   0.0000000000   0.0000000000
   1.4866878456   0.0000000000   0.0000000000   0.0000000000
   1.5011217082   0.0000000000   0.0000000000   0.0000000000
   1.5155555707   0.0000000000   0.0000000000   0.0000000000
   1.5299894333   0.0000000000   0.0000000000   0.0000000000
   1.5444232959   0.0000000000   0.0000000000   0.0000000000
   1.5588571585   0.0000000000   0.0000000000   0.0000000000
   1.5732910211   0.0000000000   0.0000000000   0.0000000000
   1.5877248836   0.0000000000   0.0000000000   0.0000000000
   1.6021587462   0.0000000000   0.0000000000   0.0000000000
   1.6165926088   0.0000000000   0.0000000000   0.0000000000
   1.6310264714   0.0000000000   0.0000000000   0.0000000000
   1.6454603339   0.0000000000   0.0000000000   0.0000000000
   1.6598941965  -0.0000000000  -0.0000000000  -0.0000000000
   1.6743280591  -0.0000000000  -0.0000000000  -0.0000000000
   1.6887619217  -0.0000000000  -0.0000000000  -0.0000000000
   1.7031957843  -0.0000000000  -0.0000000000  -0.0000000000
   1.7176296468  -0.0000000000  -0.0000000000  -0.0000000000
   1.7320635094  -0.0000000000  -0.0000000000  -0.0000000000
   1.7464973720  -0.0000000000  -0.0000000000  -0.0000000000
   1.7609312346  -0.0000000000  -0.0000000000  -0.0000000000
   1.7753650971  -0.0000000000  -0.0000000000  -0.0000000000
   1.7897989597   0.0000000000  -0.0000000000   0.0000000000
   1.8042328223   0.0000000000   0.0000000000   0.0000000000
   1.8186666849   0.0000000000   0.0000000000   0.0000000000
   1.8331005475   0.0000000000   0.0000000000   0.0000000000
   1.8475344100   0.0000000000   0.0000000000   0.0000000000
   1.8619682726   0.0000000000   0.0000000000   0.0000000000
   1.8764021352   0.0000000000   0.0000000000   0.0000000000
   1.8908359978   0.0000000000   0.0000000000   0.0000000000
   1.9052698604   0.0000000000   0.0000000000  -0.0000000000
   1.9197037229  -0.0000000000  -0.0000000000  -0.0000000000
   1.9341375855  -0.0000000000  -0.0000000000  -0.0000000000
   1.9485714481  -0.0000000000  -0.0000000000  -0.0000000000
   1.9630053107  -0.0000000000  -0.0000000000  -0.0000000000
   1.9774391732  -0.0000000000  -0.0000000000  -0.0000000000
   1.9918730358  -0.0000000000  -0.0000000000  -0.0000000000
   2.0063068984  -0.0000000000  -0.0000000000  -0.0000000000
   2.0207407610   0.0000000000   0.0000000000   0.0000000000
   2.0351746236   0.0000000000   0.0000000000   0.0000000000
   2.0496084861   0.0000000000   0.0000000000   0.0000000000
   2.0640423487   0.0000000000   0.0000000000   0.0000000000
   2.0784762113   0.0000000000   0.0000000000   0.0000000000
   2.0929100739   0.0000000000   0.0000000000   0.0000000000
   2.1073439365   0.0000000000   0.0000000000   0.0000000000
   2.1217777990  -0.0000000000  -0.0000000000  -0.0000000000
   2.1362116616  -0.0000000000  -0.0000000000  -0.0000000000
   2.1506455242  -0.0000000000  -0.0000000000  -0.0000000000
   2.1650793868  -0.0000000000  -0.0000000000  -0.0000000000
   2.1795132493  -0.0000000000  -0.0000000000  -0.0000000000
   2.1939471119  -0.0000000000  -0.0000000000  -0.0000000000
   2.2083809745   0.0000000000  -0.0000000000   0.0000000000
   2.2228148371   0.0000000000   0.0000000000   0.0000000000
   2.2372486997   0.0000000000   0.0000000000   0.0000000000
   2.2516825622   0.0000000000   0.0000000000   0.0000000000
   2.2661164248   0.0000000000   0.0000000000   0.0000000000
   2.2805502874   0.0000000000   0.0000000000   0.0000000000
   2.2949841500   0.0000000000   0.0000000000  -0.0000000000
   2.3094180126  -0.0000000000  -0.0000000000  -0.0000000000
   2.3238518751  -0.0000000000  -0.0000000000  -0.0000000000
   2.3382857377  -0.0000000000  -0.0000000000  -0.0000000000
   2.3527196003  -0.0000000000  -0.0000000000  -0.0000000000
   2.3671534629  -0.0000000000  -0.0000000000  -0.0000000000
   2.3815873254   0.0000000000  -0.0000000000   0.0000000000
   2.3960211880   0.0000000000   0.0000000000   0.0000000000
   2.4104550506   0.0000000000   0.0000000000   0.0000000000
   2.4248889132   0.0000000000   0.0000000000   0.0000000000
   2.4393227758   0.0000000000   0.0000000000   0.0000000000
   2.4537566383   0.0000000000   0.0000000000   0.0000000000
   2.4681905009  -0.0000000000   0.0000000000  -0.0000000000
   2.4826243635  -0.0000000000  -0.0000000000  -0.0000000000
   2.4970582261  -0.0000000000  -0.0000000000  -0.0000000000
   2.5114920887  -0.0000000000  -0.0000000000  -0.0000000000
   2.5259259512  -0.0000000000  -0.0000000000  -0.0000000000
   2.5403598138   0.0000000000   0.0000000000   0.0000000000
   2.5547936764   0.0000000000   0.0000000000   0.0000000000
   2.5692275390   0.0000000000   0.0000000000   0.0000000000
   2.5836614015  -0.0000000000   0.0000000000   0.0000000000
   2.5980952641  -0.0000000000  -0.0000000000  -0.0000000000
   2.6125291267  -0.0000000000  -0.0000000000  -0.0000000000
   2.6269629893  -0.0000000000  -0.0000000000  -0.0000000000
   2.6413968519  -0.0000000000  -0.0000000000  -0.0000000000
   2.6558307144  -0.0000000000  -0.0000000000  -0.0000000000
   2.6702645770  -0.0000000000  -0.0000000000  -0.0000000000
   2.6846984396   0.0000000000   0.0000000000   0.0000000000
   2.6991323022   0.0000000000   0.0000000000   0.0000000000
   2.7135661647   0.0000000000   0.0000000000   0.0000000000
   2.7280000273   0.0000000000   0.0000000000   0.0000000000
   2.7424338899   0.0000000000   0.0000000000   0.0000000000
   2.7568677525   0.0000000000   0.0000000000   0.0000000000
   2.7713016151  -0.0000000000   0.0000000000  -0.0000000000
   2.7857354776  -0.0000000000  -0.0000000000  -0.0000000000
   2.8001693402  -0.0000000000  -0.0000000000  -0.0000000000
   2.8146032028  -0.0000000000  -0.0000000000  -0.0000000000
   2.8290370654  -0.0000000000  -0.0000000000  -0.0000000000
   2.8434709280  -0.0000000000  -0.0000000000  -0.0000000000
   2.8579047905  -0.0000000000  -0.0000000000  -0.0000000000
   2.8723386531   0.0000000000   0.0000000000   0.0000000000
   2.8867725157   0.0000000000   0.0000000000   0.0000000000
   2.9012063783   0.0000000000   0.0000000000   0.0000000000
   2.9156402408   0.0000000000   0.0000000000   0.0000000000
   2.9300741034   0.0000000000   0.0000000000   0.0000000000
   2.9445079660   0.0000000000   0.0000000000   0.0000000000
   2.9589418286   0.0000000000   0.0000000000  -0.0000000000
   2.9733756912  -0.0000000000  -0.0000000000  -0.0000000000
   2.9878095537  -0.0000000000  -0.0000000000  -0.0000000000
   3.0022434163  -0.0000000000  -0.0000000000  -0.0000000000
   3.0166772789  -0.0000000000  -0.0000000000  -0.0000000000
   3.0311111415  -0.0000000000  -0.0000000000  -0.0000000000
   3.0455450041  -0.0000000000  -0.0000000000  -0.0000000000
   3.0599788666   0.0000000000   0.0000000000   0.0000000000
   3.0744127292   0.0000000001   0.0000000000   0.0000000000
   3.0888465918   0.0000000001   0.0000000000   0.0000000001
   3.1032804544   0.0000000001   0.0000000000   0.0000000001
   3.1177143169   0.0000000001   0.0000000000   0.0000000000
   3.1321481795   0.0000000000   0.0000000000  -0.0000000000
   3.1465820421  -0.0000000000   0.0000000000  -0.0000000000
   3.1610159047  -0.0000000001  -0.0000000000  -0.0000000001
   3.1754497673  -0.0000000001  -0.0000000000  -0.0000000000
   3.1898836298  -0.0000000000  -0.0000000000   0.0000000000
   3.2043174924   0.0000000001   0.0000000000   0.0000000001
   3.2187513550   0.0000000002   0.0000000001   0.0000000003
   3.2331852176   0.0000000003   0.0000000001   0.0000000004
   3.2476190802   0.0000000004   0.0000000002   0.0000000005
   3.2620529427   0.0000000004   0.0000000002   0.0000000004
   3.2764868053   0.0000000003   0.0000000001   0.0000000003
   3.2909206679  -0.0000000000   0.0000000000   0.0000000001
   3.3053545305  -0.0000000005  -0.0000000001  -0.0000000002
   3.3197883930  -0.0000000009  -0.0000000003  -0.0000000005
   3.3342222556  -0.0000000013  -0.0000000004  -0.0000000008
   3.3486561182  -0.0000000016  -0.0000000005  -0.0000000010
   3.3630899808  -0.0000000016  -0.0000000005  -0.0000000011
   3.3775238434  -0.0000000013  -0.0000000005  -0.0000000012
   3.3919577059  -0.0000000007  -0.0000000004  -0.0000000012
   3.4063915685   0.0000000001  -0.0000000002  -0.0000000011
   3.4208254311   0.0000000010  -0.0000000001  -0.0000000009
   3.4352592937   0.0000000019   0.0000000000  -0.0000000005
   3.4496931563   0.0000000026   0.0000000002   0.0000000001
   3.4641270188   0.0000000030   0.0000000004   0.0000000010
   3.4785608814   0.0000000031   0.0000000007   0.0000000021
   3.4929947440   0.0000000026   0.0000000011   0.0000000033
   3.5074286066   0.0000000017   0.0000000015   0.0000000042
   3.5218624691   0.0000000003   0.0000000017   0.0000000045
   3.5362963317  -0.0000000014   0.0000000017   0.0000000041
   3.5507301943  -0.0000000031   0.0000000014   0.0000000029
   3.5651640569  -0.0000000048   0.0000000008   0.0000000010
   3.5795979195  -0.0000000061  -0.0000000000  -0.0000000012
   3.5940317820  -0.0000000066  -0.0000000009  -0.0000000032
   3.6084656446  -0.0000000058  -0.0000000018  -0.0000000048
   3.6228995072  -0.0000000033  -0.0000000026  -0.0000000061
   3.6373333698   0.0000000017  -0.0000000035  -0.0000000074
   3.6517672323   0.0000000094  -0.0000000048  -0.0000000095
   3.6662010949   0.0000000195  -0.0000000067  -0.0000000128
   3.6806349575   0.0000000295  -0.0000000091  -0.0000000167
   3.6950688201   0.0000000342  -0.0000000106  -0.0000000184
   3.7095026827   0.0000000235  -0.0000000083  -0.0000000118
   3.7239365452  -0.0000000185   0.0000000030   0.0000000138
   3.7383704078  -0.0000001143   0.0000000318   0.0000000740
   3.7528042704  -0.0000002922   0.0000000891   0.0000001893
   3.7672381330  -0.0000005835   0.0000001880   0.0000003825
   3.7816719956  -0.0000010171   0.0000003422   0.0000006755
   3.7961058581  -0.0000016121   0.0000005625   0.0000010834
   3.8105397207  -0.0000023692   0.0000008536   0.0000016082
   3.8249735833  -0.0000032619   0.0000012097   0.0000022315
   3.8394074459  -0.0000042307   0.0000016111   0.0000029101
   3.8538413084  -0.0000051822   0.0000020222   0.0000035744
   3.8682751710  -0.0000059949   0.0000023924   0.0000041329
   3.8827090336  -0.0000065338   0.0000026611   0.0000044833
   3.8971428962  -0.0000066721   0.0000027665   0.0000045296
   3.9115767588  -0.0000063176   0.0000026570   0.0000042031
   3.9260106213  -0.0000054379   0.0000023049   0.0000034823
   3.9404444839  -0.0000040796   0.0000017171   0.0000024078
   3.9548783465  -0.0000023726   0.0000009414   0.0000010847
   3.9693122091  -0.0000005176   0.0000000643  -0.0000003281
   3.9837460717   0.0000012453  -0.0000008008  -0.0000016447
   3.9981799342   0.0000026827  -0.0000015332  -0.0000026893
   4.0126137968   0.0000036183  -0.0000020310  -0.0000033357
   4.0270476594   0.0000039759  -0.0000022351  -0.0000035401
   4.0414815220   0.0000038012  -0.0000021459  -0.0000033548
   4.0559153845   0.0000032535  -0.0000018270  -0.0000029179
   4.0703492471   0.0000025650  -0.0000013916  -0.0000024173
   4.0847831097   0.0000019760  -0.0000009729  -0.0000020365
   4.0992169723   0.0000016613  -0.0000006865  -0.0000018961
   4.1136508349   0.0000016709  -0.0000005937  -0.0000020093
   4.1280846974   0.0000019044  -0.0000006775  -0.0000022672
   4.1425185600   0.0000021338  -0.0000008419  -0.0000024633
   4.1569524226   0.0000020721  -0.0000009376  -0.0000023555
   4.1713862852   0.0000014725  -0.0000008096  -0.0000017501
   4.1858201478   0.0000002285  -0.0000003551  -0.0000005828
   4.2002540103  -0.0000015590   0.0000004268   0.0000010301
   4.2146878729  -0.0000035736   0.0000014121   0.0000027938
   4.2291217355  -0.0000053474   0.0000023675   0.0000042971
   4.2435555981  -0.0000063844   0.0000030057   0.0000051228
   4.2579894606  -0.0000063101   0.0000030694   0.0000049775
   4.2724233232  -0.0000050035   0.0000024193   0.0000037985
   4.2868571858  -0.0000026655   0.0000010999   0.0000018002
   4.3012910484   0.0000002018  -0.0000006442  -0.0000005643
   4.3157249110   0.0000029072  -0.0000024096  -0.0000027241
   4.3301587735   0.0000047447  -0.0000037296  -0.0000041626
   4.3445926361   0.0000051832  -0.0000041994  -0.0000045869
   4.3590264987   0.0000040177  -0.0000035961  -0.0000040335
   4.3734603613   0.0000014455  -0.0000019604  -0.0000028610
   4.3878942239  -0.0000019484   0.0000003853  -0.0000016124
   4.4023280864  -0.0000052829   0.0000028851  -0.0000007732
   4.4167619490  -0.0000075216   0.0000048525  -0.0000004983
   4.4311958116  -0.0000076373   0.0000056019  -0.0000004128
   4.4456296742  -0.0000047940   0.0000045853   0.0000004037
   4.4600635367   0.0000014367   0.0000015199   0.0000031603
   4.4744973993   0.0000107974  -0.0000034898   0.0000088079
   4.4889312619   0.0000219953  -0.0000098262   0.0000172702
   4.5033651245   0.0000323284  -0.0000162246   0.0000266268
   4.5177989871   0.0000374098  -0.0000206568   0.0000325082
   4.5322328496   0.0000311814  -0.0000202928   0.0000280020
   4.5466667122   0.0000064302  -0.0000116372   0.0000043239
   4.5611005748  -0.0000440503   0.0000090626  -0.0000476295
   4.5755344374  -0.0001256716   0.0000450821  -0.0001349610
   4.5899682999  -0.0002398978   0.0000982036  -0.0002600822
   4.6044021625  -0.0003822388   0.0001675950  -0.0004183018
   4.6188360251  -0.0005410630   0.0002488888  -0.0005964818
   4.6332698877  -0.0006978862   0.0003338330  -0.0007734800
   4.6477037503  -0.0008295437   0.0004108438  -0.0009227789
   4.6621376128  -0.0009121834   0.0004666171  -0.0010171615
   4.6765714754  -0.0009264301   0.0004886662  -0.0010346423
   4.6910053380  -0.0008625471   0.0004683217  -0.0009643013
   4.7054392006  -0.0007241436   0.0004034604  -0.0008103926
   4.7198730632  -0.0005291173   0.0003001312  -0.0005932796
   4.7343069257  -0.0003071049   0.0001723984  -0.0003464294
   4.7487407883  -0.0000936502   0.0000401244  -0.0001097476
   4.7631746509   0.0000776834  -0.0000750130   0.0000793293
   4.7776085135   0.0001832400  -0.0001543963   0.0001947009
   4.7920423760   0.0002149848  -0.0001869736   0.0002279018
   4.8064762386   0.0001822051  -0.0001720889   0.0001898462
   4.8209101012   0.0001084915  -0.0001197022   0.0001072695
   4.8353439638   0.0000247166  -0.0000477743   0.0000147325
   4.8497778264  -0.0000399737   0.0000225558  -0.0000555054
   4.8642116889  -0.0000664208   0.0000726605  -0.0000826516
   4.8786455515  -0.0000503921   0.0000913096  -0.0000627186
   4.8930794141  -0.0000026642   0.0000772856  -0.0000083724
   4.9075132767   0.0000556817   0.0000389578   0.0000565459
   4.9219471393   0.0001010669  -0.0000089847   0.0001058590
   4.9363810018   0.0001155890  -0.0000505155   0.0001201402
   4.9508148644   0.0000927471  -0.0000733008   0.0000929091
   4.9652487270   0.0000388343  -0.0000721391   0.0000318998
   4.9796825896  -0.0000302659  -0.0000497781  -0.0000447849
   4.9941164521  -0.0000954559  -0.0000150315  -0.0001159366
   5.0085503147  -0.0001414280   0.0000209283  -0.0001650175
   5.0229841773  -0.0001616343   0.0000486296  -0.0001854940
   5.0374180399  -0.0001594771   0.0000632203  -0.0001818635
   5.0518519025  -0.0001455465   0.0000652944  -0.0001663034
   5.0662857650  -0.0001323075   0.0000595523  -0.0001526182
   5.0807196276  -0.0001285863   0.0000520701  -0.0001501535
   5.0951534902  -0.0001361408   0.0000474360  -0.0001601940
   5.1095873528  -0.0001495975   0.0000469514  -0.0001761753
   5.1240212154  -0.0001595337   0.0000485448  -0.0001873418
   5.1384550779  -0.0001571572   0.0000482578  -0.0001840355
   5.1528889405  -0.0001384346   0.0000424945  -0.0001621991
   5.1673228031  -0.0001058875   0.0000299490  -0.0001251629
   5.1817566657  -0.0000674020   0.0000123490  -0.0000820871
   5.1961905282  -0.0000327551  -0.0000062573  -0.0000439457
   5.2106243908  -0.0000095341  -0.0000212647  -0.0000189726
   5.2250582534  -0.0000002871  -0.0000294642  -0.0000096110
   5.2394921160  -0.0000020756  -0.0000302923  -0.0000122017
   5.2539259786  -0.0000084307  -0.0000258550  -0.0000193278
   5.2683598411  -0.0000126310  -0.0000197998  -0.0000235396
   5.2827937037  -0.0000106960  -0.0000156307  -0.0000206513
   5.2972275663  -0.0000027554  -0.0000152718  -0.0000111435
   5.3116614289   0.0000076771  -0.0000185081   0.0000007919
   5.3260952914   0.0000159647  -0.0000234705   0.0000098784
   5.3405291540   0.0000188987  -0.0000278254   0.0000126266
   5.3549630166   0.0000162591  -0.0000300234   0.0000090226
   5.3693968792   0.0000106986  -0.0000299911   0.0000022957
   5.3838307418   0.0000061507  -0.0000289770  -0.0000029675
   5.3982646043   0.0000056867  -0.0000287113  -0.0000032866
   5.4126984669   0.0000099618  -0.0000303726   0.0000019643
   5.4271323295   0.0000170108  -0.0000339198   0.0000103767
   5.4415661921   0.0000234190  -0.0000381208   0.0000179050
   5.4560000547   0.0000261833  -0.0000412303   0.0000210406
   5.4704339172   0.0000242635  -0.0000419308   0.0000186117
   5.4848677798   0.0000190381  -0.0000400313   0.0000123009
   5.4993016424   0.0000134826  -0.0000365654   0.0000056706
   5.5137355050   0.0000105589  -0.0000332549   0.0000022620
   5.5281693675   0.0000116834  -0.0000316374   0.0000037793
   5.5426032301   0.0000160619  -0.0000323139   0.0000092856
   5.5570370927   0.0000211914  -0.0000346982   0.0000157803
   5.5714709553   0.0000242173  -0.0000373738   0.0000198063
   5.5859048179   0.0000234108  -0.0000388519   0.0000192260
   5.6003386804   0.0000190072  -0.0000383273   0.0000142553
   5.6147725430   0.0000130092  -0.0000360508   0.0000072647
   5.6292064056   0.0000081093  -0.0000331482   0.0000015020
   5.6436402682   0.0000063231  -0.0000310070  -0.0000005654
   5.6580741308   0.0000080384  -0.0000305635   0.0000015672
   5.6725079933   0.0000119334  -0.0000318578   0.0000063073
   5.6869418559   0.0000157507  -0.0000340660   0.0000108902
   5.7013757185   0.0000174816  -0.0000359648   0.0000128375
   5.7158095811   0.0000163383  -0.0000365685   0.0000111789
   5.7302434436   0.0000130394  -0.0000356039   0.0000068311
   5.7446773062   0.0000093147  -0.0000335928   0.0000019925
   5.7591111688   0.0000069391  -0.0000315261  -0.0000010773
   5.7735450314   0.0000068199  -0.0000303235  -0.0000012278
   5.7879788940   0.0000086020  -0.0000303687   0.0000010645
   5.8024127565   0.0000109550  -0.0000313576   0.0000040617
   5.8168466191   0.0000123464  -0.0000325148   0.0000057724
   5.8312804817   0.0000118680  -0.0000330446   0.0000050407
   5.8457143443   0.0000096796  -0.0000325650   0.0000021353
   5.8601482069   0.0000068621  -0.0000312958  -0.0000014487
   5.8745820694   0.0000047872  -0.0000299141  -0.0000038391
   5.8890159320   0.0000043624  -0.0000291667  -0.0000038115
   5.9034497946   0.0000055537  -0.0000294566  -0.0000014388
   5.9178836572   0.0000074305  -0.0000306242   0.0000019673
   5.9323175197   0.0000086897  -0.0000320342   0.0000045729
   5.9467513823   0.0000083686  -0.0000329152   0.0000049969
   5.9611852449   0.0000063638  -0.0000327666   0.0000030232
   5.9756191075   0.0000034865  -0.0000316167  -0.0000003208
   5.9900529701   0.0000010321  -0.0000300000  -0.0000033451
   6.0044868326   0.0000000994  -0.0000286704  -0.0000046139
   6.0189206952   0.0000010177  -0.0000282068  -0.0000037053
   6.0333545578   0.0000031817  -0.0000287192  -0.0000014143
   6.0477884204   0.0000053724  -0.0000298070   0.0000006958
   6.0622222830   0.0000063911  -0.0000307863   0.0000011438
   6.0766561455   0.0000056703  -0.0000310607  -0.0000006746
   6.0910900081   0.0000035452  -0.0000304376  -0.0000041685
   6.1055238707   0.0000010520  -0.0000292248  -0.0000078677
   6.1199577333  -0.0000006328  -0.0000280586  -0.0000101943
   6.1343915958  -0.0000008096  -0.0000275593  -0.0000102759
   6.1488254584   0.0000003944  -0.0000279974  -0.0000083710
   6.1632593210   0.0000021207  -0.0000291476  -0.0000056938
   6.1776931836   0.0000032587  -0.0000304044  -0.0000037478
   6.1921270462   0.0000030463  -0.0000310972  -0.0000035324
   6.2065609087   0.0000014697  -0.0000308355  -0.0000050467
   6.2209947713  -0.0000007449  -0.0000297060  -0.0000073419
   6.2354286339  -0.0000025346  -0.0000282193  -0.0000090785
   6.2498624965  -0.0000030738  -0.0000270409  -0.0000092734
   6.2642963590  -0.0000022081  -0.0000266494  -0.0000078320
   6.2787302216  -0.0000005213  -0.0000271030  -0.0000055858
   6.2931640842   0.0000009934  -0.0000280298  -0.0000038268
   6.3075979468   0.0000014696  -0.0000288413  -0.0000036025
   6.3220318094   0.0000006232  -0.0000290498  -0.0000051530
   6.3364656719  -0.0000011164  -0.0000285196  -0.0000077885
   6.3508995345  -0.0000028567  -0.0000275250  -0.0000102620
   6.3653333971  -0.0000037303  -0.0000265921  -0.0000114264
   6.3797672597  -0.0000033540  -0.0000262137  -0.0000108216
   6.3942011223  -0.0000020142  -0.0000265935  -0.0000088849
   6.4086349848  -0.0000004922  -0.0000275487  -0.0000066883
   6.4230688474   0.0000003658  -0.0000286170  -0.0000053569
   6.4375027100   0.0000000960  -0.0000292999  -0.0000054876
   6.4519365726  -0.0000011543  -0.0000293126  -0.0000068712
   6.4663704351  -0.0000027288  -0.0000287092  -0.0000086493
   6.4808042977  -0.0000038251  -0.0000278282  -0.0000098034
   6.4952381603  -0.0000039184  -0.0000270973  -0.0000097033
   6.5096720229  -0.0000030205  -0.0000268092  -0.0000084240
   6.5241058855  -0.0000016489  -0.0000269873  -0.0000066764
   6.5385397480  -0.0000005371  -0.0000274050  -0.0000054057
   6.5529736106  -0.0000002504  -0.0000277374  -0.0000052863
   6.5674074732  -0.0000009099  -0.0000277544  -0.0000063805
   6.5818413358  -0.0000021610  -0.0000274479  -0.0000081324
   6.5962751984  -0.0000033860  -0.0000270269  -0.0000096830
   6.6107090609  -0.0000040368  -0.0000267899  -0.0000103260
   6.6251429235  -0.0000039099  -0.0000269490  -0.0000098619
   6.6395767861  -0.0000032264  -0.0000275043  -0.0000086722
   6.6540106487  -0.0000024903  -0.0000282365  -0.0000074905
   6.6684445112  -0.0000022106  -0.0000288208  -0.0000070061
   6.6828783738  -0.0000026388  -0.0000289989  -0.0000075137
   6.6973122364  -0.0000036525  -0.0000287177  -0.0000087850
   6.7117460990  -0.0000048364  -0.0000281603  -0.0000102172
   6.7261799616  -0.0000057057  -0.0000276542  -0.0000111638
   6.7406138241  -0.0000059529  -0.0000275044  -0.0000112681
   6.7550476867  -0.0000055911  -0.0000278365  -0.0000106277
   6.7694815493  -0.0000049293  -0.0000285311  -0.0000097159
   6.7839154119  -0.0000044018  -0.0000292803  -0.0000091132
   6.7983492745  -0.0000043439  -0.0000297385  -0.0000091992
   6.8127831370  -0.0000048296  -0.0000296901  -0.0000099647
   6.8272169996  -0.0000056479  -0.0000291528  -0.0000110342
   6.8416508622  -0.0000064220  -0.0000283660  -0.0000118776
   6.8560847248  -0.0000068046  -0.0000276738  -0.0000120912
   6.8705185873  -0.0000066506  -0.0000273602  -0.0000116020
   6.8849524499  -0.0000060805  -0.0000275191  -0.0000106942
   6.8993863125  -0.0000054106  -0.0000280196  -0.0000098521
   6.9138201751  -0.0000049894  -0.0000285795  -0.0000095099
   6.9282540377  -0.0000050268  -0.0000289069  -0.0000098382
   6.9426879002  -0.0000054989  -0.0000288398  -0.0000106754
   6.9571217628  -0.0000061730  -0.0000284157  -0.0000116293
   6.9715556254  -0.0000067333  -0.0000278429  -0.0000122878
   6.9859894880  -0.0000069388  -0.0000273927  -0.0000124256
   7.0004233506  -0.0000067340  -0.0000272700  -0.0000121003
   7.0148572131  -0.0000062594  -0.0000275245  -0.0000115967
   7.0292910757  -0.0000057633  -0.0000280445  -0.0000112575
   7.0437249383  -0.0000054653  -0.0000286265  -0.0000112960
   7.0581588009  -0.0000054463  -0.0000290826  -0.0000116907
   7.0725926634  -0.0000056183  -0.0000293279  -0.0000122128
   7.0870265260  -0.0000057872  -0.0000294077  -0.0000125654
   7.1014603886  -0.0000057691  -0.0000294552  -0.0000125534
   7.1158942512  -0.0000054967  -0.0000296090  -0.0000121927
   7.1303281138  -0.0000050588  -0.0000299365  -0.0000117001
   7.1447619763  -0.0000046531  -0.0000304022  -0.0000113734
   7.1591958389  -0.0000044808  -0.0000308957  -0.0000114292
   7.1736297015  -0.0000046380  -0.0000312999  -0.0000118858
   7.1880635641  -0.0000050637  -0.0000315597  -0.0000125528
   7.2024974266  -0.0000055680  -0.0000317154  -0.0000131309
   7.2169312892  -0.0000059275  -0.0000318819  -0.0000133668
   7.2313651518  -0.0000059953  -0.0000321873  -0.0000131809
   7.2457990144  -0.0000057708  -0.0000327051  -0.0000127025
   7.2602328770  -0.0000053951  -0.0000334148  -0.0000121969
   7.2746667395  -0.0000050763  -0.0000342123  -0.0000119253
   7.2891006021  -0.0000049859  -0.0000349621  -0.0000120135
   7.3035344647  -0.0000051777  -0.0000355636  -0.0000123950
   7.3179683273  -0.0000055691  -0.0000359977  -0.0000128549
   7.3324021899  -0.0000059902  -0.0000363292  -0.0000131478
   7.3468360524  -0.0000062719  -0.0000366686  -0.0000131239
   7.3612699150  -0.0000063272  -0.0000371133  -0.0000127999
   7.3757037776  -0.0000061849  -0.0000377007  -0.0000123390
   7.3901376402  -0.0000059626  -0.0000383956  -0.0000119576
   7.4045715027  -0.0000057966  -0.0000391168  -0.0000118095
   7.4190053653  -0.0000057683  -0.0000397854  -0.0000119101
   7.4334392279  -0.0000058636  -0.0000403698  -0.0000121380
   7.4478730905  -0.0000059878  -0.0000409016  -0.0000123093
   7.4623069531  -0.0000060231  -0.0000414575  -0.0000122829
   7.4767408156  -0.0000058987  -0.0000421158  -0.0000120396
   7.4911746782  -0.0000056351  -0.0000429130  -0.0000116939
   7.5056085408  -0.0000053396  -0.0000438220  -0.0000114345
   7.5200424034  -0.0000051544  -0.0000447647  -0.0000114246
   7.5344762660  -0.0000051849  -0.0000456520  -0.0000117155
   7.5489101285  -0.0000054445  -0.0000464313  -0.0000122162
   7.5633439911  -0.0000058456  -0.0000471163  -0.0000127337
   7.5777778537  -0.0000062411  -0.0000477851  -0.0000130621
   7.5922117163  -0.0000064972  -0.0000485476  -0.0000130727
   7.6066455788  -0.0000065633  -0.0000494975  -0.0000127624
   7.6210794414  -0.0000065029  -0.0000506735  -0.0000122352
   7.6355133040  -0.0000064742  -0.0000520476  -0.0000116330
   7.6499471666  -0.0000066691  -0.0000535440  -0.0000110503
   7.6643810292  -0.0000072412  -0.0000550787  -0.0000104803
   7.6788148917  -0.0000082552  -0.0000565985  -0.0000098173
   7.6932487543  -0.0000096793  -0.0000581007  -0.0000089118
   7.7076826169  -0.0000114182  -0.0000596265  -0.0000076476
   7.7221164795  -0.0000133656  -0.0000612343  -0.0000059997
   7.7365503421  -0.0000154485  -0.0000629667  -0.0000040445
   7.7509842046  -0.0000176413  -0.0000648298  -0.0000019194
   7.7654180672  -0.0000199474  -0.0000667933   0.0000002429
   7.7798519298  -0.0000223624  -0.0000688073   0.0000023691
   7.7942857924  -0.0000248424  -0.0000708270   0.0000044593
   7.8087196549  -0.0000272963  -0.0000728300   0.0000065550
   7.8231535175  -0.0000296054  -0.0000748173   0.0000086809
   7.8375873801  -0.0000316612  -0.0000768011   0.0000107947
   7.8520212427  -0.0000333997  -0.0000787854   0.0000127737
   7.8664551053  -0.0000348145  -0.0000807534   0.0000144490
   7.8808889678  -0.0000359440  -0.0000826688   0.0000156688
   7.8953228304  -0.0000368404  -0.0000844895   0.0000163618
   7.9097566930  -0.0000375390  -0.0000861885   0.0000165642
   7.9241905556  -0.0000380454  -0.0000877675   0.0000164008
   7.9386244181  -0.0000383470  -0.0000892577   0.0000160259
   7.9530582807  -0.0000384427  -0.0000907047   0.0000155565
   7.9674921433  -0.0000383724  -0.0000921459   0.0000150282
   7.9819260059  -0.0000382295  -0.0000935915   0.0000143964
