   0.0000000000   0.0000000000   0.0000000000   0.0000000000
   0.0144338626   0.0000000000   0.0000000000   0.0000000000
   0.0288677252   0.0000000000   0.0000000000   0.0000000000
   0.0433015877   0.0000000000   0.0000000000   0.0000000000
   0.0577354503   0.0000000000   0.0000000000   0.0000000000
   0.0721693129   0.0000000000   0.0000000000   0.0000000000
   0.0866031755   0.0000000000   0.0000000000   0.0000000000
   0.1010370380   0.0000000000   0.0000000000   0.0000000000
   0.1154709006   0.0000000000   0.0000000000   0.0000000000
   0.1299047632   0.0000000000   0.0000000000   0.0000000000
   0.1443386258   0.0000000000   0.0000000000   0.0000000000
   0.1587724884   0.0000000000   0.0000000000   0.0000000000
   0.1732063509   0.0000000000   0.0000000000   0.0000000000
   0.1876402135   0.0000000000   0.0000000000   0.0000000000
   0.2020740761   0.0000000000   0.0000000000   0.0000000000
   0.2165079387   0.0000000000   0.0000000000   0.0000000000
   0.2309418013   0.0000000000   0.0000000000   0.0000000000
   0.2453756638   0.0000000000   0.0000000000   0.0000000000
   0.2598095264   0.0000000000   0.0000000000   0.0000000000
   0.2742433890   0.0000000000   0.0000000000   0.0000000000
   0.2886772516   0.0000000000   0.0000000000   0.0000000000
   0.3031111141  -0.0000000000  -0.0000000000  -0.0000000000
   0.3175449767  -0.0000000000  -0.0000000000  -0.0000000000
   0.3319788393  -0.0000000000  -0.0000000000  -0.0000000000
   0.3464127019  -0.0000000000  -0.0000000000  -0.0000000000
   0.3608465645  -0.0000000000  -0.0000000000  -0.0000000000
   0.3752804270  -0.0000000000  -0.0000000000  -0.0000000000
   0.3897142896  -0.0000000000  -0.0000000000  -0.0000000000
   0.4041481522  -0.0000000000  -0.0000000000  -0.0000000000
   0.4185820148  -0.0000000000  -0.0000000000  -0.0000000000
   0.4330158774  -0.0000000000  -0.0000000000  -0.0000000000
   0.4474497399  -0.0000000000  -0.0000000000  -0.0000000000
   0.4618836025  -0.0000000000   0.0000000000  -0.0000000000
   0.4763174651  -0.0000000000   0.0000000000  -0.0000000000
   0.4907513277   0.0000000000   0.0000000000   0.0000000000
   0.5051851902   0.0000000000   0.0000000000   0.0000000000
   0.5196190528   0.0000000000   0.0000000000   0.0000000000
   0.5340529154   0.0000000000   0.0000000000   0.0000000000
   0.5484867780   0.0000000000   0.0000000000   0.0000000000
   0.5629206406   0.0000000000   0.0000000000   0.0000000000
   0.5773545031   0.0000000000   0.0000000000   0.0000000000
   0.5917883657   0.0000000000   0.0000000000   0.0000000000
   0.6062222283   0.0000000000   0.0000000000   0.0000000000
   0.6206560909   0.0000000000  -0.0000000000   0.0000000000
   0.6350899535   0.0000000000  -0.0000000000   0.0000000000
   0.6495238160  -0.0000000000  -0.0000000000  -0.0000000000
   0.6639576786  -0.0000000000  -0.0000000000  -0.0000000000
   0.6783915412  -0.0000000000  -0.0000000000  -0.0000000000
   0.6928254038  -0.0000000000  -0.0000000000  -0.0000000000
   0.7072592663  -0.0000000000  -0.0000000000  -0.0000000000
   0.7216931289  -0.0000000000  -0.0000000000  -0.0000000000
   0.7361269915  -0.0000000000  -0.0000000000  -0.0000000000
   0.7505608541  -0.0000000000  -0.0000000000  -0.0000000000
   0.7649947167  -0.0000000000  -0.0000000000  -0.0000000000
   0.7794285792  -0.0000000000  -0.0000000000  -0.0000000000
   0.7938624418  -0.0000000000  -0.0000000000  -0.0000000000
   0.8082963044  -0.0000000000  -0.0000000000  -0.0000000000
   0.8227301670  -0.0000000000  -0.0000000000  -0.0000000000
   0.8371640296  -0.0000000000  -0.0000000000  -0.0000000000
   0.8515978921  -0.0000000000  -0.0000000000  -0.0000000000
   0.8660317547  -0.0000000000  -0.0000000000  -0.0000000000
   0.8804656173   0.0000000000  -0.0000000000  -0.0000000000
   0.8948994799   0.0000000000   0.0000000000   0.0000000000
   0.9093333424   0.0000000000   0.0000000000   0.0000000000
   0.9237672050   0.0000000000   0.0000000000   0.0000000000
   0.9382010676   0.0000000000   0.0000000000   0.0000000000
   0.9526349302   0.0000000000   0.0000000000   0.0000000000
   0.9670687928   0.0000000000   0.0000000000   0.0000000000
   0.9815026553   0.0000000000   0.0000000000   0.0000000000
   0.9959365179  -0.0000000000  -0.0000000000  -0.0000000000
   1.0103703805  -0.0000000000  -0.0000000000  -0.0000000000
   1.0248042431  -0.0000000000  -0.0000000000  -0.0000000000
   1.0392381056  -0.0000000000  -0.0000000000  -0.0000000000
   1.0536719682  -0.0000000000  -0.0000000000  -0.0000000000
   1.0681058308  -0.0000000000  -0.0000000000  -0.0000000000
   1.0825396934   0.0000000000  -0.0000000000   0.0000000000
   1.0969735560   0.0000000000   0.0000000000   0.0000000000
   1.1114074185   0.0000000000   0.0000000000   0.0000000000
   1.1258412811   0.0000000000   0.0000000000   0.0000000000
   1.1402751437   0.0000000000   0.0000000000   0.0000000000
   1.1547090063   0.0000000000   0.0000000000   0.0000000000
   1.1691428689  -0.0000000000  -0.0000000000  -0.0000000000
   1.1835767314  -0.0000000000  -0.0000000000  -0.0000000000
   1.1980105940  -0.0000000000  -0.0000000000  -0.0000000000
   1.2124444566  -0.0000000000  -0.0000000000  -0.0000000000
   1.2268783192  -0.0000000000  -0.0000000000  -0.0000000000
   1.2413121817   0.0000000000  -0.0000000000  -0.0000000000
   1.2557460443   0.0000000000   0.0000000000   0.0000000000
   1.2701799069   0.0000000000   0.0000000000   0.0000000000
   1.2846137695   0.0000000000   0.0000000000   0.0000000000
   1.2990476321   0.0000000000   0.0000000000   0.0000000000
   1.3134814946  -0.0000000000   0.0000000000   0.0000000000
   1.3279153572  -0.0000000000  -0.0000000000  -0.0000000000
   1.3423492198  -0.0000000001  -0.0000000000  -0.0000000001
   1.3567830824  -0.0000000001  -0.0000000001  -0.0000000001
   1.3712169450  -0.0000000001  -0.0000000001  -0.0000000001
   1.3856508075   0.0000000000  -0.0000000000  -0.0000000000
   1.4000846701   0.0000000001   0.0000000000   0.0000000001
   1.4145185327   0.0000000002   0.0000000001   0.0000000002
   1.4289523953   0.0000000002   0.0000000001   0.0000000003
   1.4433862578   0.0000000001   0.0000000001   0.0000000002
   1.4578201204  -0.0000000001   0.0000000001   0.0000000001
   1.4722539830  -0.0000000002  -0.0000000001  -0.0000000002
   1.4866878456  -0.0000000003  -0.0000000002  -0.0000000005
   1.5011217082  -0.0000000002  -0.0000000003  -0.0000000006
   1.5155555707   0.0000000001  -0.0000000003  -0.0000000005
   1.5299894333   0.0000000004  -0.0000000002  -0.0000000001
   1.5444232959   0.0000000006   0.0000000001   0.0000000006
   1.5588571585   0.0000000002   0.0000000005   0.0000000012
   1.5732910211  -0.0000000008   0.0000000008   0.0000000016
   1.5877248836  -0.0000000021   0.0000000010   0.0000000016
   1.6021587462  -0.0000000029   0.0000000008   0.0000000008
   1.6165926088  -0.0000000024   0.0000000003  -0.0000000007
   1.6310264714   0.0000000004  -0.0000000008  -0.0000000029
   1.6454603339   0.0000000053  -0.0000000023  -0.0000000053
   1.6598941965   0.0000000111  -0.0000000039  -0.0000000072
   1.6743280591   0.0000000152  -0.0000000050  -0.0000000073
   1.6887619217   0.0000000141  -0.0000000047  -0.0000000044
   1.7031957843   0.0000000052  -0.0000000022   0.0000000026
   1.7176296468  -0.0000000117   0.0000000030   0.0000000131
   1.7320635094  -0.0000000330   0.0000000104   0.0000000248
   1.7464973720  -0.0000000508   0.0000000178   0.0000000329
   1.7609312346  -0.0000000554   0.0000000219   0.0000000312
   1.7753650971  -0.0000000384   0.0000000188   0.0000000148
   1.7897989597   0.0000000024   0.0000000061  -0.0000000169
   1.8042328223   0.0000000588  -0.0000000154  -0.0000000568
   1.8186666849   0.0000001125  -0.0000000401  -0.0000000903
   1.8331005475   0.0000001393  -0.0000000583  -0.0000000991
   1.8475344100   0.0000001183  -0.0000000594  -0.0000000686
   1.8619682726   0.0000000428  -0.0000000362   0.0000000023
   1.8764021352  -0.0000000714   0.0000000095   0.0000000959
   1.8908359978  -0.0000001863   0.0000000649   0.0000001769
   1.9052698604  -0.0000002525   0.0000001087   0.0000002045
   1.9197037229  -0.0000002292   0.0000001183   0.0000001505
   1.9341375855  -0.0000001057   0.0000000808   0.0000000179
   1.9485714481   0.0000000850   0.0000000019  -0.0000001514
   1.9630053107   0.0000002719  -0.0000000921  -0.0000002872
   1.9774391732   0.0000003702  -0.0000001621  -0.0000003188
   1.9918730358   0.0000003203  -0.0000001724  -0.0000002104
   2.0063068984   0.0000001221  -0.0000001088   0.0000000126
   2.0207407610  -0.0000001532   0.0000000097   0.0000002636
   2.0351746236  -0.0000003853   0.0000001347   0.0000004260
   2.0496084861  -0.0000004573   0.0000002075   0.0000004068
   2.0640423487  -0.0000003176   0.0000001882   0.0000001871
   2.0784762113  -0.0000000184   0.0000000795  -0.0000001571
   2.0929100739   0.0000002957  -0.0000000678  -0.0000004801
   2.1073439365   0.0000004529  -0.0000001757  -0.0000006282
   2.1217777990   0.0000003516  -0.0000001804  -0.0000005091
   2.1362116616   0.0000000409  -0.0000000754  -0.0000001309
   2.1506455242  -0.0000002690   0.0000000681   0.0000004110
   2.1650793868  -0.0000002931   0.0000001236   0.0000009828
   2.1795132493   0.0000001572  -0.0000000232   0.0000014524
   2.1939471119   0.0000009848  -0.0000003819   0.0000016677
   2.2083809745   0.0000016944  -0.0000007808   0.0000013681
   2.2228148371   0.0000014598  -0.0000008566   0.0000000959
   2.2372486997  -0.0000005697  -0.0000001550  -0.0000027434
   2.2516825622  -0.0000047342   0.0000016416  -0.0000075205
   2.2661164248  -0.0000102152   0.0000043869  -0.0000136749
   2.2805502874  -0.0000145021   0.0000071327  -0.0000188473
   2.2949841500  -0.0000133096   0.0000079372  -0.0000183314
   2.3094180126  -0.0000013234   0.0000040302  -0.0000055361
   2.3238518751   0.0000259125  -0.0000074497   0.0000258854
   2.3382857377   0.0000689223  -0.0000280175   0.0000779910
   2.3527196003   0.0001204661  -0.0000557913   0.0001431343
   2.3671534629   0.0001620130  -0.0000832488   0.0001987148
   2.3815873254   0.0001621588  -0.0000955923   0.0002044701
   2.3960211880   0.0000788384  -0.0000707834   0.0001049181
   2.4104550506  -0.0001333048   0.0000177312  -0.0001612070
   2.4248889132  -0.0005103896   0.0001951011  -0.0006445546
   2.4393227758  -0.0010636495   0.0004764617  -0.0013645004
   2.4537566383  -0.0017648668   0.0008574262  -0.0022896549
   2.4681905009  -0.0025384362   0.0013066187  -0.0033266247
   2.4826243635  -0.0032652573   0.0017636392  -0.0043236930
   2.4970582261  -0.0038011215   0.0021451516  -0.0050930362
   2.5114920887  -0.0040078702   0.0023598024  -0.0054497447
   2.5259259512  -0.0037905865   0.0023298067  -0.0052596737
   2.5403598138  -0.0031302886   0.0020141250  -0.0044831390
   2.5547936764  -0.0021008277   0.0014263500  -0.0031999445
   2.5692275390  -0.0008619154   0.0006406625  -0.0016045875
   2.5836614015   0.0003730352  -0.0002181187   0.0000314920
   2.5980952641   0.0013872859  -0.0009998208   0.0014231820
   2.6125291267   0.0020154878  -0.0015638855   0.0023435076
   2.6269629893   0.0021861230  -0.0018145587   0.0026822368
   2.6413968519   0.0019379634  -0.0017258372   0.0024720443
   2.6558307144   0.0014047847  -0.0013481922   0.0018726701
   2.6702645770   0.0007729365  -0.0007944598   0.0011173978
   2.6846984396   0.0002254396  -0.0002088240   0.0004393282
   2.6991323022  -0.0001093514   0.0002717719   0.0000022323
   2.7135661647  -0.0001884644   0.0005521270  -0.0001408879
   2.7280000273  -0.0000559368   0.0005991644  -0.0000486913
   2.7424338899   0.0001828492   0.0004431335   0.0001458866
   2.7568677525   0.0004032449   0.0001610283   0.0002950239
   2.7713016151   0.0005043308  -0.0001508186   0.0002937750
   2.7857354776   0.0004385593  -0.0004052901   0.0001146967
   2.8001693402   0.0002199021  -0.0005454047  -0.0001916804
   2.8146032028  -0.0000893231  -0.0005526606  -0.0005272626
   2.8290370654  -0.0004055448  -0.0004428945  -0.0007923580
   2.8434709280  -0.0006538660  -0.0002539261  -0.0009268953
   2.8579047905  -0.0007904363  -0.0000310994  -0.0009303568
   2.8723386531  -0.0008110131   0.0001840323  -0.0008542220
   2.8867725157  -0.0007450412   0.0003593875  -0.0007728134
   2.9012063783  -0.0006394609   0.0004730704  -0.0007470492
   2.9156402408  -0.0005391645   0.0005118542  -0.0007973594
   2.9300741034  -0.0004711100   0.0004703597  -0.0008967302
   2.9445079660  -0.0004370223   0.0003523406  -0.0009853249
   2.9589418286  -0.0004163195   0.0001732451  -0.0009987958
   2.9733756912  -0.0003774626  -0.0000384585  -0.0008971698
   2.9878095537  -0.0002932411  -0.0002438856  -0.0006819454
   3.0022434163  -0.0001542643  -0.0004014333  -0.0003949635
   3.0166772789   0.0000244971  -0.0004781796  -0.0001008120
   3.0311111415   0.0002069316  -0.0004611987   0.0001386323
   3.0455450041   0.0003480541  -0.0003640307   0.0002862156
   3.0599788666   0.0004110181  -0.0002246575   0.0003390873
   3.0744127292   0.0003823304  -0.0000943326   0.0003229387
   3.0888465918   0.0002789023  -0.0000203845   0.0002750107
   3.1032804544   0.0001434241  -0.0000290723   0.0002248192
   3.1177143169   0.0000291447  -0.0001153016   0.0001820768
   3.1321481795  -0.0000203432  -0.0002438888   0.0001373080
   3.1465820421   0.0000117342  -0.0003627092   0.0000740333
   3.1610159047   0.0001084165  -0.0004231206  -0.0000146975
   3.1754497673   0.0002255611  -0.0003996600  -0.0001151583
   3.1898836298   0.0003095730  -0.0003008007  -0.0001943957
   3.2043174924   0.0003193173  -0.0001659152  -0.0002149146
   3.2187513550   0.0002433377  -0.0000492769  -0.0001557894
   3.2331852176   0.0001052915   0.0000024232  -0.0000289505
   3.2476190802  -0.0000447816  -0.0000304514   0.0001193508
   3.2620529427  -0.0001500395  -0.0001324364   0.0002250727
   3.2764868053  -0.0001695684  -0.0002598764   0.0002347743
   3.2909206679  -0.0000952296  -0.0003597626   0.0001326892
   3.3053545305   0.0000442091  -0.0003921979  -0.0000475082
   3.3197883930   0.0001935880  -0.0003466569  -0.0002337950
   3.3342222556   0.0002927101  -0.0002451296  -0.0003463688
   3.3486561182   0.0003003216  -0.0001312383  -0.0003342342
   3.3630899808   0.0002111572  -0.0000506848  -0.0002003998
   3.3775238434   0.0000588765  -0.0000319966  -0.0000028766
   3.3919577059  -0.0000968715  -0.0000759384   0.0001700915
   3.4063915685  -0.0001945444  -0.0001575922   0.0002396487
   3.4208254311  -0.0001963073  -0.0002392096   0.0001723970
   3.4352592937  -0.0001043108  -0.0002873219  -0.0000041288
   3.4496931563   0.0000397299  -0.0002862848  -0.0002139558
   3.4641270188   0.0001720773  -0.0002427661  -0.0003672531
   3.4785608814   0.0002344566  -0.0001802364  -0.0004007610
   3.4929947440   0.0001995200  -0.0001270134  -0.0003053590
   3.5074286066   0.0000828014  -0.0001037850  -0.0001285041
   3.5218624691  -0.0000644704  -0.0001160088   0.0000487437
   3.5362963317  -0.0001786103  -0.0001537487   0.0001487299
   3.5507301943  -0.0002121512  -0.0001979736   0.0001310153
   3.5651640569  -0.0001547123  -0.0002297468   0.0000080992
   3.5795979195  -0.0000364935  -0.0002380666  -0.0001628677
   3.5940317820   0.0000868971  -0.0002233329  -0.0003072790
   3.6084656446   0.0001607296  -0.0001956700  -0.0003661025
   3.6228995072   0.0001559332  -0.0001695206  -0.0003200753
   3.6373333698   0.0000808828  -0.0001571834  -0.0001953096
   3.6517672323  -0.0000246662  -0.0001639910  -0.0000492664
   3.6662010949  -0.0001096822  -0.0001868306   0.0000555409
   3.6806349575  -0.0001357996  -0.0002162368   0.0000781612
   3.6950688201  -0.0000937784  -0.0002409006   0.0000149731
   3.7095026827  -0.0000055097  -0.0002526010  -0.0001012342
   3.7239365452   0.0000881296  -0.0002495137  -0.0002174006
   3.7383704078   0.0001467893  -0.0002365724  -0.0002839059
   3.7528042704   0.0001480849  -0.0002228088  -0.0002755223
   3.7672381330   0.0000954933  -0.0002169019  -0.0002009525
   3.7816719956   0.0000143483  -0.0002229990  -0.0000974319
   3.7961058581  -0.0000609311  -0.0002387995  -0.0000132733
   3.8105397207  -0.0001019232  -0.0002568767   0.0000137363
   3.8249735833  -0.0000970781  -0.0002686481  -0.0000274160
   3.8394074459  -0.0000545270  -0.0002690332  -0.0001170672
   3.8538413084   0.0000032663  -0.0002593822  -0.0002147740
   3.8682751710   0.0000499449  -0.0002470385  -0.0002782741
   3.8827090336   0.0000662253  -0.0002416088  -0.0002827369
   3.8971428962   0.0000471736  -0.0002497865  -0.0002314881
   3.9115767588   0.0000033004  -0.0002714707  -0.0001534360
   3.9260106213  -0.0000446392  -0.0002993684  -0.0000887025
   3.9404444839  -0.0000749669  -0.0003224923  -0.0000694829
   3.9548783465  -0.0000748031  -0.0003318558  -0.0001052805
   3.9693122091  -0.0000462030  -0.0003253793  -0.0001793371
   3.9837460717  -0.0000059740  -0.0003093062  -0.0002574972
   3.9981799342   0.0000210351  -0.0002952062  -0.0003046922
   4.0126137968   0.0000124812  -0.0002940144  -0.0003007403
   4.0270476594  -0.0000417546  -0.0003102172  -0.0002479145
   4.0414815220  -0.0001352984  -0.0003393245  -0.0001672095
   4.0559153845  -0.0002487267  -0.0003700694  -0.0000860313
   4.0703492471  -0.0003592727  -0.0003902460  -0.0000241230
   4.0847831097  -0.0004520680  -0.0003930947   0.0000150914
   4.0992169723  -0.0005271577  -0.0003807892   0.0000438801
   4.1136508349  -0.0005984842  -0.0003630988   0.0000814826
   4.1280846974  -0.0006851390  -0.0003518883   0.0001425126
   4.1425185600  -0.0007993351  -0.0003543771   0.0002286808
   4.1569524226  -0.0009374674  -0.0003687721   0.0003277090
   4.1713862852  -0.0010791695  -0.0003846336   0.0004192075
   4.1858201478  -0.0011951069  -0.0003878045   0.0004837726
   4.2002540103  -0.0012596098  -0.0003673087   0.0005104232
   4.2146878729  -0.0012616615  -0.0003206010   0.0004990633
   4.2291217355  -0.0012086729  -0.0002544648   0.0004577355
   4.2435555981  -0.0011213789  -0.0001811844   0.0003971451
   4.2579894606  -0.0010229182  -0.0001121026   0.0003258540
   4.2724233232  -0.0009281112  -0.0000519842   0.0002484510
   4.2868571858  -0.0008385398   0.0000029119   0.0001668428
   4.3012910484  -0.0007456007   0.0000621747   0.0000830006
   4.3157249110  -0.0006392365   0.0001355318   0.0000010162
   4.3301587735  -0.0005170509   0.0002271489  -0.0000727812
   4.3445926361  -0.0003885638   0.0003328764  -0.0001314368
   4.3590264987  -0.0002722857   0.0004417444  -0.0001694648
   4.3734603613  -0.0001873384   0.0005407797  -0.0001841534
   4.3878942239  -0.0001442442   0.0006205732  -0.0001755991
   4.4023280864  -0.0001397572   0.0006787859  -0.0001459204
   4.4167619490  -0.0001582440   0.0007199785  -0.0000984988
   4.4311958116  -0.0001785993   0.0007521020  -0.0000377673
   4.4456296742  -0.0001829522   0.0007816372   0.0000306291
   4.4600635367  -0.0001628617   0.0008099205   0.0000999537
   4.4744973993  -0.0001203908   0.0008324227   0.0001633018
   4.4889312619  -0.0000642932   0.0008411426   0.0002152225
   4.5033651245  -0.0000039529   0.0008287098   0.0002532860
   4.5177989871   0.0000555126   0.0007920342   0.0002786787
   4.5322328496   0.0001146296   0.0007337330   0.0002953823
   4.5466667122   0.0001772047   0.0006608074   0.0003083032
   4.5611005748   0.0002459991   0.0005814485   0.0003213230
   4.5755344374   0.0003190786   0.0005016957   0.0003362423
   4.5899682999   0.0003889086   0.0004235729   0.0003529927
   4.6044021625   0.0004446812   0.0003454287   0.0003706918
   4.6188360251   0.0004766699   0.0002640425   0.0003886513
   4.6332698877   0.0004804273   0.0001772458   0.0004065926
   4.6477037503   0.0004587939   0.0000857150   0.0004239743
   4.6621376128   0.0004208144  -0.0000068275   0.0004390314
   4.6765714754   0.0003781466  -0.0000949043   0.0004483948
   4.6910053380   0.0003406791  -0.0001732814   0.0004478222
   4.7054392006   0.0003133292  -0.0002386953   0.0004338320
   4.7198730632   0.0002953084  -0.0002906140   0.0004053794
   4.7343069257   0.0002819009  -0.0003308755   0.0003645867
   4.7487407883   0.0002676277  -0.0003625355   0.0003160359
   4.7631746509   0.0002491326  -0.0003885007   0.0002649714
   4.7776085135   0.0002264441  -0.0004104864   0.0002154078
   4.7920423760   0.0002022210  -0.0004286220   0.0001691934
   4.8064762386   0.0001796602  -0.0004417500   0.0001264821
   4.8209101012   0.0001603719  -0.0004482339   0.0000871848
   4.8353439638   0.0001434275  -0.0004469362   0.0000523540
   4.8497778264   0.0001260566  -0.0004379879   0.0000244944
   4.8642116889   0.0001055370  -0.0004230380   0.0000064848
   4.8786455515   0.0000811892  -0.0004048610  -0.0000002860
   4.8930794141   0.0000553596  -0.0003864540   0.0000026035
   4.9075132767   0.0000328314  -0.0003699899   0.0000105433
   4.9219471393   0.0000189123  -0.0003560879   0.0000174662
   4.9363810018   0.0000171005  -0.0003437502   0.0000183184
   4.9508148644   0.0000274031  -0.0003310165   0.0000111195
   4.9652487270   0.0000460543  -0.0003160398  -0.0000024926
   4.9796825896   0.0000667274  -0.0002980686  -0.0000184958
   4.9941164521   0.0000826986  -0.0002778542  -0.0000327728
   5.0085503147   0.0000890550  -0.0002572843  -0.0000431798
   5.0229841773   0.0000840871  -0.0002384365  -0.0000503044
   5.0374180399   0.0000693958  -0.0002225370  -0.0000566154
   5.0518519025   0.0000488044  -0.0002093478  -0.0000646141
   5.0662857650   0.0000266458  -0.0001972825  -0.0000750985
   5.0807196276   0.0000062186  -0.0001841738  -0.0000864983
   5.0951534902  -0.0000109375  -0.0001683009  -0.0000955713
   5.1095873528  -0.0000247233  -0.0001491772  -0.0000990017
   5.1240212154  -0.0000354288  -0.0001277378  -0.0000950187
   5.1384550779  -0.0000426313  -0.0001058754  -0.0000842507
   5.1528889405  -0.0000447428  -0.0000855822  -0.0000694979
   5.1673228031  -0.0000395482  -0.0000681239  -0.0000546509
   5.1817566657  -0.0000255076  -0.0000536300  -0.0000433038
   5.1961905282  -0.0000031307  -0.0000412613  -0.0000376307
   5.2106243908   0.0000243735  -0.0000298332  -0.0000378762
   5.2250582534   0.0000516435  -0.0000185587  -0.0000425386
   5.2394921160   0.0000727751  -0.0000075300  -0.0000490970
   5.2539259786   0.0000833158   0.0000022965  -0.0000550025
   5.2683598411   0.0000817542   0.0000095996  -0.0000585864
   5.2827937037   0.0000698589   0.0000134174  -0.0000595547
   5.2972275663   0.0000517789   0.0000137320  -0.0000588566
   5.3116614289   0.0000323877   0.0000116224  -0.0000579596
   5.3260952914   0.0000156573   0.0000089119  -0.0000578574
   5.3405291540   0.0000037423   0.0000074829  -0.0000583322
   5.3549630166  -0.0000029661   0.0000085847  -0.0000579319
   5.3693968792  -0.0000050554   0.0000124477  -0.0000547796
   5.3838307418  -0.0000031370   0.0000183503  -0.0000478549
   5.3982646043   0.0000027195   0.0000250631  -0.0000380491
   5.4126984669   0.0000128868   0.0000314271  -0.0000283224
   5.4271323295   0.0000275430   0.0000367872  -0.0000227249
   5.4415661921   0.0000459191   0.0000411070  -0.0000246528
   5.4560000547   0.0000659161   0.0000447603  -0.0000351728
   5.4704339172   0.0000843710   0.0000481551  -0.0000522721
   5.4848677798   0.0000979198   0.0000514015  -0.0000714515
   5.4993016424   0.0001040950   0.0000541921  -0.0000874152
   5.5137355050   0.0001021744   0.0000559401  -0.0000960718
   5.5281693675   0.0000934073   0.0000560887  -0.0000959411
   5.5426032301   0.0000805298   0.0000544287  -0.0000883916
   5.5570370927   0.0000667920   0.0000512643  -0.0000767243
   5.5714709553   0.0000549226   0.0000473445  -0.0000646394
   5.5859048179   0.0000464436   0.0000435913  -0.0000548327
   5.6003386804   0.0000415575   0.0000407508  -0.0000482969
   5.6147725430   0.0000395537   0.0000391259  -0.0000444922
   5.6292064056   0.0000394603   0.0000385096  -0.0000421312
   5.6436402682   0.0000406022   0.0000383387  -0.0000400848
   5.6580741308   0.0000428211   0.0000379870  -0.0000379509
   5.6725079933   0.0000463057   0.0000370469  -0.0000360626
   5.6869418559   0.0000511695   0.0000354679  -0.0000350183
   5.7013757185   0.0000570175   0.0000334914  -0.0000350496
   5.7158095811   0.0000627331   0.0000314372  -0.0000356086
   5.7302434436   0.0000666114   0.0000294703  -0.0000354356
   5.7446773062   0.0000668226   0.0000274906  -0.0000331237
   5.7591111688   0.0000620452   0.0000252136  -0.0000279334
   5.7735450314   0.0000520317   0.0000224037  -0.0000204451
   5.7879788940   0.0000378681   0.0000191260  -0.0000126661
   5.8024127565   0.0000217920   0.0000158657  -0.0000074324
   5.8168466191   0.0000065980   0.0000134264  -0.0000072773
   5.8312804817  -0.0000051649   0.0000126380  -0.0000132303
   5.8457143443  -0.0000119049   0.0000140057  -0.0000241042
   5.8601482069  -0.0000133456   0.0000174706  -0.0000366570
   5.8745820694  -0.0000104291   0.0000223963  -0.0000466454
   5.8890159320  -0.0000048672   0.0000277886  -0.0000503789
   5.9034497946   0.0000014200   0.0000326460  -0.0000461396
   5.9178836572   0.0000067382   0.0000362880  -0.0000348689
   5.9323175197   0.0000098190   0.0000385322  -0.0000198342
   5.9467513823   0.0000098447   0.0000396668  -0.0000054191
   5.9611852449   0.0000064503   0.0000402581   0.0000044534
   5.9756191075  -0.0000001863   0.0000408888   0.0000076315
   5.9900529701  -0.0000091878   0.0000419341   0.0000042936
   6.0044868326  -0.0000189072   0.0000434497  -0.0000033857
   6.0189206952  -0.0000271137   0.0000451897  -0.0000122329
   6.0333545578  -0.0000314946   0.0000467246  -0.0000192713
   6.0477884204  -0.0000303541   0.0000475978  -0.0000226376
   6.0622222830  -0.0000232478   0.0000474614  -0.0000219339
   6.0766561455  -0.0000112847   0.0000461521  -0.0000180090
   6.0910900081   0.0000030569   0.0000437011  -0.0000123980
   6.1055238707   0.0000165655   0.0000402995  -0.0000067391
   6.1199577333   0.0000261849   0.0000362454  -0.0000024064
   6.1343915958   0.0000298847   0.0000318929  -0.0000004200
   6.1488254584   0.0000272560   0.0000276037  -0.0000015217
   6.1632593210   0.0000196618   0.0000236910  -0.0000062252
   6.1776931836   0.0000098915   0.0000203496  -0.0000147064
   6.1921270462   0.0000013912   0.0000175864  -0.0000265443
   6.2065609087  -0.0000027332   0.0000151866  -0.0000404765
   6.2209947713  -0.0000006555   0.0000127535  -0.0000543906
   6.2354286339   0.0000075874   0.0000098408  -0.0000657025
   6.2498624965   0.0000200802   0.0000061514  -0.0000720868
   6.2642963590   0.0000336088   0.0000017346  -0.0000723217
   6.2787302216   0.0000446488  -0.0000029110  -0.0000668920
   6.2931640842   0.0000504230  -0.0000069006  -0.0000580410
   6.3075979468   0.0000496715  -0.0000092052  -0.0000491621
   6.3220318094   0.0000429051  -0.0000090083  -0.0000436998
   6.3364656719   0.0000321138  -0.0000060490  -0.0000439569
   6.3508995345   0.0000200892  -0.0000008059  -0.0000502681
   6.3653333971   0.0000096110   0.0000055762  -0.0000608717
   6.3797672597   0.0000027350   0.0000116209  -0.0000725339
   6.3942011223   0.0000003375   0.0000160116  -0.0000816824
   6.4086349848   0.0000019827   0.0000180619  -0.0000856094
   6.4230688474   0.0000061100   0.0000179836  -0.0000833012
   6.4375027100   0.0000104906   0.0000168391  -0.0000756173
   6.4519365726   0.0000128545   0.0000161889  -0.0000648153
   6.4663704351   0.0000115392   0.0000175575  -0.0000536637
   6.4808042977   0.0000059760   0.0000219128  -0.0000445102
   6.4952381603  -0.0000031443   0.0000293422  -0.0000386388
   6.5096720229  -0.0000141007   0.0000390309  -0.0000360942
   6.5241058855  -0.0000246981   0.0000495348  -0.0000359441
   6.5385397480  -0.0000329701   0.0000592399  -0.0000367968
   6.5529736106  -0.0000377877   0.0000668432  -0.0000373334
   6.5674074732  -0.0000391767   0.0000717010  -0.0000366599
   6.5818413358  -0.0000382509   0.0000739454  -0.0000344069
   6.5962751984  -0.0000367993   0.0000743560  -0.0000306201
   6.6107090609  -0.0000366621   0.0000740490  -0.0000255650
   6.6251429235  -0.0000390886   0.0000740969  -0.0000195691
   6.6395767861  -0.0000442671   0.0000752020  -0.0000129682
   6.6540106487  -0.0000511778   0.0000775142  -0.0000061437
   6.6684445112  -0.0000578377   0.0000806334   0.0000004227
   6.6828783738  -0.0000618943   0.0000837753   0.0000061558
   6.6973122364  -0.0000614080   0.0000860375   0.0000104913
   6.7117460990  -0.0000555696   0.0000866784   0.0000130425
   6.7261799616  -0.0000450969   0.0000853358   0.0000137489
   6.7406138241  -0.0000321373   0.0000821311   0.0000129217
   6.7550476867  -0.0000196783   0.0000776436   0.0000111511
   6.7694815493  -0.0000106493   0.0000727661   0.0000091119
   6.7839154119  -0.0000070162   0.0000684808   0.0000073528
   6.7983492745  -0.0000091762   0.0000656078   0.0000061633
   6.8127831370  -0.0000158495   0.0000645897   0.0000055649
   6.8272169996  -0.0000244868   0.0000653747   0.0000054151
   6.8416508622  -0.0000320468   0.0000674396   0.0000055570
   6.8560847248  -0.0000358890   0.0000699581   0.0000059383
   6.8705185873  -0.0000345143   0.0000720699   0.0000066470
   6.8849524499  -0.0000279463   0.0000731634   0.0000078567
   6.8993863125  -0.0000176620   0.0000730717   0.0000097161
   6.9138201751  -0.0000061078   0.0000721064   0.0000122365
   6.9282540377   0.0000040459   0.0000709100   0.0000152313
   6.9426879002   0.0000106841   0.0000701844   0.0000183359
   6.9571217628   0.0000128283   0.0000703966   0.0000211101
   6.9715556254   0.0000108435   0.0000715794   0.0000231873
   6.9859894880   0.0000062244   0.0000733024   0.0000244136
   7.0004233506   0.0000010492   0.0000748256   0.0000249166
   7.0148572131  -0.0000027017   0.0000753728   0.0000250626
   7.0292910757  -0.0000037302   0.0000744211   0.0000253113
   7.0437249383  -0.0000017299   0.0000718959   0.0000260270
   7.0581588009   0.0000026499   0.0000681974   0.0000273310
   7.0725926634   0.0000081307   0.0000640504   0.0000290717
   7.0870265260   0.0000132841   0.0000602317   0.0000309274
   7.1014603886   0.0000169916   0.0000572808   0.0000325930
   7.1158942512   0.0000187490   0.0000553022   0.0000339517
   7.1303281138   0.0000187400   0.0000539379   0.0000351382
   7.1447619763   0.0000176837   0.0000525192   0.0000364563
   7.1591958389   0.0000165244   0.0000503403   0.0000381872
   7.1736297015   0.0000160742   0.0000469443   0.0000403856
   7.1880635641   0.0000167246   0.0000423099   0.0000427680
   7.2024974266   0.0000183211   0.0000368661   0.0000447575
   7.2169312892   0.0000202376   0.0000313328   0.0000456784
   7.2313651518   0.0000216197   0.0000264551   0.0000450269
   7.2457990144   0.0000217108   0.0000227379   0.0000427102
   7.2602328770   0.0000201431   0.0000202835   0.0000391501
   7.2746667395   0.0000170942   0.0000187880   0.0000351991
   7.2891006021   0.0000132555   0.0000176883   0.0000318816
   7.3035344647   0.0000096282   0.0000163942   0.0000300456
   7.3179683273   0.0000072150   0.0000145125   0.0000300506
   7.3324021899   0.0000067094   0.0000119820   0.0000316187
   7.3468360524   0.0000082776   0.0000090767   0.0000339173
   7.3612699150   0.0000114978   0.0000062845   0.0000358552
   7.3757037776   0.0000154736   0.0000041165   0.0000364801
   7.3901376402   0.0000190857   0.0000029174   0.0000353212
   7.4045715027   0.0000213100   0.0000027457   0.0000325399
   7.4190053653   0.0000215051   0.0000033594   0.0000288335
   7.4334392279   0.0000195870   0.0000043058   0.0000251451
   7.4478730905   0.0000160368   0.0000050760   0.0000223068
   7.4623069531   0.0000117434   0.0000052681   0.0000207617
   7.4767408156   0.0000077357   0.0000047041   0.0000204603
   7.4911746782   0.0000048920   0.0000034669   0.0000209440
   7.5056085408   0.0000037192   0.0000018540   0.0000215559
   7.5200424034   0.0000042634   0.0000002698   0.0000216866
   7.5344762660   0.0000061632  -0.0000009053   0.0000209690
   7.5489101285   0.0000088095  -0.0000014286   0.0000193713
   7.5633439911   0.0000115432  -0.0000012613   0.0000171796
   7.5777778537   0.0000138240  -0.0000005725   0.0000148856
   7.5922117163   0.0000153230   0.0000003201   0.0000130190
   7.6066455788   0.0000159318   0.0000010516   0.0000119710
   7.6210794414   0.0000157096   0.0000013270   0.0000118600
   7.6355133040   0.0000148071   0.0000010181   0.0000124814
   7.6499471666   0.0000134051   0.0000002079   0.0000133621
   7.6643810292   0.0000116882  -0.0000008336   0.0000139058
   7.6788148917   0.0000098477  -0.0000017384   0.0000135863
   7.6932487543   0.0000080960  -0.0000021667   0.0000121267
   7.7076826169   0.0000066644  -0.0000019260   0.0000096077
   7.7221164795   0.0000057701  -0.0000010405   0.0000064698
   7.7365503421   0.0000055551   0.0000002565   0.0000034036
   7.7509842046   0.0000060233   0.0000016067   0.0000011519
   7.7654180672   0.0000070065   0.0000026562   0.0000002751
   7.7798519298   0.0000081872   0.0000031818   0.0000009465
   7.7942857924   0.0000091816   0.0000031685   0.0000028518
   7.8087196549   0.0000096590   0.0000028078   0.0000052442
   7.8231535175   0.0000094545   0.0000024211   0.0000071643
   7.8375873801   0.0000086277   0.0000023380   0.0000077655
   7.8520212427   0.0000074400   0.0000027762   0.0000066341
   7.8664551053   0.0000062534   0.0000037681   0.0000039720
   7.8808889678   0.0000053881   0.0000051582   0.0000005537
   7.8953228304   0.0000049959   0.0000066681  -0.0000025470
   7.9097566930   0.0000050023   0.0000080031  -0.0000043611
   7.9241905556   0.0000051467   0.0000089578  -0.0000044004
   7.9386244181   0.0000051067   0.0000094831  -0.0000028498
   7.9530582807   0.0000046579   0.0000096938  -0.0000004927
   7.9674921433   0.0000038003   0.0000098170   0.0000016011
   7.9819260059   0.0000027911   0.0000101027   0.0000025000
