   0.0000000000   0.0000000000   0.0000000000   0.0000000000
   0.0144338626   0.0000000000   0.0000000000   0.0000000000
   0.0288677252   0.0000000000   0.0000000000   0.0000000000
   0.0433015877   0.0000000000   0.0000000000   0.0000000000
   0.0577354503   0.0000000000   0.0000000000   0.0000000000
   0.0721693129   0.0000000000   0.0000000000   0.0000000000
   0.0866031755   0.0000000000   0.0000000000   0.0000000000
   0.1010370380   0.0000000000   0.0000000000   0.0000000000
   0.1154709006   0.0000000000   0.0000000000   0.0000000000
   0.1299047632   0.0000000000   0.0000000000   0.0000000000
   0.1443386258   0.0000000000   0.0000000000   0.0000000000
   0.1587724884   0.0000000000   0.0000000000   0.0000000000
   0.1732063509   0.0000000000   0.0000000000   0.0000000000
   0.1876402135   0.0000000000   0.0000000000   0.0000000000
   0.2020740761   0.0000000000  -0.0000000000   0.0000000000
   0.2165079387  -0.0000000000   0.0000000000  -0.0000000000
   0.2309418013  -0.0000000000   0.0000000000  -0.0000000000
   0.2453756638  -0.0000000000   0.0000000000  -0.0000000000
   0.2598095264  -0.0000000000   0.0000000000  -0.0000000000
   0.2742433890  -0.0000000000   0.0000000000  -0.0000000000
   0.2886772516  -0.0000000000   0.0000000000  -0.0000000000
   0.3031111141  -0.0000000000   0.0000000000  -0.0000000000
   0.3175449767  -0.0000000000   0.0000000000  -0.0000000000
   0.3319788393  -0.0000000000   0.0000000000  -0.0000000000
   0.3464127019  -0.0000000000  -0.0000000000  -0.0000000000
   0.3608465645  -0.0000000000  -0.0000000000  -0.0000000000
   0.3752804270  -0.0000000000  -0.0000000000  -0.0000000000
   0.3897142896   0.0000000000   0.0000000000   0.0000000000
   0.4041481522   0.0000000000   0.0000000000   0.0000000000
   0.4185820148   0.0000000000   0.0000000000   0.0000000000
   0.4330158774   0.0000000000   0.0000000000   0.0000000000
   0.4474497399  -0.0000000000   0.0000000000  -0.0000000000
   0.4618836025  -0.0000000000  -0.0000000000  -0.0000000000
   0.4763174651  -0.0000000000  -0.0000000000  -0.0000000000
   0.4907513277  -0.0000000000  -0.0000000000  -0.0000000000
   0.5051851902  -0.0000000000  -0.0000000000  -0.0000000000
   0.5196190528  -0.0000000000  -0.0000000000  -0.0000000000
   0.5340529154  -0.0000000000  -0.0000000000  -0.0000000000
   0.5484867780  -0.0000000000   0.0000000000  -0.0000000000
   0.5629206406  -0.0000000000   0.0000000000  -0.0000000000
   0.5773545031  -0.0000000000   0.0000000000  -0.0000000000
   0.5917883657   0.0000000000  -0.0000000000  -0.0000000000
   0.6062222283   0.0000000000  -0.0000000000   0.0000000000
   0.6206560909   0.0000000000   0.0000000000   0.0000000000
   0.6350899535  -0.0000000000   0.0000000000  -0.0000000000
   0.6495238160  -0.0000000000   0.0000000000  -0.0000000000
   0.6639576786  -0.0000000000  -0.0000000000  -0.0000000000
   0.6783915412  -0.0000000000  -0.0000000000   0.0000000000
   0.6928254038  -0.0000000000   0.0000000000   0.0000000000
   0.7072592663   0.0000000000   0.0000000000   0.0000000000
   0.7216931289   0.0000000000  -0.0000000000  -0.0000000000
   0.7361269915   0.0000000000  -0.0000000000  -0.0000000000
   0.7505608541  -0.0000000000  -0.0000000000   0.0000000000
   0.7649947167  -0.0000000000   0.0000000000   0.0000000000
   0.7794285792   0.0000000000   0.0000000000   0.0000000000
   0.7938624418   0.0000000000  -0.0000000000  -0.0000000000
   0.8082963044   0.0000000000  -0.0000000000  -0.0000000000
   0.8227301670  -0.0000000000  -0.0000000000   0.0000000000
   0.8371640296  -0.0000000000   0.0000000000   0.0000000000
   0.8515978921  -0.0000000000   0.0000000000   0.0000000000
   0.8660317547   0.0000000000  -0.0000000000  -0.0000000000
   0.8804656173   0.0000000000  -0.0000000000  -0.0000000000
   0.8948994799   0.0000000000  -0.0000000000  -0.0000000000
   0.9093333424  -0.0000000000   0.0000000000   0.0000000000
   0.9237672050  -0.0000000000   0.0000000000   0.0000000000
   0.9382010676  -0.0000000000   0.0000000000   0.0000000000
   0.9526349302   0.0000000000  -0.0000000000  -0.0000000000
   0.9670687928   0.0000000000  -0.0000000000  -0.0000000000
   0.9815026553   0.0000000000  -0.0000000000  -0.0000000000
   0.9959365179  -0.0000000000   0.0000000000   0.0000000000
   1.0103703805  -0.0000000000   0.0000000000   0.0000000000
   1.0248042431  -0.0000000000   0.0000000000   0.0000000000
   1.0392381056   0.0000000000  -0.0000000000  -0.0000000000
   1.0536719682   0.0000000000  -0.0000000000  -0.0000000000
   1.0681058308   0.0000000000  -0.0000000000  -0.0000000000
   1.0825396934  -0.0000000000   0.0000000000   0.0000000000
   1.0969735560  -0.0000000000   0.0000000000   0.0000000000
   1.1114074185  -0.0000000000   0.0000000000   0.0000000000
   1.1258412811   0.0000000000  -0.0000000000  -0.0000000000
   1.1402751437   0.0000000000  -0.0000000000  -0.0000000000
   1.1547090063   0.0000000000  -0.0000000000  -0.0000000000
   1.1691428689  -0.0000000000   0.0000000000   0.0000000000
   1.1835767314  -0.0000000000   0.0000000000   0.0000000000
   1.1980105940  -0.0000000000   0.0000000000   0.0000000000
   1.2124444566   0.0000000000  -0.0000000000  -0.0000000000
   1.2268783192   0.0000000000  -0.0000000000  -0.0000000000
   1.2413121817   0.0000000000  -0.0000000000  -0.0000000000
   1.2557460443  -0.0000000000   0.0000000000   0.0000000000
   1.2701799069  -0.0000000000   0.0000000000   0.0000000000
   1.2846137695  -0.0000000000   0.0000000000   0.0000000000
   1.2990476321   0.0000000000  -0.0000000000  -0.0000000000
   1.3134814946   0.0000000000  -0.0000000000  -0.0000000000
   1.3279153572   0.0000000000  -0.0000000000  -0.0000000000
   1.3423492198  -0.0000000000   0.0000000000   0.0000000000
   1.3567830824  -0.0000000000   0.0000000000   0.0000000000
   1.3712169450  -0.0000000000   0.0000000000   0.0000000000
   1.3856508075   0.0000000000  -0.0000000000  -0.0000000000
   1.4000846701   0.0000000000  -0.0000000000  -0.0000000000
   1.4145185327   0.0000000000  -0.0000000000  -0.0000000000
   1.4289523953  -0.0000000000   0.0000000000   0.0000000000
   1.4433862578  -0.0000000000   0.0000000000   0.0000000000
   1.4578201204  -0.0000000000   0.0000000000   0.0000000000
   1.4722539830   0.0000000000  -0.0000000000  -0.0000000000
   1.4866878456   0.0000000000  -0.0000000000  -0.0000000000
   1.5011217082   0.0000000000  -0.0000000000  -0.0000000000
   1.5155555707  -0.0000000000   0.0000000000   0.0000000000
   1.5299894333  -0.0000000000   0.0000000000   0.0000000000
   1.5444232959  -0.0000000000   0.0000000000   0.0000000000
   1.5588571585   0.0000000000  -0.0000000000  -0.0000000000
   1.5732910211   0.0000000000  -0.0000000000  -0.0000000000
   1.5877248836   0.0000000000  -0.0000000000  -0.0000000000
   1.6021587462   0.0000000000   0.0000000000   0.0000000000
   1.6165926088  -0.0000000000   0.0000000000   0.0000000000
   1.6310264714  -0.0000000000   0.0000000000   0.0000000000
   1.6454603339  -0.0000000000   0.0000000000  -0.0000000000
   1.6598941965   0.0000000000  -0.0000000000  -0.0000000000
   1.6743280591   0.0000000000  -0.0000000000  -0.0000000000
   1.6887619217   0.0000000000  -0.0000000000  -0.0000000000
   1.7031957843  -0.0000000000   0.0000000000   0.0000000000
   1.7176296468  -0.0000000000   0.0000000000   0.0000000000
   1.7320635094  -0.0000000000   0.0000000000   0.0000000000
   1.7464973720   0.0000000000  -0.0000000000  -0.0000000000
   1.7609312346   0.0000000000  -0.0000000000  -0.0000000000
   1.7753650971   0.0000000000  -0.0000000000  -0.0000000000
   1.7897989597  -0.0000000000   0.0000000000   0.0000000000
   1.8042328223  -0.0000000000   0.0000000000   0.0000000000
   1.8186666849  -0.0000000000   0.0000000000   0.0000000000
   1.8331005475   0.0000000000  -0.0000000000  -0.0000000000
   1.8475344100   0.0000000000  -0.0000000000  -0.0000000000
   1.8619682726   0.0000000000  -0.0000000000  -0.0000000000
   1.8764021352  -0.0000000000   0.0000000000   0.0000000000
   1.8908359978  -0.0000000000   0.0000000000   0.0000000000
   1.9052698604  -0.0000000000   0.0000000000   0.0000000000
   1.9197037229  -0.0000000000   0.0000000000  -0.0000000000
   1.9341375855   0.0000000000  -0.0000000000  -0.0000000000
   1.9485714481   0.0000000000  -0.0000000000  -0.0000000000
   1.9630053107   0.0000000000  -0.0000000000   0.0000000000
   1.9774391732  -0.0000000000   0.0000000000   0.0000000000
   1.9918730358  -0.0000000000   0.0000000000   0.0000000000
   2.0063068984  -0.0000000000   0.0000000000   0.0000000000
   2.0207407610   0.0000000000  -0.0000000000  -0.0000000000
   2.0351746236   0.0000000000  -0.0000000000  -0.0000000000
   2.0496084861   0.0000000000  -0.0000000000  -0.0000000000
   2.0640423487  -0.0000000000   0.0000000000   0.0000000000
   2.0784762113  -0.0000000000   0.0000000000   0.0000000000
   2.0929100739  -0.0000000000   0.0000000000   0.0000000000
   2.1073439365  -0.0000000000   0.0000000000  -0.0000000000
   2.1217777990   0.0000000000  -0.0000000000  -0.0000000000
   2.1362116616   0.0000000000  -0.0000000000  -0.0000000000
   2.1506455242   0.0000000000  -0.0000000000   0.0000000000
   2.1650793868  -0.0000000000   0.0000000000   0.0000000000
   2.1795132493  -0.0000000000   0.0000000000   0.0000000000
   2.1939471119  -0.0000000000   0.0000000000  -0.0000000000
   2.2083809745  -0.0000000000   0.0000000000  -0.0000000000
   2.2228148371   0.0000000000  -0.0000000000   0.0000000000
   2.2372486997   0.0000000000  -0.0000000000   0.0000000000
   2.2516825622   0.0000000000  -0.0000000000   0.0000000000
   2.2661164248  -0.0000000000   0.0000000000  -0.0000000000
   2.2805502874  -0.0000000000   0.0000000000  -0.0000000000
   2.2949841500  -0.0000000000   0.0000000000  -0.0000000000
   2.3094180126   0.0000000000  -0.0000000000   0.0000000000
   2.3238518751   0.0000000000  -0.0000000000   0.0000000000
   2.3382857377   0.0000000000  -0.0000000000   0.0000000000
   2.3527196003  -0.0000000000   0.0000000000  -0.0000000000
   2.3671534629  -0.0000000000   0.0000000000  -0.0000000000
   2.3815873254  -0.0000000000   0.0000000000   0.0000000000
   2.3960211880   0.0000000000  -0.0000000000   0.0000000000
   2.4104550506   0.0000000000  -0.0000000000   0.0000000000
   2.4248889132  -0.0000000000  -0.0000000000  -0.0000000000
   2.4393227758  -0.0000000000   0.0000000000  -0.0000000000
   2.4537566383  -0.0000000000   0.0000000000  -0.0000000000
   2.4681905009   0.0000000000   0.0000000000   0.0000000000
   2.4826243635   0.0000000000  -0.0000000000   0.0000000000
   2.4970582261   0.0000000000  -0.0000000000   0.0000000000
   2.5114920887  -0.0000000000   0.0000000000  -0.0000000000
   2.5259259512  -0.0000000000   0.0000000000  -0.0000000000
   2.5403598138  -0.0000000000   0.0000000000  -0.0000000000
   2.5547936764   0.0000000000  -0.0000000000   0.0000000000
   2.5692275390   0.0000000000  -0.0000000000   0.0000000000
   2.5836614015   0.0000000000  -0.0000000000   0.0000000000
   2.5980952641  -0.0000000000   0.0000000000  -0.0000000000
   2.6125291267  -0.0000000000   0.0000000000  -0.0000000000
   2.6269629893  -0.0000000000   0.0000000000  -0.0000000000
   2.6413968519   0.0000000000  -0.0000000000   0.0000000000
   2.6558307144   0.0000000000  -0.0000000000   0.0000000000
   2.6702645770   0.0000000000  -0.0000000000   0.0000000000
   2.6846984396  -0.0000000000   0.0000000000  -0.0000000000
   2.6991323022  -0.0000000000   0.0000000000  -0.0000000000
   2.7135661647  -0.0000000000   0.0000000000  -0.0000000000
   2.7280000273   0.0000000000  -0.0000000000   0.0000000000
   2.7424338899   0.0000000000  -0.0000000000   0.0000000000
   2.7568677525   0.0000000000  -0.0000000000   0.0000000000
   2.7713016151  -0.0000000000   0.0000000000  -0.0000000000
   2.7857354776  -0.0000000000   0.0000000000  -0.0000000000
   2.8001693402  -0.0000000000   0.0000000000  -0.0000000000
   2.8146032028   0.0000000000  -0.0000000000   0.0000000000
   2.8290370654   0.0000000000  -0.0000000000   0.0000000000
   2.8434709280   0.0000000000  -0.0000000000   0.0000000000
   2.8579047905  -0.0000000000   0.0000000000  -0.0000000000
   2.8723386531  -0.0000000000   0.0000000000  -0.0000000000
   2.8867725157  -0.0000000000   0.0000000000  -0.0000000000
   2.9012063783   0.0000000000  -0.0000000000   0.0000000000
   2.9156402408   0.0000000000  -0.0000000000   0.0000000000
   2.9300741034   0.0000000000  -0.0000000000   0.0000000000
   2.9445079660  -0.0000000000   0.0000000000  -0.0000000000
   2.9589418286  -0.0000000000   0.0000000000  -0.0000000000
   2.9733756912  -0.0000000000   0.0000000000  -0.0000000000
   2.9878095537   0.0000000000  -0.0000000000   0.0000000000
   3.0022434163   0.0000000000  -0.0000000000   0.0000000000
   3.0166772789   0.0000000000  -0.0000000000   0.0000000000
   3.0311111415  -0.0000000000  -0.0000000000  -0.0000000000
   3.0455450041  -0.0000000000   0.0000000000  -0.0000000000
   3.0599788666  -0.0000000000   0.0000000000  -0.0000000000
   3.0744127292   0.0000000000   0.0000000000   0.0000000000
   3.0888465918   0.0000000000  -0.0000000000   0.0000000000
   3.1032804544   0.0000000000  -0.0000000000   0.0000000000
   3.1177143169  -0.0000000000  -0.0000000000   0.0000000000
   3.1321481795  -0.0000000000   0.0000000000  -0.0000000000
   3.1465820421  -0.0000000000   0.0000000000  -0.0000000000
   3.1610159047  -0.0000000000   0.0000000000  -0.0000000000
   3.1754497673   0.0000000000  -0.0000000000   0.0000000000
   3.1898836298   0.0000000000  -0.0000000000   0.0000000000
   3.2043174924   0.0000000000  -0.0000000000   0.0000000000
   3.2187513550  -0.0000000000   0.0000000000  -0.0000000000
   3.2331852176  -0.0000000000   0.0000000000  -0.0000000000
   3.2476190802  -0.0000000000   0.0000000000  -0.0000000000
   3.2620529427   0.0000000000  -0.0000000000   0.0000000000
   3.2764868053   0.0000000000  -0.0000000000   0.0000000000
   3.2909206679   0.0000000000  -0.0000000000   0.0000000000
   3.3053545305  -0.0000000000   0.0000000000  -0.0000000000
   3.3197883930  -0.0000000000   0.0000000000  -0.0000000000
   3.3342222556  -0.0000000000   0.0000000000  -0.0000000000
   3.3486561182   0.0000000000   0.0000000000   0.0000000000
   3.3630899808   0.0000000000  -0.0000000000   0.0000000000
   3.3775238434   0.0000000000  -0.0000000000   0.0000000000
   3.3919577059   0.0000000000  -0.0000000000   0.0000000000
   3.4063915685  -0.0000000000   0.0000000000  -0.0000000000
   3.4208254311  -0.0000000000   0.0000000000  -0.0000000000
   3.4352592937  -0.0000000000   0.0000000000  -0.0000000000
   3.4496931563   0.0000000000  -0.0000000000   0.0000000000
   3.4641270188   0.0000000000  -0.0000000000   0.0000000000
   3.4785608814   0.0000000000  -0.0000000000   0.0000000000
   3.4929947440  -0.0000000000   0.0000000000  -0.0000000000
   3.5074286066  -0.0000000000   0.0000000000  -0.0000000000
   3.5218624691  -0.0000000000   0.0000000000  -0.0000000000
   3.5362963317   0.0000000000   0.0000000000   0.0000000000
   3.5507301943   0.0000000000  -0.0000000000   0.0000000000
   3.5651640569   0.0000000000  -0.0000000000   0.0000000000
   3.5795979195   0.0000000000  -0.0000000000   0.0000000000
   3.5940317820  -0.0000000000   0.0000000000  -0.0000000000
   3.6084656446  -0.0000000000   0.0000000000  -0.0000000000
   3.6228995072  -0.0000000000   0.0000000000  -0.0000000000
   3.6373333698   0.0000000000  -0.0000000000   0.0000000000
   3.6517672323   0.0000000000  -0.0000000000   0.0000000000
   3.6662010949   0.0000000000  -0.0000000000   0.0000000000
   3.6806349575  -0.0000000000  -0.0000000000  -0.0000000000
   3.6950688201  -0.0000000000   0.0000000000  -0.0000000001
   3.7095026827  -0.0000000001   0.0000000000  -0.0000000001
   3.7239365452  -0.0000000000   0.0000000000  -0.0000000000
   3.7383704078   0.0000000001  -0.0000000000   0.0000000001
   3.7528042704   0.0000000002  -0.0000000001   0.0000000002
   3.7672381330   0.0000000002  -0.0000000001   0.0000000002
   3.7816719956  -0.0000000001  -0.0000000000  -0.0000000001
   3.7961058581  -0.0000000005   0.0000000001  -0.0000000005
   3.8105397207  -0.0000000007   0.0000000003  -0.0000000007
   3.8249735833  -0.0000000002   0.0000000002  -0.0000000003
   3.8394074459   0.0000000009  -0.0000000001   0.0000000009
   3.8538413084   0.0000000019  -0.0000000007   0.0000000021
   3.8682751710   0.0000000016  -0.0000000008   0.0000000017
   3.8827090336  -0.0000000007  -0.0000000002  -0.0000000008
   3.8971428962  -0.0000000041   0.0000000011  -0.0000000044
   3.9115767588  -0.0000000057   0.0000000023  -0.0000000060
   3.9260106213  -0.0000000022   0.0000000019  -0.0000000023
   3.9404444839   0.0000000063  -0.0000000009   0.0000000068
   3.9548783465   0.0000000144  -0.0000000049   0.0000000154
   3.9693122091   0.0000000134  -0.0000000067   0.0000000143
   3.9837460717  -0.0000000023  -0.0000000029  -0.0000000026
   3.9981799342  -0.0000000268   0.0000000067  -0.0000000289
   4.0126137968  -0.0000000414   0.0000000163  -0.0000000445
   4.0270476594  -0.0000000247   0.0000000163  -0.0000000262
   4.0414815220   0.0000000278   0.0000000002   0.0000000305
   4.0559153845   0.0000000885  -0.0000000272   0.0000000957
   4.0703492471   0.0000001041  -0.0000000468   0.0000001118
   4.0847831097   0.0000000308  -0.0000000345   0.0000000318
   4.0992169723  -0.0000001183   0.0000000182  -0.0000001295
   4.1136508349  -0.0000002519   0.0000000880  -0.0000002728
   4.1280846974  -0.0000002384   0.0000001211  -0.0000002556
   4.1425185600  -0.0000000024   0.0000000654   0.0000000025
   4.1569524226   0.0000003770  -0.0000000828   0.0000004134
   4.1713862852   0.0000006507  -0.0000002475   0.0000007054
   4.1858201478   0.0000005235  -0.0000002956   0.0000005593
   4.2002540103  -0.0000001185  -0.0000001199  -0.0000001442
   4.2146878729  -0.0000010201   0.0000002569  -0.0000011217
   4.2291217355  -0.0000015818   0.0000006340  -0.0000017174
   4.2435555981  -0.0000011743   0.0000007060  -0.0000012509
   4.2579894606   0.0000003759   0.0000002544   0.0000004539
   4.2724233232   0.0000024398  -0.0000006380   0.0000026950
   4.2868571858   0.0000036993  -0.0000015093   0.0000040266
   4.3012910484   0.0000028254  -0.0000016917   0.0000030109
   4.3157249110  -0.0000005535  -0.0000007120  -0.0000007242
   4.3301587735  -0.0000051811   0.0000012795  -0.0000057646
   4.3445926361  -0.0000083803   0.0000033474  -0.0000091624
   4.3590264987  -0.0000073115   0.0000040876  -0.0000078366
   4.3734603613  -0.0000008025   0.0000023846  -0.0000005807
   4.3878942239   0.0000092543  -0.0000017380   0.0000104352
   4.4023280864   0.0000179670  -0.0000066877   0.0000197877
   4.4167619490   0.0000193892  -0.0000097067   0.0000209860
   4.4311958116   0.0000097441  -0.0000081304   0.0000100247
   4.4456296742  -0.0000095833  -0.0000010226  -0.0000113731
   4.4600635367  -0.0000310523   0.0000096453  -0.0000347546
   4.4744973993  -0.0000430792   0.0000190684  -0.0000473580
   4.4889312619  -0.0000349889   0.0000212687  -0.0000376068
   4.5033651245  -0.0000030377   0.0000119344  -0.0000016998
   4.5177989871   0.0000451386  -0.0000086517   0.0000516110
   4.5322328496   0.0000900620  -0.0000339588   0.0001006572
   4.5466667122   0.0001049511  -0.0000518800   0.0001159584
   4.5611005748   0.0000642530  -0.0000479355   0.0000696272
   4.5755344374  -0.0000466659  -0.0000101671  -0.0000540544
   4.5899682999  -0.0002243030   0.0000659373  -0.0002508504
   4.6044021625  -0.0004452626   0.0001743636  -0.0004947939
   4.6188360251  -0.0006710406   0.0002986818  -0.0007435418
   4.6332698877  -0.0008580101   0.0004155926  -0.0009493449
   4.6477037503  -0.0009693188   0.0005009130  -0.0010720227
   4.6621376128  -0.0009847305   0.0005361055  -0.0010896262
   4.6765714754  -0.0009052859   0.0005132597  -0.0010034192
   4.6910053380  -0.0007516215   0.0004370065  -0.0008359636
   4.7054392006  -0.0005570156   0.0003229189  -0.0006235132
   4.7198730632  -0.0003578511   0.0001931094  -0.0004056584
   4.7343069257  -0.0001846501   0.0000705320  -0.0002156339
   4.7487407883  -0.0000561562  -0.0000262920  -0.0000739398
   4.7631746509   0.0000224358  -0.0000867698   0.0000135676
   4.7776085135   0.0000574514  -0.0001093115   0.0000535101
   4.7920423760   0.0000622783  -0.0001001115   0.0000602157
   4.8064762386   0.0000522178  -0.0000703464   0.0000501908
   4.8209101012   0.0000401685  -0.0000327677   0.0000374605
   4.8353439638   0.0000340780   0.0000013754   0.0000307806
   4.8497778264   0.0000363944   0.0000244246   0.0000329921
   4.8642116889   0.0000451461   0.0000331327   0.0000421374
   4.8786455515   0.0000559125   0.0000283164   0.0000535580
   4.8930794141   0.0000638796   0.0000137032   0.0000621006
   4.9075132767   0.0000653676  -0.0000055529   0.0000637641
   4.9219471393   0.0000585586  -0.0000242640   0.0000564970
   4.9363810018   0.0000434906  -0.0000382364   0.0000402187
   4.9508148644   0.0000215888  -0.0000448351   0.0000163600
   4.9652487270  -0.0000049579  -0.0000431228  -0.0000127610
   4.9796825896  -0.0000337528  -0.0000336790  -0.0000445165
   4.9941164521  -0.0000625822  -0.0000182216  -0.0000764130
   5.0085503147  -0.0000896266   0.0000008601  -0.0001063789
   5.0229841773  -0.0001135211   0.0000209696  -0.0001328886
   5.0374180399  -0.0001333087   0.0000396946  -0.0001549256
   5.0518519025  -0.0001483409   0.0000550830  -0.0001718278
   5.0662857650  -0.0001581912   0.0000657970  -0.0001831161
   5.0807196276  -0.0001626248   0.0000711625  -0.0001884160
   5.0951534902  -0.0001616270   0.0000711407  -0.0001875280
   5.1095873528  -0.0001554483   0.0000662417  -0.0001805962
   5.1240212154  -0.0001446154   0.0000573916  -0.0001682512
   5.1384550779  -0.0001298913   0.0000457663  -0.0001516078
   5.1528889405  -0.0001122163   0.0000326213  -0.0001320856
   5.1673228031  -0.0000926679   0.0000191527  -0.0001111259
   5.1817566657  -0.0000724479   0.0000064109  -0.0000899403
   5.1961905282  -0.0000528420  -0.0000047431  -0.0000694060
   5.2106243908  -0.0000350899  -0.0000136758  -0.0000501402
   5.2250582534  -0.0000201569  -0.0000200414  -0.0000326907
   5.2394921160  -0.0000084937  -0.0000238563  -0.0000177088
   5.2539259786   0.0000000693  -0.0000255323  -0.0000059684
   5.2683598411   0.0000061861  -0.0000258021   0.0000018420
   5.2827937037   0.0000106401  -0.0000255159   0.0000054981
   5.2972275663   0.0000139383  -0.0000253659   0.0000055985
   5.3116614289   0.0000160850  -0.0000256605   0.0000036457
   5.3260952914   0.0000166904  -0.0000262735   0.0000016697
   5.3405291540   0.0000153894  -0.0000268149   0.0000014498
   5.3549630166   0.0000123503  -0.0000269534   0.0000036675
   5.3693968792   0.0000085680  -0.0000267227   0.0000074740
   5.3838307418   0.0000057032  -0.0000266277   0.0000108302
   5.3982646043   0.0000054535  -0.0000274547   0.0000115808
   5.4126984669   0.0000087047  -0.0000298412   0.0000087695
   5.4271323295   0.0000148860  -0.0000338104   0.0000034594
   5.4415661921   0.0000219332  -0.0000385340  -0.0000015022
   5.4560000547   0.0000270110  -0.0000425106  -0.0000027911
   5.4704339172   0.0000277672  -0.0000441533   0.0000016144
   5.4848677798   0.0000235604  -0.0000425568   0.0000111221
   5.4993016424   0.0000160207  -0.0000380705   0.0000224491
   5.5137355050   0.0000085492  -0.0000323483   0.0000309305
   5.5281693675   0.0000048643  -0.0000277635   0.0000326377
   5.5426032301   0.0000072163  -0.0000263943   0.0000262805
   5.5570370927   0.0000151304  -0.0000290296   0.0000139508
   5.5714709553   0.0000253604  -0.0000346829   0.0000003310
   5.5859048179   0.0000331740  -0.0000408977  -0.0000092593
   5.6003386804   0.0000344388  -0.0000447534  -0.0000110588
   5.6147725430   0.0000275483  -0.0000441430  -0.0000043070
   5.6292064056   0.0000142657  -0.0000387386   0.0000086486
   5.6436402682  -0.0000009436  -0.0000301943   0.0000235080
   5.6580741308  -0.0000128076  -0.0000214814   0.0000357999
   5.6725079933  -0.0000175024  -0.0000156501   0.0000424544
   5.6869418559  -0.0000142310  -0.0000145692   0.0000425620
   5.7013757185  -0.0000054115  -0.0000181984   0.0000371901
   5.7158095811   0.0000045746  -0.0000246947   0.0000285803
   5.7302434436   0.0000114500  -0.0000312759   0.0000192370
   5.7446773062   0.0000129308  -0.0000354291   0.0000112960
   5.7591111688   0.0000095606  -0.0000359225   0.0000062608
   5.7735450314   0.0000041504  -0.0000331924   0.0000049501
   5.7879788940   0.0000001728  -0.0000289851   0.0000074528
   5.8024127565  -0.0000000364  -0.0000254732   0.0000130356
   5.8168466191   0.0000036377  -0.0000242835   0.0000201383
   5.8312804817   0.0000092300  -0.0000258770   0.0000266525
   5.8457143443   0.0000139212  -0.0000295100   0.0000305404
   5.8601482069   0.0000156560  -0.0000337194   0.0000306050
   5.8745820694   0.0000142856  -0.0000370393   0.0000270450
   5.8890159320   0.0000116449  -0.0000385954   0.0000214661
   5.9034497946   0.0000105505  -0.0000383384   0.0000162683
   5.9178836572   0.0000132562  -0.0000368854   0.0000136567
   5.9323175197   0.0000201629  -0.0000351277   0.0000147309
   5.9467513823   0.0000294269  -0.0000338289   0.0000190775
   5.9611852449   0.0000376513  -0.0000333885   0.0000250351
   5.9756191075   0.0000413310  -0.0000338188   0.0000304731
   5.9900529701   0.0000383872  -0.0000348688   0.0000336866
   6.0044868326   0.0000291226  -0.0000361830   0.0000339959
   6.0189206952   0.0000162107  -0.0000374051   0.0000318216
   6.0333545578   0.0000037591  -0.0000382064   0.0000282855
   6.0477884204  -0.0000041466  -0.0000382721   0.0000246076
   6.0622222830  -0.0000048359  -0.0000373046   0.0000216211
   6.0766561455   0.0000021201  -0.0000350782   0.0000196049
   6.0910900081   0.0000148969  -0.0000315401   0.0000184263
   6.1055238707   0.0000301408  -0.0000269109   0.0000178152
   6.1199577333   0.0000441003  -0.0000217198   0.0000175584
   6.1343915958   0.0000537379  -0.0000167336   0.0000175059
   6.1488254584   0.0000574758  -0.0000127787   0.0000174442
   6.1632593210   0.0000554116  -0.0000105126   0.0000169956
   6.1776931836   0.0000490443  -0.0000102309   0.0000156791
   6.1921270462   0.0000406900  -0.0000117902   0.0000131407
   6.2065609087   0.0000328037  -0.0000146809   0.0000094207
   6.2209947713   0.0000273858  -0.0000182183   0.0000050744
   6.2354286339   0.0000255794  -0.0000217724   0.0000010405
   6.2498624965   0.0000274994  -0.0000249457  -0.0000017018
   6.2642963590   0.0000322921  -0.0000276374  -0.0000025186
   6.2787302216   0.0000383954  -0.0000299885  -0.0000013673
   6.2931640842   0.0000439424  -0.0000322480   0.0000012006
   6.3075979468   0.0000472203  -0.0000346241   0.0000042491
   6.3220318094   0.0000470831  -0.0000371735   0.0000067700
   6.3364656719   0.0000432190  -0.0000397633   0.0000079705
   6.3508995345   0.0000362128  -0.0000421075   0.0000074611
   6.3653333971   0.0000273896  -0.0000438615   0.0000053209
   6.3797672597   0.0000184787  -0.0000447439   0.0000020497
   6.3942011223   0.0000111748  -0.0000446444  -0.0000015786
   6.4086349848   0.0000066978  -0.0000436783  -0.0000047330
   6.4230688474   0.0000054594  -0.0000421607  -0.0000067673
   6.4375027100   0.0000069352  -0.0000405003  -0.0000074119
   6.4519365726   0.0000098010  -0.0000390489  -0.0000068479
   6.4663704351   0.0000123221  -0.0000379653  -0.0000056380
   6.4808042977   0.0000128967  -0.0000371559  -0.0000045460
   6.4952381603   0.0000105843  -0.0000363208  -0.0000043198
   6.5096720229   0.0000054306  -0.0000350888  -0.0000055062
   6.5241058855  -0.0000015458  -0.0000331823  -0.0000083330
   6.5385397480  -0.0000087151  -0.0000305359  -0.0000126552
   6.5529736106  -0.0000144224  -0.0000273203  -0.0000179602
   6.5674074732  -0.0000175733  -0.0000238673  -0.0000234442
   6.5818413358  -0.0000179907  -0.0000205446  -0.0000281838
   6.5962751984  -0.0000164085  -0.0000176471  -0.0000314002
   6.6107090609  -0.0000141213  -0.0000153525  -0.0000327474
   6.6251429235  -0.0000124517  -0.0000137455  -0.0000325017
   6.6395767861  -0.0000122642  -0.0000128680  -0.0000315270
   6.6540106487  -0.0000137159  -0.0000127448  -0.0000309736
   6.6684445112  -0.0000163128  -0.0000133568  -0.0000318007
   6.6828783738  -0.0000192017  -0.0000145823  -0.0000343237
   6.6973122364  -0.0000215398  -0.0000161616  -0.0000380113
   6.7117460990  -0.0000227770  -0.0000177341  -0.0000416575
   6.7261799616  -0.0000227590  -0.0000189542  -0.0000438811
   6.7406138241  -0.0000216569  -0.0000196374  -0.0000437318
   6.7550476867  -0.0000198051  -0.0000198529  -0.0000411154
   6.7694815493  -0.0000175469  -0.0000199003  -0.0000368214
   6.7839154119  -0.0000151545  -0.0000201630  -0.0000321303
   6.7983492745  -0.0000128320  -0.0000209012  -0.0000281908
   6.8127831370  -0.0000107606  -0.0000220862  -0.0000254868
   6.8272169996  -0.0000091327  -0.0000233678  -0.0000236721
   6.8416508622  -0.0000081336  -0.0000242040  -0.0000218668
   6.8560847248  -0.0000078768  -0.0000241040  -0.0000192547
   6.8705185873  -0.0000083304  -0.0000228785  -0.0000156529
   6.8849524499  -0.0000092911  -0.0000207764  -0.0000117258
   6.8993863125  -0.0000104417  -0.0000184350  -0.0000087004
   6.9138201751  -0.0000114813  -0.0000166520  -0.0000077136
   6.9282540377  -0.0000122654  -0.0000160740  -0.0000091329
   6.9426879002  -0.0000128746  -0.0000169380  -0.0000122248
   6.9571217628  -0.0000135557  -0.0000189884  -0.0000153772
   6.9715556254  -0.0000145531  -0.0000216082  -0.0000167949
   6.9859894880  -0.0000159189  -0.0000241032  -0.0000153399
   7.0004233506  -0.0000174203  -0.0000260034  -0.0000111031
   7.0148572131  -0.0000186173  -0.0000272384  -0.0000054203
   7.0292910757  -0.0000190858  -0.0000281117  -0.0000003141
   7.0437249383  -0.0000186661  -0.0000291042   0.0000023802
   7.0581588009  -0.0000175895  -0.0000306166   0.0000017973
   7.0725926634  -0.0000163935  -0.0000327830  -0.0000016178
   7.0870265260  -0.0000156563  -0.0000354339  -0.0000063491
   7.1014603886  -0.0000156889  -0.0000382019  -0.0000104932
   7.1158942512  -0.0000163511  -0.0000406960  -0.0000125564
   7.1303281138  -0.0000170965  -0.0000426500  -0.0000120111
   7.1447619763  -0.0000172292  -0.0000439879  -0.0000093928
   7.1591958389  -0.0000162454  -0.0000448034  -0.0000059476
   7.1736297015  -0.0000140929  -0.0000452873  -0.0000030367
   7.1880635641  -0.0000112226  -0.0000456497  -0.0000015853
   7.2024974266  -0.0000084111  -0.0000460588  -0.0000017976
   7.2169312892  -0.0000064365  -0.0000466024  -0.0000032105
   7.2313651518  -0.0000057530  -0.0000472678  -0.0000049978
   7.2457990144  -0.0000063041  -0.0000479434  -0.0000063502
   7.2602328770  -0.0000075529  -0.0000484517  -0.0000067647
   7.2746667395  -0.0000087117  -0.0000486172  -0.0000061553
   7.2891006021  -0.0000090680  -0.0000483521  -0.0000047906
   7.3035344647  -0.0000082688  -0.0000477236  -0.0000031263
   7.3179683273  -0.0000064454  -0.0000469622  -0.0000016190
   7.3324021899  -0.0000041361  -0.0000463930  -0.0000005837
   7.3468360524  -0.0000020558  -0.0000463081  -0.0000001293
   7.3612699150  -0.0000008226  -0.0000468352  -0.0000001701
   7.3757037776  -0.0000007538  -0.0000478666  -0.0000004960
   7.3901376402  -0.0000017979  -0.0000490936  -0.0000008667
   7.4045715027  -0.0000035965  -0.0000501405  -0.0000010939
   7.4190053653  -0.0000056216  -0.0000507445  -0.0000010818
   7.4334392279  -0.0000073250  -0.0000508951  -0.0000008215
   7.4478730905  -0.0000082627  -0.0000508593  -0.0000003540
   7.4623069531  -0.0000081851  -0.0000510671   0.0000002636
   7.4767408156  -0.0000070980  -0.0000519032   0.0000009648
   7.4911746782  -0.0000052822  -0.0000535019   0.0000016539
   7.5056085408  -0.0000032482  -0.0000556508   0.0000021862
   7.5200424034  -0.0000016068  -0.0000578621   0.0000023823
   7.5344762660  -0.0000008715  -0.0000595880   0.0000020902
   7.5489101285  -0.0000012574  -0.0000604819   0.0000012730
   7.5633439911  -0.0000025641  -0.0000605773   0.0000000753
   7.5777778537  -0.0000042151  -0.0000602945  -0.0000011848
   7.5922117163  -0.0000054613  -0.0000602651  -0.0000021096
   7.6066455788  -0.0000056828  -0.0000610547  -0.0000023744
   7.6210794414  -0.0000046660  -0.0000629107  -0.0000018678
   7.6355133040  -0.0000027336  -0.0000656482  -0.0000007502
   7.6499471666  -0.0000006609  -0.0000687201   0.0000006072
   7.6643810292   0.0000005984  -0.0000714368   0.0000017819
   7.6788148917   0.0000002721  -0.0000732381   0.0000024908
   7.6932487543  -0.0000019326  -0.0000739064   0.0000027224
   7.7076826169  -0.0000057149  -0.0000736431   0.0000027484
   7.7221164795  -0.0000102948  -0.0000729875   0.0000030066
   7.7365503421  -0.0000147067  -0.0000726174   0.0000039100
   7.7509842046  -0.0000181488  -0.0000731112   0.0000056686
   7.7654180672  -0.0000202458  -0.0000747565   0.0000082048
   7.7798519298  -0.0000211294  -0.0000774713   0.0000111924
   7.7942857924  -0.0000213188  -0.0000808570   0.0000141925
   7.8087196549  -0.0000214680  -0.0000843571   0.0000168181
   7.8231535175  -0.0000220949  -0.0000874578   0.0000188549
   7.8375873801  -0.0000233997  -0.0000898528   0.0000202988
   7.8520212427  -0.0000252344  -0.0000915167   0.0000213092
   7.8664551053  -0.0000272151  -0.0000926656   0.0000221123
   7.8808889678  -0.0000289129  -0.0000936324   0.0000228978
   7.8953228304  -0.0000300354  -0.0000947144   0.0000237431
   7.9097566930  -0.0000305260  -0.0000960567   0.0000245862
   7.9241905556  -0.0000305516  -0.0000976166   0.0000252507
   7.9386244181  -0.0000303987  -0.0000992141   0.0000255178
   7.9530582807  -0.0000303338  -0.0001006384   0.0000252211
   7.9674921433  -0.0000304937  -0.0001017568   0.0000243322
   7.9819260059  -0.0000308488  -0.0001025758   0.0000229954
