   0.0000000000   0.0000000000   0.0000000000   0.0000000000
   0.0144338626   0.0000000000   0.0000000000   0.0000000000
   0.0288677252   0.0000000000   0.0000000000   0.0000000000
   0.0433015877   0.0000000000   0.0000000000   0.0000000000
   0.0577354503   0.0000000000   0.0000000000   0.0000000000
   0.0721693129   0.0000000000   0.0000000000   0.0000000000
   0.0866031755   0.0000000000   0.0000000000  -0.0000000000
   0.1010370380  -0.0000000000  -0.0000000000   0.0000000000
   0.1154709006  -0.0000000000  -0.0000000000   0.0000000000
   0.1299047632  -0.0000000000  -0.0000000000   0.0000000000
   0.1443386258  -0.0000000000  -0.0000000000   0.0000000000
   0.1587724884  -0.0000000000  -0.0000000000   0.0000000000
   0.1732063509  -0.0000000000  -0.0000000000   0.0000000000
   0.1876402135  -0.0000000000   0.0000000000   0.0000000000
   0.2020740761  -0.0000000000   0.0000000000   0.0000000000
   0.2165079387  -0.0000000000   0.0000000000   0.0000000000
   0.2309418013   0.0000000000   0.0000000000  -0.0000000000
   0.2453756638   0.0000000000  -0.0000000000  -0.0000000000
   0.2598095264   0.0000000000  -0.0000000000  -0.0000000000
   0.2742433890   0.0000000000  -0.0000000000   0.0000000000
   0.2886772516  -0.0000000000   0.0000000000   0.0000000000
   0.3031111141  -0.0000000000   0.0000000000   0.0000000000
   0.3175449767  -0.0000000000   0.0000000000   0.0000000000
   0.3319788393   0.0000000000   0.0000000000  -0.0000000000
   0.3464127019   0.0000000000  -0.0000000000  -0.0000000000
   0.3608465645   0.0000000000  -0.0000000000  -0.0000000000
   0.3752804270   0.0000000000  -0.0000000000   0.0000000000
   0.3897142896  -0.0000000000   0.0000000000   0.0000000000
   0.4041481522  -0.0000000000   0.0000000000   0.0000000000
   0.4185820148  -0.0000000000   0.0000000000   0.0000000000
   0.4330158774   0.0000000000   0.0000000000  -0.0000000000
   0.4474497399   0.0000000000  -0.0000000000  -0.0000000000
   0.4618836025   0.0000000000  -0.0000000000  -0.0000000000
   0.4763174651   0.0000000000  -0.0000000000   0.0000000000
   0.4907513277  -0.0000000000   0.0000000000   0.0000000000
   0.5051851902  -0.0000000000   0.0000000000   0.0000000000
   0.5196190528  -0.0000000000   0.0000000000  -0.0000000000
   0.5340529154   0.0000000000  -0.0000000000  -0.0000000000
   0.5484867780   0.0000000000  -0.0000000000  -0.0000000000
   0.5629206406   0.0000000000  -0.0000000000  -0.0000000000
   0.5773545031  -0.0000000000  -0.0000000000   0.0000000000
   0.5917883657  -0.0000000000   0.0000000000   0.0000000000
   0.6062222283  -0.0000000000   0.0000000000   0.0000000000
   0.6206560909  -0.0000000000   0.0000000000  -0.0000000000
   0.6350899535   0.0000000000  -0.0000000000  -0.0000000000
   0.6495238160   0.0000000000  -0.0000000000  -0.0000000000
   0.6639576786   0.0000000000  -0.0000000000   0.0000000000
   0.6783915412  -0.0000000000   0.0000000000   0.0000000000
   0.6928254038  -0.0000000000   0.0000000000   0.0000000000
   0.7072592663  -0.0000000000   0.0000000000  -0.0000000000
   0.7216931289  -0.0000000000   0.0000000000  -0.0000000000
   0.7361269915   0.0000000000  -0.0000000000  -0.0000000000
   0.7505608541   0.0000000000  -0.0000000000  -0.0000000000
   0.7649947167   0.0000000000  -0.0000000000   0.0000000000
   0.7794285792  -0.0000000000   0.0000000000   0.0000000000
   0.7938624418  -0.0000000000   0.0000000000   0.0000000000
   0.8082963044  -0.0000000000   0.0000000000  -0.0000000000
   0.8227301670   0.0000000000  -0.0000000000  -0.0000000000
   0.8371640296   0.0000000000  -0.0000000000  -0.0000000000
   0.8515978921   0.0000000000  -0.0000000000   0.0000000000
   0.8660317547  -0.0000000000   0.0000000000   0.0000000000
   0.8804656173  -0.0000000000   0.0000000000   0.0000000000
   0.8948994799  -0.0000000000  -0.0000000000  -0.0000000000
   0.9093333424  -0.0000000000  -0.0000000000  -0.0000000000
   0.9237672050   0.0000000000   0.0000000000  -0.0000000000
   0.9382010676   0.0000000000   0.0000000000   0.0000000000
   0.9526349302   0.0000000000   0.0000000000   0.0000000000
   0.9670687928  -0.0000000000  -0.0000000000  -0.0000000000
   0.9815026553  -0.0000000000  -0.0000000000  -0.0000000000
   0.9959365179  -0.0000000000  -0.0000000000   0.0000000000
   1.0103703805   0.0000000000   0.0000000000   0.0000000000
   1.0248042431   0.0000000000   0.0000000000   0.0000000000
   1.0392381056  -0.0000000000   0.0000000000  -0.0000000000
   1.0536719682  -0.0000000000   0.0000000000  -0.0000000000
   1.0681058308   0.0000000000  -0.0000000000  -0.0000000000
   1.0825396934   0.0000000000  -0.0000000000   0.0000000000
   1.0969735560   0.0000000000  -0.0000000000   0.0000000000
   1.1114074185  -0.0000000000   0.0000000000   0.0000000000
   1.1258412811  -0.0000000000   0.0000000000  -0.0000000000
   1.1402751437  -0.0000000000   0.0000000000  -0.0000000000
   1.1547090063   0.0000000000  -0.0000000000  -0.0000000000
   1.1691428689   0.0000000000  -0.0000000000   0.0000000000
   1.1835767314   0.0000000000  -0.0000000000   0.0000000000
   1.1980105940  -0.0000000000   0.0000000000   0.0000000000
   1.2124444566  -0.0000000000   0.0000000000  -0.0000000000
   1.2268783192  -0.0000000000   0.0000000000  -0.0000000000
   1.2413121817   0.0000000000  -0.0000000000  -0.0000000000
   1.2557460443   0.0000000000  -0.0000000000   0.0000000000
   1.2701799069   0.0000000000  -0.0000000000   0.0000000000
   1.2846137695   0.0000000000   0.0000000000   0.0000000000
   1.2990476321  -0.0000000000   0.0000000000  -0.0000000000
   1.3134814946  -0.0000000000   0.0000000000  -0.0000000000
   1.3279153572  -0.0000000000  -0.0000000000  -0.0000000000
   1.3423492198   0.0000000000  -0.0000000000   0.0000000000
   1.3567830824   0.0000000000  -0.0000000000   0.0000000000
   1.3712169450   0.0000000000   0.0000000000   0.0000000000
   1.3856508075  -0.0000000000   0.0000000000  -0.0000000000
   1.4000846701  -0.0000000000   0.0000000000  -0.0000000000
   1.4145185327  -0.0000000000  -0.0000000000  -0.0000000000
   1.4289523953   0.0000000000  -0.0000000000   0.0000000000
   1.4433862578   0.0000000000  -0.0000000000   0.0000000000
   1.4578201204  -0.0000000000   0.0000000000   0.0000000000
   1.4722539830  -0.0000000000   0.0000000000  -0.0000000000
   1.4866878456   0.0000000000   0.0000000000  -0.0000000000
   1.5011217082   0.0000000000  -0.0000000000  -0.0000000000
   1.5155555707   0.0000000000  -0.0000000000   0.0000000000
   1.5299894333  -0.0000000000  -0.0000000000   0.0000000000
   1.5444232959  -0.0000000000   0.0000000000   0.0000000000
   1.5588571585  -0.0000000000   0.0000000000  -0.0000000000
   1.5732910211   0.0000000000   0.0000000000  -0.0000000000
   1.5877248836   0.0000000000  -0.0000000000  -0.0000000000
   1.6021587462   0.0000000000  -0.0000000000   0.0000000000
   1.6165926088   0.0000000000  -0.0000000000   0.0000000000
   1.6310264714  -0.0000000000   0.0000000000   0.0000000000
   1.6454603339  -0.0000000000   0.0000000000  -0.0000000000
   1.6598941965  -0.0000000000   0.0000000000  -0.0000000000
   1.6743280591   0.0000000000  -0.0000000000   0.0000000000
   1.6887619217   0.0000000000  -0.0000000000   0.0000000000
   1.7031957843   0.0000000000  -0.0000000000   0.0000000000
   1.7176296468  -0.0000000000   0.0000000000  -0.0000000000
   1.7320635094  -0.0000000000   0.0000000000  -0.0000000000
   1.7464973720  -0.0000000000   0.0000000000   0.0000000000
   1.7609312346  -0.0000000000  -0.0000000000   0.0000000000
   1.7753650971   0.0000000000  -0.0000000000   0.0000000000
   1.7897989597   0.0000000000  -0.0000000000  -0.0000000000
   1.8042328223   0.0000000000   0.0000000000  -0.0000000000
   1.8186666849   0.0000000000   0.0000000000  -0.0000000000
   1.8331005475  -0.0000000000   0.0000000000   0.0000000000
   1.8475344100  -0.0000000000  -0.0000000000   0.0000000000
   1.8619682726  -0.0000000000  -0.0000000000   0.0000000000
   1.8764021352  -0.0000000000  -0.0000000000  -0.0000000000
   1.8908359978   0.0000000000   0.0000000000  -0.0000000000
   1.9052698604   0.0000000000   0.0000000000  -0.0000000000
   1.9197037229   0.0000000000  -0.0000000000   0.0000000000
   1.9341375855   0.0000000000  -0.0000000000   0.0000000000
   1.9485714481  -0.0000000000  -0.0000000000  -0.0000000000
   1.9630053107  -0.0000000000   0.0000000000  -0.0000000000
   1.9774391732  -0.0000000000   0.0000000000  -0.0000000000
   1.9918730358   0.0000000000   0.0000000000   0.0000000000
   2.0063068984   0.0000000000  -0.0000000000   0.0000000000
   2.0207407610   0.0000000000  -0.0000000000   0.0000000000
   2.0351746236   0.0000000000  -0.0000000000  -0.0000000000
   2.0496084861  -0.0000000000   0.0000000000  -0.0000000000
   2.0640423487  -0.0000000000   0.0000000000   0.0000000000
   2.0784762113  -0.0000000000   0.0000000000   0.0000000000
   2.0929100739  -0.0000000000  -0.0000000000   0.0000000000
   2.1073439365   0.0000000000  -0.0000000000  -0.0000000000
   2.1217777990   0.0000000000  -0.0000000000  -0.0000000000
   2.1362116616   0.0000000000   0.0000000000  -0.0000000000
   2.1506455242   0.0000000000   0.0000000000   0.0000000000
   2.1650793868  -0.0000000000   0.0000000000   0.0000000000
   2.1795132493  -0.0000000000  -0.0000000000   0.0000000000
   2.1939471119  -0.0000000000  -0.0000000000  -0.0000000000
   2.2083809745   0.0000000000   0.0000000000  -0.0000000001
   2.2228148371   0.0000000000   0.0000000000  -0.0000000000
   2.2372486997   0.0000000000   0.0000000000   0.0000000000
   2.2516825622   0.0000000000  -0.0000000000   0.0000000001
   2.2661164248  -0.0000000000  -0.0000000000   0.0000000000
   2.2805502874  -0.0000000000  -0.0000000000  -0.0000000001
   2.2949841500  -0.0000000000   0.0000000000  -0.0000000001
   2.3094180126   0.0000000000   0.0000000000  -0.0000000000
   2.3238518751   0.0000000000   0.0000000000   0.0000000002
   2.3382857377   0.0000000000  -0.0000000000   0.0000000002
   2.3527196003  -0.0000000000  -0.0000000001  -0.0000000000
   2.3671534629  -0.0000000000  -0.0000000000  -0.0000000004
   2.3815873254  -0.0000000000   0.0000000001  -0.0000000003
   2.3960211880  -0.0000000000   0.0000000001   0.0000000002
   2.4104550506   0.0000000000   0.0000000000   0.0000000007
   2.4248889132   0.0000000000  -0.0000000002   0.0000000005
   2.4393227758   0.0000000000  -0.0000000002  -0.0000000004
   2.4537566383   0.0000000000   0.0000000000  -0.0000000012
   2.4681905009   0.0000000000   0.0000000003  -0.0000000007
   2.4826243635   0.0000000000   0.0000000003   0.0000000008
   2.4970582261  -0.0000000001  -0.0000000000   0.0000000018
   2.5114920887  -0.0000000002  -0.0000000004   0.0000000010
   2.5259259512  -0.0000000001  -0.0000000005  -0.0000000013
   2.5403598138   0.0000000001   0.0000000000  -0.0000000026
   2.5547936764   0.0000000004   0.0000000006  -0.0000000008
   2.5692275390   0.0000000003   0.0000000005   0.0000000026
   2.5836614015  -0.0000000002  -0.0000000003   0.0000000038
   2.5980952641  -0.0000000007  -0.0000000008   0.0000000003
   2.6125291267  -0.0000000007  -0.0000000002  -0.0000000053
   2.6269629893   0.0000000001   0.0000000011  -0.0000000069
   2.6413968519   0.0000000012   0.0000000018  -0.0000000013
   2.6558307144   0.0000000014   0.0000000005   0.0000000074
   2.6702645770   0.0000000005  -0.0000000020   0.0000000105
   2.6846984396  -0.0000000010  -0.0000000036   0.0000000042
   2.6991323022  -0.0000000019  -0.0000000022  -0.0000000052
   2.7135661647  -0.0000000014   0.0000000010  -0.0000000070
   2.7280000273  -0.0000000002   0.0000000032   0.0000000007
   2.7424338899   0.0000000005   0.0000000025   0.0000000070
   2.7568677525   0.0000000001   0.0000000007  -0.0000000019
   2.7713016151  -0.0000000002   0.0000000015  -0.0000000244
   2.7857354776   0.0000000011   0.0000000057  -0.0000000388
   2.8001693402   0.0000000039   0.0000000085  -0.0000000213
   2.8146032028   0.0000000060   0.0000000029   0.0000000280
   2.8290370654   0.0000000047  -0.0000000124   0.0000000789
   2.8434709280  -0.0000000007  -0.0000000291   0.0000000942
   2.8579047905  -0.0000000082  -0.0000000342   0.0000000622
   2.8723386531  -0.0000000145  -0.0000000202   0.0000000034
   2.8867725157  -0.0000000175   0.0000000089  -0.0000000553
   2.9012063783  -0.0000000160   0.0000000410  -0.0000001110
   2.9156402408  -0.0000000081   0.0000000662  -0.0000001792
   2.9300741034   0.0000000088   0.0000000804  -0.0000002520
   2.9445079660   0.0000000353   0.0000000792  -0.0000002647
   2.9589418286   0.0000000645   0.0000000490  -0.0000001231
   2.9733756912   0.0000000798  -0.0000000274   0.0000002131
   2.9878095537   0.0000000621  -0.0000001509   0.0000006568
   3.0022434163   0.0000000013  -0.0000002853   0.0000010030
   3.0166772789  -0.0000000926  -0.0000003590   0.0000010266
   3.0311111415  -0.0000001896  -0.0000002967   0.0000006003
   3.0455450041  -0.0000002492  -0.0000000634  -0.0000002476
   3.0599788666  -0.0000002338   0.0000003079  -0.0000013473
   3.0744127292  -0.0000001196   0.0000007181  -0.0000024225
   3.0888465918   0.0000000945   0.0000010267  -0.0000031016
   3.1032804544   0.0000003775   0.0000010814  -0.0000029373
   3.1177143169   0.0000006566   0.0000007494  -0.0000015220
   3.1321481795   0.0000008176  -0.0000000345   0.0000012666
   3.1465820421   0.0000007301  -0.0000012009   0.0000049916
   3.1610159047   0.0000002995  -0.0000024855   0.0000085544
   3.1754497673  -0.0000004695  -0.0000034332   0.0000104157
   3.1898836298  -0.0000014284  -0.0000035075   0.0000091187
   3.2043174924  -0.0000022898  -0.0000022945   0.0000039185
   3.2187513550  -0.0000026911   0.0000002732  -0.0000047320
   3.2331852176  -0.0000023048   0.0000037713  -0.0000150141
   3.2476190802  -0.0000009679   0.0000072890  -0.0000239582
   3.2620529427   0.0000012076   0.0000096045  -0.0000280413
   3.2764868053   0.0000037802   0.0000094998  -0.0000241345
   3.2909206679   0.0000060153   0.0000061592  -0.0000106825
   3.3053545305   0.0000070333  -0.0000004331   0.0000111757
   3.3197883930   0.0000060608  -0.0000092119   0.0000369965
   3.3342222556   0.0000027336  -0.0000180002   0.0000593816
   3.3486561182  -0.0000026384  -0.0000238351   0.0000694689
   3.3630899808  -0.0000089458  -0.0000236519   0.0000593035
   3.3775238434  -0.0000143696  -0.0000151813   0.0000244147
   3.3919577059  -0.0000166987   0.0000022048  -0.0000342440
   3.4063915685  -0.0000138173   0.0000269981  -0.0001096888
   3.4208254311  -0.0000042446   0.0000556184  -0.0001899463
   3.4352592937   0.0000124167   0.0000830803  -0.0002605748
   3.4496931563   0.0000352549   0.0001041160  -0.0003080705
   3.4641270188   0.0000621276   0.0001144574  -0.0003232732
   3.4785608814   0.0000900538   0.0001119243  -0.0003038089
   3.4929947440   0.0001158367   0.0000969984  -0.0002547935
   3.5074286066   0.0001367663   0.0000726992  -0.0001874799
   3.5218624691   0.0001512075   0.0000437780  -0.0001161586
   3.5362963317   0.0001589070   0.0000154595  -0.0000542226
   3.5507301943   0.0001609250  -0.0000078863  -0.0000106412
   3.5651640569   0.0001592119  -0.0000237277   0.0000120178
   3.5795979195   0.0001559609  -0.0000317105   0.0000174125
   3.5940317820   0.0001529364  -0.0000332858   0.0000132698
   3.6084656446   0.0001509856  -0.0000308166   0.0000081271
   3.6228995072   0.0001498869  -0.0000265444   0.0000082128
   3.6373333698   0.0001485778  -0.0000218312   0.0000155793
   3.6517672323   0.0001456885  -0.0000169578   0.0000280559
   3.6662010949   0.0001402010  -0.0000115050   0.0000408545
   3.6806349575   0.0001320080  -0.0000050844   0.0000490370
   3.6950688201   0.0001221628   0.0000019757   0.0000497685
   3.7095026827   0.0001127008   0.0000083574   0.0000434304
   3.7239365452   0.0001060397   0.0000120772   0.0000331696
   3.7383704078   0.0001041136   0.0000113144   0.0000231247
   3.7528042704   0.0001075072   0.0000054053   0.0000161287
   3.7672381330   0.0001149057  -0.0000044382   0.0000119234
   3.7816719956   0.0001231213  -0.0000150609   0.0000067287
   3.7961058581   0.0001277959  -0.0000220844  -0.0000055509
   3.8105397207   0.0001246519  -0.0000212449  -0.0000308900
   3.8249735833   0.0001109419  -0.0000099069  -0.0000724142
   3.8394074459   0.0000866207   0.0000118035  -0.0001284565
   3.8538413084   0.0000547978   0.0000407014  -0.0001921764
   3.8682751710   0.0000212222   0.0000712499  -0.0002529350
   3.8827090336  -0.0000071316   0.0000970631  -0.0002989939
   3.8971428962  -0.0000239868   0.0001127029  -0.0003206752
   3.9115767588  -0.0000255870   0.0001151621  -0.0003129971
   3.9260106213  -0.0000117962   0.0001045563  -0.0002769986
   3.9404444839   0.0000139157   0.0000838449  -0.0002193869
   3.9548783465   0.0000455980   0.0000577443  -0.0001506675
   3.9693122091   0.0000766385   0.0000312575  -0.0000823790
   3.9837460717   0.0001016213   0.0000083362  -0.0000243032
   3.9981799342   0.0001176004  -0.0000089017   0.0000175361
   4.0126137968   0.0001244430  -0.0000202164   0.0000416089
   4.0270476594   0.0001242771  -0.0000266629   0.0000503434
   4.0414815220   0.0001203831  -0.0000297178   0.0000487099
   4.0559153845   0.0001159972  -0.0000305290   0.0000424961
   4.0703492471   0.0001134236  -0.0000295910   0.0000367865
   4.0847831097   0.0001136579  -0.0000269106   0.0000349613
   4.0992169723   0.0001164944  -0.0000224851   0.0000383000
   4.1136508349   0.0001209213  -0.0000167766   0.0000461116
   4.1280846974   0.0001255604  -0.0000108945   0.0000562258
   4.1425185600   0.0001289887  -0.0000063636   0.0000656686
   4.1569524226   0.0001299334  -0.0000045722   0.0000713896
   4.1713862852   0.0001274455  -0.0000061587   0.0000709651
   4.1858201478   0.0001211410  -0.0000106446   0.0000632249
   4.2002540103   0.0001114596  -0.0000165185   0.0000487016
   4.2146878729   0.0000997451  -0.0000217754   0.0000297243
   4.2291217355   0.0000879579  -0.0000246913   0.0000099793
   4.2435555981   0.0000780255  -0.0000244857  -0.0000064692
   4.2579894606   0.0000711128  -0.0000215672  -0.0000164189
   4.2724233232   0.0000672192  -0.0000172648  -0.0000185314
   4.2868571858   0.0000653613  -0.0000131957  -0.0000136497
   4.3012910484   0.0000642411  -0.0000105880  -0.0000043172
   4.3157249110   0.0000629958  -0.0000098500   0.0000062114
   4.3301587735   0.0000615844  -0.0000105218   0.0000149867
   4.3445926361   0.0000606275  -0.0000115563   0.0000200656
   4.3590264987   0.0000608723  -0.0000117751   0.0000208472
   4.3734603613   0.0000626526  -0.0000103464   0.0000181655
   4.3878942239   0.0000656462  -0.0000071587   0.0000141784
   4.4023280864   0.0000690001  -0.0000029816   0.0000119089
   4.4167619490   0.0000716927   0.0000006857   0.0000142955
   4.4311958116   0.0000729384   0.0000021039   0.0000229123
   4.4456296742   0.0000724903  -0.0000000075   0.0000369179
   4.4600635367   0.0000707564  -0.0000058478   0.0000529183
   4.4744973993   0.0000686772  -0.0000143081   0.0000660718
   4.4889312619   0.0000673680  -0.0000232959   0.0000720813
   4.5033651245   0.0000676321  -0.0000304909   0.0000691485
   4.5177989871   0.0000695637  -0.0000341887   0.0000588954
   4.5322328496   0.0000724648  -0.0000338582   0.0000457388
   4.5466667122   0.0000751422  -0.0000302026   0.0000349709
   4.5611005748   0.0000764195  -0.0000247565   0.0000304250
   4.5755344374   0.0000755708  -0.0000192381   0.0000328033
   4.5899682999   0.0000724636  -0.0000149292   0.0000394422
   4.6044021625   0.0000674176  -0.0000123076   0.0000456408
   4.6188360251   0.0000609733  -0.0000110392   0.0000469503
   4.6332698877   0.0000537574  -0.0000103003   0.0000413353
   4.6477037503   0.0000464765  -0.0000092671   0.0000301261
   4.6621376128   0.0000399176  -0.0000075285   0.0000172407
   4.6765714754   0.0000348306  -0.0000052097   0.0000070502
   4.6910053380   0.0000317059  -0.0000027549   0.0000020126
   4.7054392006   0.0000305997  -0.0000005212   0.0000013689
   4.7198730632   0.0000311662   0.0000015330   0.0000016264
   4.7343069257   0.0000329108   0.0000038396  -0.0000014471
   4.7487407883   0.0000355043   0.0000068738  -0.0000104368
   4.7631746509   0.0000389458   0.0000106868  -0.0000248208
   4.7776085135   0.0000434607   0.0000146234  -0.0000411986
   4.7920423760   0.0000492030   0.0000174378  -0.0000550221
   4.8064762386   0.0000559616   0.0000177848  -0.0000628461
   4.8209101012   0.0000630629   0.0000148554  -0.0000638963
   4.8353439638   0.0000695450   0.0000088396  -0.0000601811
   4.8497778264   0.0000745218   0.0000009826  -0.0000551757
   4.8642116889   0.0000775577  -0.0000068144  -0.0000518568
   4.8786455515   0.0000788687  -0.0000126854  -0.0000511641
   4.8930794141   0.0000792510  -0.0000154921  -0.0000516930
   4.9075132767   0.0000797659  -0.0000152206  -0.0000507159
   4.9219471393   0.0000813196  -0.0000129215  -0.0000458944
   4.9363810018   0.0000843206  -0.0000102363  -0.0000366911
   4.9508148644   0.0000885501  -0.0000087340  -0.0000247166
   4.9652487270   0.0000932747  -0.0000093397  -0.0000129023
   4.9796825896   0.0000975220  -0.0000120627  -0.0000040535
   4.9941164521   0.0001003908  -0.0000160789   0.0000003967
   5.0085503147   0.0001012908  -0.0000200852   0.0000008463
   5.0229841773   0.0001000639  -0.0000227791  -0.0000008716
   5.0374180399   0.0000969907  -0.0000233123  -0.0000023812
   5.0518519025   0.0000927004  -0.0000215836  -0.0000016754
   5.0662857650   0.0000880080  -0.0000182700   0.0000022764
   5.0807196276   0.0000837116  -0.0000145569   0.0000093263
   5.0951534902   0.0000804059  -0.0000116476   0.0000183181
   5.1095873528   0.0000783770  -0.0000102564   0.0000275381
   5.1240212154   0.0000776118  -0.0000103281   0.0000353043
   5.1384550779   0.0000779006  -0.0000111282   0.0000404820
   5.1528889405   0.0000789758  -0.0000116518   0.0000427103
   5.1673228031   0.0000806315  -0.0000111265   0.0000422600
   5.1817566657   0.0000828094  -0.0000093549   0.0000396649
   5.1961905282   0.0000856604  -0.0000067582   0.0000354135
   5.2106243908   0.0000895770  -0.0000041547   0.0000299125
   5.2250582534   0.0000951507  -0.0000024219   0.0000236933
   5.2394921160   0.0001030049  -0.0000021929   0.0000176139
   5.2539259786   0.0001135034  -0.0000036770   0.0000128021
   5.2683598411   0.0001264289  -0.0000066314   0.0000102998
   5.2827937037   0.0001407809  -0.0000104707   0.0000106092
   5.2972275663   0.0001548143  -0.0000144788   0.0000134343
   5.3116614289   0.0001663356  -0.0000180513   0.0000177752
   5.3260952914   0.0001731584  -0.0000208733   0.0000223149
   5.3405291540   0.0001735689  -0.0000229578   0.0000258917
   5.3549630166   0.0001666795  -0.0000245384   0.0000278544
   5.3693968792   0.0001526144  -0.0000258903   0.0000281996
   5.3838307418   0.0001325327  -0.0000271831   0.0000274856
   5.3982646043   0.0001085128  -0.0000284265   0.0000265705
   5.4126984669   0.0000833269  -0.0000295006   0.0000262550
   5.4271323295   0.0000601400  -0.0000302212   0.0000269568
   5.4415661921   0.0000421787  -0.0000304034   0.0000285649
   5.4560000547   0.0000324185  -0.0000299211   0.0000305664
   5.4704339172   0.0000333110  -0.0000287744   0.0000323882
   5.4848677798   0.0000465361  -0.0000271487   0.0000337445
   5.4993016424   0.0000727443  -0.0000254152   0.0000347516
   5.5137355050   0.0001112874  -0.0000240357   0.0000357146
   5.5281693675   0.0001599922  -0.0000233869   0.0000367239
   5.5426032301   0.0002150852  -0.0000235882   0.0000373542
   5.5570370927   0.0002713722  -0.0000244361   0.0000367184
   5.5714709553   0.0003227029  -0.0000254979   0.0000339091
   5.5859048179   0.0003626577  -0.0000263285   0.0000286089
   5.6003386804   0.0003853092  -0.0000267008   0.0000215245
   5.6147725430   0.0003859008  -0.0000267289   0.0000143750
   5.6292064056   0.0003613195  -0.0000268172   0.0000093874
   5.6436402682   0.0003103166  -0.0000274572   0.0000085031
   5.6580741308   0.0002334954  -0.0000289709   0.0000126508
   5.6725079933   0.0001331296  -0.0000313318   0.0000214199
   5.6869418559   0.0000128970  -0.0000341592   0.0000332846
   5.7013757185  -0.0001223984  -0.0000368994   0.0000462582
   5.7158095811  -0.0002670778  -0.0000391026   0.0000586383
   5.7302434436  -0.0004148275  -0.0000406453   0.0000694565
   5.7446773062  -0.0005589913  -0.0000417623   0.0000784302
   5.7591111688  -0.0006929857  -0.0000428605   0.0000855198
   5.7735450314  -0.0008108538  -0.0000442146   0.0000904546
   5.7879788940  -0.0009078810  -0.0000457325   0.0000926090
   5.8024127565  -0.0009811200  -0.0000469491   0.0000913747
   5.8168466191  -0.0010296722  -0.0000472754   0.0000868145
   5.8312804817  -0.0010546513  -0.0000463717   0.0000801450
   5.8457143443  -0.0010588647  -0.0000444259   0.0000736379
   5.8601482069  -0.0010463206  -0.0000421563   0.0000698463
   5.8745820694  -0.0010216663  -0.0000405125   0.0000704660
   5.8890159320  -0.0009896123  -0.0000402180   0.0000754014
   5.9034497946  -0.0009543690  -0.0000413976   0.0000825693
   5.9178836572  -0.0009191355  -0.0000434914   0.0000886421
   5.9323175197  -0.0008857287  -0.0000455144   0.0000904662
   5.9467513823  -0.0008544559  -0.0000465314   0.0000865170
   5.9611852449  -0.0008242849  -0.0000461059   0.0000776667
   5.9756191075  -0.0007932787  -0.0000444895   0.0000668320
   5.9900529701  -0.0007591848  -0.0000424522   0.0000576087
   6.0044868326  -0.0007200492  -0.0000408446   0.0000525479
   6.0189206952  -0.0006747427  -0.0000401219   0.0000519543
   6.0333545578  -0.0006233101  -0.0000400885   0.0000538502
   6.0477884204  -0.0005670596  -0.0000400000   0.0000551304
   6.0622222830  -0.0005083378  -0.0000389735   0.0000532757
   6.0766561455  -0.0004500129  -0.0000364848   0.0000476825
   6.0910900081  -0.0003948084  -0.0000326815   0.0000398903
   6.1055238707  -0.0003447211  -0.0000283349   0.0000326223
   6.1199577333  -0.0003007313  -0.0000244500   0.0000282207
   6.1343915958  -0.0002628679  -0.0000217381   0.0000273686
   6.1488254584  -0.0002305092  -0.0000202369   0.0000287820
   6.1632593210  -0.0002027043  -0.0000192876   0.0000299846
   6.1776931836  -0.0001783555  -0.0000178892   0.0000286860
   6.1921270462  -0.0001562555  -0.0000152478   0.0000239981
   6.2065609087  -0.0001351063  -0.0000112359   0.0000168757
   6.2209947713  -0.0001136506  -0.0000065214   0.0000096122
   6.2354286339  -0.0000909377  -0.0000022994   0.0000047139
   6.2498624965  -0.0000666046   0.0000002396   0.0000037424
   6.2642963590  -0.0000410018   0.0000004431   0.0000066695
   6.2787302216  -0.0000150562  -0.0000015217   0.0000119805
   6.2931640842   0.0000100937  -0.0000047630   0.0000173899
   6.3075979468   0.0000335386  -0.0000080778   0.0000207696
   6.3220318094   0.0000549291  -0.0000104831   0.0000208602
   6.3364656719   0.0000745704  -0.0000116219   0.0000175088
   6.3508995345   0.0000932655  -0.0000118747   0.0000114367
   6.3653333971   0.0001119866  -0.0000121424   0.0000037500
   6.3797672597   0.0001315096  -0.0000134137  -0.0000045356
   6.3942011223   0.0001521359  -0.0000163132  -0.0000127653
   6.4086349848   0.0001735800  -0.0000208241  -0.0000206726
   6.4230688474   0.0001950358  -0.0000262947  -0.0000282418
   6.4375027100   0.0002153780  -0.0000317137  -0.0000355257
   6.4519365726   0.0002334199  -0.0000361278  -0.0000425055
   6.4663704351   0.0002481478  -0.0000390228  -0.0000490214
   6.4808042977   0.0002588704  -0.0000405138  -0.0000547661
   6.4952381603   0.0002652640  -0.0000412775  -0.0000593223
   6.5096720229   0.0002673345  -0.0000422685  -0.0000622392
   6.5241058855   0.0002653466  -0.0000443492  -0.0000631463
   6.5385397480   0.0002597657  -0.0000479849  -0.0000618912
   6.5529736106   0.0002512274  -0.0000531177  -0.0000586615
   6.5674074732   0.0002405057  -0.0000592497  -0.0000540291
   6.5818413358   0.0002284384  -0.0000656774  -0.0000488642
   6.5962751984   0.0002157980  -0.0000717668  -0.0000441114
   6.6107090609   0.0002031530  -0.0000771584  -0.0000404965
   6.6251429235   0.0001908018  -0.0000818325  -0.0000382883
   6.6395767861   0.0001788293  -0.0000860337  -0.0000372412
   6.6540106487   0.0001672556  -0.0000901050  -0.0000367654
   6.6684445112   0.0001561660  -0.0000943107  -0.0000362536
   6.6828783738   0.0001457187  -0.0000987146  -0.0000354013
   6.6973122364   0.0001360125  -0.0001031502  -0.0000343558
   6.7117460990   0.0001269181  -0.0001072809  -0.0000336226
   6.7261799616   0.0001180220  -0.0001107158  -0.0000337930
   6.7406138241   0.0001087604  -0.0001131374  -0.0000352450
   6.7550476867   0.0000986852  -0.0001143970  -0.0000379700
   6.7694815493   0.0000876981  -0.0001145476  -0.0000415930
   6.7839154119   0.0000761060  -0.0001138032  -0.0000455471
   6.7983492745   0.0000644688  -0.0001124389  -0.0000493001
   6.8127831370   0.0000533438  -0.0001106651  -0.0000525235
   6.8272169996   0.0000430791  -0.0001085233  -0.0000551501
   6.8416508622   0.0000337570  -0.0001058454  -0.0000573204
   6.8560847248   0.0000252794  -0.0001022936  -0.0000592656
   6.8705185873   0.0000175127  -0.0000974695  -0.0000611861
   6.8849524499   0.0000104048  -0.0000910505  -0.0000631701
   6.8993863125   0.0000040300  -0.0000829061  -0.0000651727
   6.9138201751  -0.0000014352  -0.0000731550  -0.0000670466
   6.9282540377  -0.0000057836  -0.0000621512  -0.0000685999
   6.9426879002  -0.0000088695  -0.0000504047  -0.0000696523
   6.9571217628  -0.0000106949  -0.0000384681  -0.0000700704
   6.9715556254  -0.0000114546  -0.0000268215  -0.0000697765
   6.9859894880  -0.0000115068  -0.0000157929  -0.0000687371
   7.0004233506  -0.0000112709  -0.0000055377  -0.0000669428
   7.0148572131  -0.0000110889   0.0000039207  -0.0000643941
   7.0292910757  -0.0000111208   0.0000126121  -0.0000611039
   7.0437249383  -0.0000113232   0.0000205431  -0.0000571165
   7.0581588009  -0.0000115182   0.0000276637  -0.0000525311
   7.0725926634  -0.0000115101   0.0000338893  -0.0000475077
   7.0870265260  -0.0000111880   0.0000391611  -0.0000422402
   7.1014603886  -0.0000105705   0.0000435026  -0.0000369040
   7.1158942512  -0.0000097825   0.0000470343  -0.0000316086
   7.1303281138  -0.0000089871   0.0000499350  -0.0000263895
   7.1447619763  -0.0000083068   0.0000523680  -0.0000212501
   7.1591958389  -0.0000077714   0.0000544108  -0.0000162265
   7.1736297015  -0.0000073104   0.0000560230  -0.0000114286
   7.1880635641  -0.0000067943   0.0000570625  -0.0000070218
   7.2024974266  -0.0000061006   0.0000573399  -0.0000031578
   7.2169312892  -0.0000051704   0.0000566832   0.0000001035
   7.2313651518  -0.0000040260   0.0000549893   0.0000028316
   7.2457990144  -0.0000027412   0.0000522478   0.0000051997
   7.2602328770  -0.0000013874   0.0000485422   0.0000074128
   7.2746667395   0.0000000093   0.0000440355   0.0000096308
   7.2891006021   0.0000014767   0.0000389548   0.0000119205
   7.3035344647   0.0000030695   0.0000335732   0.0000142514
   7.3179683273   0.0000048303   0.0000281878   0.0000165231
   7.3324021899   0.0000067608   0.0000230843   0.0000186034
   7.3468360524   0.0000088123   0.0000184906   0.0000203596
   7.3612699150   0.0000108908   0.0000145313   0.0000216744
   7.3757037776   0.0000128695   0.0000112021   0.0000224533
   7.3901376402   0.0000146061   0.0000083795   0.0000226351
   7.4045715027   0.0000159664   0.0000058655   0.0000222123
   7.4190053653   0.0000168471   0.0000034530   0.0000212612
   7.4334392279   0.0000171875   0.0000009863   0.0000199612
   7.4478730905   0.0000169575  -0.0000016028   0.0000185798
   7.4623069531   0.0000161278  -0.0000042914   0.0000174106
   7.4767408156   0.0000146454  -0.0000069890   0.0000166748
   7.4911746782   0.0000124387  -0.0000095741   0.0000164262
   7.5056085408   0.0000094594  -0.0000119302   0.0000165079
   7.5200424034   0.0000057427  -0.0000139700   0.0000165896
   7.5344762660   0.0000014509  -0.0000156441   0.0000162828
   7.5489101285  -0.0000031241  -0.0000169375   0.0000152916
   7.5633439911  -0.0000075995  -0.0000178604   0.0000135378
   7.5777778537  -0.0000115621  -0.0000184416   0.0000112044
   7.5922117163  -0.0000146299  -0.0000187287   0.0000086759
   7.6066455788  -0.0000165050  -0.0000187915   0.0000063943
   7.6210794414  -0.0000170206  -0.0000187206   0.0000046912
   7.6355133040  -0.0000161787  -0.0000186123   0.0000036682
   7.6499471666  -0.0000141640  -0.0000185425   0.0000031802
   7.6643810292  -0.0000113155  -0.0000185388   0.0000029282
   7.6788148917  -0.0000080530  -0.0000185687   0.0000026115
   7.6932487543  -0.0000047817  -0.0000185496   0.0000020649
   7.7076826169  -0.0000018156  -0.0000183799   0.0000013155
   7.7221164795   0.0000006508  -0.0000179738   0.0000005380
   7.7365503421   0.0000025213  -0.0000172872  -0.0000000559
   7.7509842046   0.0000037559  -0.0000163243  -0.0000003344
   7.7654180672   0.0000043417  -0.0000151296  -0.0000003109
   7.7798519298   0.0000042896  -0.0000137755  -0.0000001343
   7.7942857924   0.0000036502  -0.0000123490  -0.0000000207
   7.8087196549   0.0000025281  -0.0000109419  -0.0000001622
   7.8231535175   0.0000010849  -0.0000096375  -0.0000006551
   7.8375873801  -0.0000004692  -0.0000084943  -0.0000014717
   7.8520212427  -0.0000018880  -0.0000075310  -0.0000024818
   7.8664551053  -0.0000029115  -0.0000067208  -0.0000035092
   7.8808889678  -0.0000033063  -0.0000060002  -0.0000043955
   7.8953228304  -0.0000029271  -0.0000052919  -0.0000050479
   7.9097566930  -0.0000017794  -0.0000045303  -0.0000054525
   7.9241905556  -0.0000000519  -0.0000036790  -0.0000056557
   7.9386244181   0.0000019113  -0.0000027350  -0.0000057277
   7.9530582807   0.0000036969  -0.0000017200  -0.0000057267
   7.9674921433   0.0000049376  -0.0000006687  -0.0000056795
   7.9819260059   0.0000054122   0.0000003831  -0.0000055815
