   0.0000000000   0.0000000000   0.0000000000   0.0000000000
   0.0144338626   0.0000000000   0.0000000000   0.0000000000
   0.0288677252   0.0000000000  -0.0000000000   0.0000000000
   0.0433015877   0.0000000000  -0.0000000000   0.0000000000
   0.0577354503  -0.0000000000  -0.0000000000  -0.0000000000
   0.0721693129  -0.0000000000  -0.0000000000  -0.0000000000
   0.0866031755  -0.0000000000  -0.0000000000  -0.0000000000
   0.1010370380   0.0000000000   0.0000000000   0.0000000000
   0.1154709006   0.0000000000   0.0000000000   0.0000000000
   0.1299047632  -0.0000000000  -0.0000000000  -0.0000000000
   0.1443386258  -0.0000000000  -0.0000000000  -0.0000000000
   0.1587724884   0.0000000000   0.0000000000   0.0000000000
   0.1732063509   0.0000000001   0.0000000001   0.0000000001
   0.1876402135   0.0000000002   0.0000000002   0.0000000002
   0.2020740761  -0.0000000001  -0.0000000001  -0.0000000001
   0.2165079387  -0.0000000012  -0.0000000010  -0.0000000012
   0.2309418013  -0.0000000011  -0.0000000010  -0.0000000011
   0.2453756638   0.0000000048   0.0000000034   0.0000000048
   0.2598095264   0.0000000125   0.0000000096   0.0000000125
   0.2742433890  -0.0000000045  -0.0000000021  -0.0000000045
   0.2886772516  -0.0000000686  -0.0000000481  -0.0000000686
   0.3031111141  -0.0000000923  -0.0000000670  -0.0000000923
   0.3175449767   0.0000001710   0.0000001119   0.0000001710
   0.3319788393   0.0000007729   0.0000005086   0.0000007729
   0.3464127019   0.0000007474   0.0000004220   0.0000007474
   0.3608465645  -0.0000020188  -0.0000015917  -0.0000020188
   0.3752804270  -0.0000079931  -0.0000056349  -0.0000079931
   0.3897142896  -0.0000101182  -0.0000063209  -0.0000101182
   0.4041481522   0.0000084906   0.0000084819   0.0000084906
   0.4185820148   0.0000604771   0.0000469192   0.0000604771
   0.4330158774   0.0001184774   0.0000870474   0.0001184774
   0.4474497399   0.0000810713   0.0000526277   0.0000810713
   0.4618836025  -0.0002025273  -0.0001681553  -0.0002025273
   0.4763174651  -0.0007955390  -0.0006223394  -0.0007955390
   0.4907513277  -0.0014445775  -0.0011225407  -0.0014445775
   0.5051851902  -0.0013958216  -0.0011025321  -0.0013958216
   0.5196190528   0.0005416772   0.0003585590   0.0005416772
   0.5340529154   0.0055690734   0.0042507579   0.0055690734
   0.5484867780   0.0142199089   0.0111443184   0.0142199089
   0.5629206406   0.0257709862   0.0207154242   0.0257709862
   0.5773545031   0.0381184272   0.0315531827   0.0381184272
   0.5917883657   0.0482785426   0.0414007495   0.0482785426
   0.6062222283   0.0533373492   0.0477753183   0.0533373492
   0.6206560909   0.0514466965   0.0487407283   0.0514466965
   0.6350899535   0.0424780781   0.0435590343   0.0424780781
   0.6495238160   0.0281337352   0.0330107277   0.0281337352
   0.6639576786   0.0115176327   0.0192806065   0.0115176327
   0.6783915412  -0.0037037696   0.0054177121  -0.0037037696
   0.6928254038  -0.0143360653  -0.0055008075  -0.0143360653
   0.7072592663  -0.0185809961  -0.0112464816  -0.0185809961
   0.7216931289  -0.0165014721  -0.0110376285  -0.0165014721
   0.7361269915  -0.0098024580  -0.0056211546  -0.0098024580
   0.7505608541  -0.0010111732   0.0031709500  -0.0010111732
   0.7649947167   0.0075384305   0.0131477476   0.0075384305
   0.7794285792   0.0144201597   0.0224168311   0.0144201597
   0.7938624418   0.0192552272   0.0297236075   0.0192552272
   0.8082963044   0.0223711068   0.0344442853   0.0223711068
   0.8227301670   0.0243089731   0.0363803442   0.0243089731
   0.8371640296   0.0254735394   0.0355348394   0.0254735394
   0.8515978921   0.0260131660   0.0319730201   0.0260131660
   0.8660317547   0.0258500960   0.0257819363   0.0258500960
   0.8804656173   0.0247604754   0.0171074545   0.0247604754
   0.8948994799   0.0224726458   0.0062458066   0.0224726458
   0.9093333424   0.0187908859  -0.0062437212   0.0187908859
   0.9237672050   0.0137209715  -0.0194646160   0.0137209715
   0.9382010676   0.0075349428  -0.0322135148   0.0075349428
   0.9526349302   0.0007321951  -0.0431404951   0.0007321951
   0.9670687928  -0.0060783122  -0.0509970752  -0.0060783122
   0.9815026553  -0.0123032829  -0.0548852571  -0.0123032829
   0.9959365179  -0.0174440960  -0.0544293207  -0.0174440960
   1.0103703805  -0.0211310211  -0.0498368827  -0.0211310211
   1.0248042431  -0.0231462679  -0.0418565467  -0.0231462679
   1.0392381056  -0.0234529891  -0.0316532152  -0.0234529891
   1.0536719682  -0.0222113277  -0.0206192178  -0.0222113277
   1.0681058308  -0.0197518385  -0.0101435652  -0.0197518385
   1.0825396934  -0.0165026409  -0.0013799215  -0.0165026409
   1.0969735560  -0.0129008328   0.0049306618  -0.0129008328
   1.1114074185  -0.0093268715   0.0085349802  -0.0093268715
   1.1258412811  -0.0060776179   0.0096288323  -0.0060776179
   1.1402751437  -0.0033643363   0.0087331865  -0.0033643363
   1.1547090063  -0.0013129890   0.0065364917  -0.0013129890
   1.1691428689   0.0000409621   0.0037485911   0.0000409621
   1.1835767314   0.0007519993   0.0009901880   0.0007519993
   1.1980105940   0.0009443994  -0.0012769783   0.0009443994
   1.2124444566   0.0007740055  -0.0027814594   0.0007740055
   1.2268783192   0.0003898162  -0.0034379482   0.0003898162
   1.2413121817  -0.0000861716  -0.0033136107  -0.0000861716
   1.2557460443  -0.0005580124  -0.0025774653  -0.0005580124
   1.2701799069  -0.0009472300  -0.0014492645  -0.0009472300
   1.2846137695  -0.0011922388  -0.0001598062  -0.0011922388
   1.2990476321  -0.0012590107   0.0010759699  -0.0012590107
   1.3134814946  -0.0011523943   0.0020796556  -0.0011523943
   1.3279153572  -0.0009151404   0.0027293504  -0.0009151404
   1.3423492198  -0.0006117158   0.0029767300  -0.0006117158
   1.3567830824  -0.0003060032   0.0028527752  -0.0003060032
   1.3712169450  -0.0000452493   0.0024552883  -0.0000452493
   1.3856508075   0.0001442924   0.0019195810   0.0001442924
   1.4000846701   0.0002539189   0.0013820358   0.0002539189
   1.4145185327   0.0002883988   0.0009487746   0.0002883988
   1.4289523953   0.0002641607   0.0006778032   0.0002641607
   1.4433862578   0.0002067599   0.0005765739   0.0002067599
   1.4578201204   0.0001437854   0.0006120457   0.0001437854
   1.4722539830   0.0000943451   0.0007283182   0.0000943451
   1.4866878456   0.0000616069   0.0008665827   0.0000616069
   1.5011217082   0.0000345470   0.0009821722   0.0000345470
   1.5155555707  -0.0000014031   0.0010541088  -0.0000014031
   1.5299894333  -0.0000521279   0.0010847032  -0.0000521279
   1.5444232959  -0.0001096171   0.0010904664  -0.0001096171
   1.5588571585  -0.0001568124   0.0010891963  -0.0001568124
   1.5732910211  -0.0001780647   0.0010894606  -0.0001780647
   1.5877248836  -0.0001675176   0.0010869646  -0.0001675176
   1.6021587462  -0.0001306933   0.0010685316  -0.0001306933
   1.6165926088  -0.0000802790   0.0010207725  -0.0000802790
   1.6310264714  -0.0000304735   0.0009387002  -0.0000304735
   1.6454603339   0.0000067842   0.0008300961   0.0000067842
   1.6598941965   0.0000236043   0.0007137985   0.0000236043
   1.6743280591   0.0000175668   0.0006130103   0.0000175668
   1.6887619217  -0.0000067833   0.0005468643  -0.0000067833
   1.7031957843  -0.0000380425   0.0005238868  -0.0000380425
   1.7176296468  -0.0000615260   0.0005396856  -0.0000615260
   1.7320635094  -0.0000657432   0.0005791270  -0.0000657432
   1.7464973720  -0.0000482946   0.0006216652  -0.0000482946
   1.7609312346  -0.0000172676   0.0006478900  -0.0000172676
   1.7753650971   0.0000130619   0.0006454421   0.0000130619
   1.7897989597   0.0000296260   0.0006126672   0.0000296260
   1.8042328223   0.0000266294   0.0005587169   0.0000266294
   1.8186666849   0.0000072077   0.0004997137   0.0000072077
   1.8331005475  -0.0000192819   0.0004521830  -0.0000192819
   1.8475344100  -0.0000419364   0.0004264791  -0.0000419364
   1.8619682726  -0.0000523585   0.0004232048  -0.0000523585
   1.8764021352  -0.0000468652   0.0004341472  -0.0000468652
   1.8908359978  -0.0000269960   0.0004468563  -0.0000269960
   1.9052698604   0.0000011790   0.0004502451   0.0000011790
   1.9197037229   0.0000287953   0.0004385708   0.0000287953
   1.9341375855   0.0000469588   0.0004125734   0.0000469588
   1.9485714481   0.0000500013   0.0003781737   0.0000500013
   1.9630053107   0.0000379537   0.0003438863   0.0000379537
   1.9774391732   0.0000168410   0.0003179268   0.0000168410
   1.9918730358  -0.0000036996   0.0003055897  -0.0000036996
   2.0063068984  -0.0000145358   0.0003074200  -0.0000145358
   2.0207407610  -0.0000109136   0.0003188673  -0.0000109136
   2.0351746236   0.0000057855   0.0003318965   0.0000057855
   2.0496084861   0.0000290995   0.0003381865   0.0000290995
   2.0640423487   0.0000505743   0.0003325568   0.0000505743
   2.0784762113   0.0000632363   0.0003149461   0.0000632363
   2.0929100739   0.0000639414   0.0002900091   0.0000639414
   2.1073439365   0.0000539429   0.0002647269   0.0000539429
   2.1217777990   0.0000379222   0.0002454100   0.0000379222
   2.1362116616   0.0000221683   0.0002355157   0.0000221683
   2.1506455242   0.0000125561   0.0002349548   0.0000125561
   2.1650793868   0.0000127606   0.0002407055   0.0000127606
   2.1795132493   0.0000230662   0.0002481440   0.0000230662
   2.1939471119   0.0000401574   0.0002525775   0.0000401574
   2.2083809745   0.0000581671   0.0002506614   0.0000581671
   2.2228148371   0.0000708249   0.0002414271   0.0000708249
   2.2372486997   0.0000739415   0.0002265891   0.0000739415
   2.2516825622   0.0000671141   0.0002098975   0.0000671141
   2.2661164248   0.0000537988   0.0001956747   0.0000537988
   2.2805502874   0.0000397099   0.0001871172   0.0000397099
   2.2949841500   0.0000303731   0.0001851131   0.0000303731
   2.3094180126   0.0000290265   0.0001880812   0.0000290265
   2.3238518751   0.0000357229   0.0001928151   0.0000357229
   2.3382857377   0.0000477558   0.0001958630   0.0000477558
   2.3527196003   0.0000609242   0.0001948126   0.0000609242
   2.3671534629   0.0000709983   0.0001890044   0.0000709983
   2.3815873254   0.0000749569   0.0001795179   0.0000749569
   2.3960211880   0.0000718123   0.0001685717   0.0000718123
   2.4104550506   0.0000629103   0.0001586514   0.0000629104
   2.4248889132   0.0000515635   0.0001516907   0.0000515636
   2.4393227758   0.0000419685   0.0001485326   0.0000419685
   2.4537566383   0.0000376691   0.0001487645   0.0000376690
   2.4681905009   0.0000401644   0.0001509209   0.0000401643
   2.4826243635   0.0000483216   0.0001529901   0.0000483215
   2.4970582261   0.0000589049   0.0001530985   0.0000589049
   2.5114920887   0.0000679632   0.0001501719   0.0000679634
   2.5259259512   0.0000723974   0.0001443216   0.0000723979
   2.5403598138   0.0000710156   0.0001367648   0.0000710163
   2.5547936764   0.0000647301   0.0001292894   0.0000647305
   2.5692275390   0.0000559906   0.0001235062   0.0000559903
   2.5836614015   0.0000478159   0.0001202447   0.0000478147
   2.5980952641   0.0000428067   0.0001193519   0.0000428049
   2.6125291267   0.0000423956   0.0001199124   0.0000423940
   2.6269629893   0.0000464726   0.0001207005   0.0000464727
   2.6413968519   0.0000534512   0.0001206200   0.0000534538
   2.6558307144   0.0000607816   0.0001189889   0.0000607866
   2.6702645770   0.0000658085   0.0001156555   0.0000658138
   2.6846984396   0.0000667124   0.0001109927   0.0000667145
   2.6991323022   0.0000631820   0.0001057882   0.0000631776
   2.7135661647   0.0000565187   0.0001010177   0.0000565069
   2.7280000273   0.0000491044   0.0000975193   0.0000490889
   2.7424338899   0.0000434574   0.0000956709   0.0000434465
   2.7568677525   0.0000412871   0.0000952324   0.0000412908
   2.7713016151   0.0000429414   0.0000954563   0.0000429653
   2.7857354776   0.0000474192   0.0000954267   0.0000474588
   2.8001693402   0.0000528608   0.0000944474   0.0000528988
   2.8146032028   0.0000572519   0.0000922806   0.0000572629
   2.8290370654   0.0000590681   0.0000891461   0.0000590307
   2.8434709280   0.0000576867   0.0000855426   0.0000575998
   2.8579047905   0.0000535074   0.0000820264   0.0000534006
   2.8723386531   0.0000477947   0.0000790529   0.0000477252
   2.8867725157   0.0000422850   0.0000768934   0.0000423148
   2.9012063783   0.0000386399   0.0000755965   0.0000387991
   2.9156402408   0.0000378867   0.0000749735   0.0000381398
   2.9300741034   0.0000400417   0.0000746361   0.0000402786
   2.9445079660   0.0000440815   0.0000741091   0.0000441509
   2.9589418286   0.0000483102   0.0000729984   0.0000480930
   2.9733756912   0.0000509891   0.0000711370   0.0000504847
   2.9878095537   0.0000509741   0.0000686366   0.0000503531
   3.0022434163   0.0000481069   0.0000658219   0.0000476837
   3.0166772789   0.0000432301   0.0000630931   0.0000433381
   3.0311111415   0.0000378609   0.0000607912   0.0000386653
   3.0455450041   0.0000336711   0.0000591156   0.0000350032
   3.0599788666   0.0000319400   0.0000581006   0.0000332589
   3.0744127292   0.0000331192   0.0000576231   0.0000336731
   3.0888465918   0.0000366190   0.0000574206   0.0000357887
   3.1032804544   0.0000409108   0.0000571211   0.0000386085
   3.1177143169   0.0000439894   0.0000563135   0.0000409085
   3.1321481795   0.0000441236   0.0000546736   0.0000416456
   3.1465820421   0.0000406480   0.0000521217   0.0000403376
   3.1610159047   0.0000344383   0.0000489420   0.0000372634
   3.1754497673   0.0000277607   0.0000457716   0.0000333670
   3.1898836298   0.0000234301   0.0000434137   0.0000298796
   3.2043174924   0.0000235548   0.0000425110   0.0000278140
   3.2187513550   0.0000284071   0.0000432060   0.0000275604
   3.2331852176   0.0000359902   0.0000449549   0.0000287651
   3.2476190802   0.0000426199   0.0000466184   0.0000305299
   3.2620529427   0.0000444057   0.0000468486   0.0000318218
   3.2764868053   0.0000390762   0.0000446541   0.0000318999
   3.2909206679   0.0000273537   0.0000399263   0.0000305850
   3.3053545305   0.0000131668   0.0000336792   0.0000282826
   3.3197883930   0.0000024081   0.0000278375   0.0000257746
   3.3342222556   0.0000005583   0.0000245716   0.0000238748
   3.3486561182   0.0000100765   0.0000253837   0.0000230815
   3.3630899808   0.0000287164   0.0000303069   0.0000233597
   3.3775238434   0.0000497030   0.0000376004   0.0000241465
   3.3919577059   0.0000639967   0.0000441770   0.0000245947
   3.4063915685   0.0000639391   0.0000467027   0.0000239690
   3.4208254311   0.0000468220   0.0000429912   0.0000220255
   3.4352592937   0.0000167522   0.0000331107   0.0000191849
   3.4496931563  -0.0000162441   0.0000196685   0.0000163909
   3.4641270188  -0.0000397833   0.0000070403   0.0000146923
   3.4785608814  -0.0000440423  -0.0000002342   0.0000147379
   3.4929947440  -0.0000259926   0.0000007302   0.0000164306
   3.5074286066   0.0000089243   0.0000098929   0.0000189203
   3.5218624691   0.0000485329   0.0000241298   0.0000209467
   3.5362963317   0.0000784703   0.0000383011   0.0000213762
   3.5507301943   0.0000877111   0.0000471414   0.0000196816
   3.5651640569   0.0000727948   0.0000472232   0.0000161540
   3.5795979195   0.0000390338   0.0000382150   0.0000117675
   3.5940317820  -0.0000017326   0.0000229508   0.0000077770
   3.6084656446  -0.0000358151   0.0000063109   0.0000052342
   3.6228995072  -0.0000527962  -0.0000066067   0.0000046239
   3.6373333698  -0.0000490359  -0.0000122883   0.0000057465
   3.6517672323  -0.0000283034  -0.0000098909   0.0000078624
   3.6662010949   0.0000004390  -0.0000012589   0.0000100126
   3.6806349575   0.0000269113   0.0000100261   0.0000113720
   3.6950688201   0.0000433153   0.0000200858   0.0000115014
   3.7095026827   0.0000465782   0.0000260639   0.0000104170
   3.7239365452   0.0000384216   0.0000268490   0.0000084810
   3.7383704078   0.0000236482   0.0000230482   0.0000061879
   3.7528042704   0.0000077169   0.0000163883   0.0000039600
   3.7672381330  -0.0000052428   0.0000089085   0.0000020411
   3.7816719956  -0.0000132862   0.0000023034   0.0000005140
   3.7961058581  -0.0000163813  -0.0000023993  -0.0000006085
   3.8105397207  -0.0000155369  -0.0000048379  -0.0000013030
   3.8249735833  -0.0000119867  -0.0000051438  -0.0000015292
   3.8394074459  -0.0000068260  -0.0000037566  -0.0000012982
   3.8538413084  -0.0000010795  -0.0000013030  -0.0000007524
   3.8682751710   0.0000041146   0.0000014768  -0.0000001852
   3.8827090336   0.0000075289   0.0000038189   0.0000000376
   3.8971428962   0.0000081786   0.0000050807  -0.0000003800
   3.9115767588   0.0000057750   0.0000049087  -0.0000015324
   3.9260106213   0.0000009827   0.0000033517  -0.0000032645
   3.9404444839  -0.0000047409   0.0000008447  -0.0000052308
   3.9548783465  -0.0000096964  -0.0000019514  -0.0000070298
   3.9693122091  -0.0000126190  -0.0000043922  -0.0000083462
   3.9837460717  -0.0000131387  -0.0000060691  -0.0000090430
   3.9981799342  -0.0000118116  -0.0000069092  -0.0000091795
   4.0126137968  -0.0000097437  -0.0000071266  -0.0000089661
   4.0270476594  -0.0000080392  -0.0000070669  -0.0000086862
   4.0414815220  -0.0000073622  -0.0000070363  -0.0000086134
   4.0559153845  -0.0000077988  -0.0000071956  -0.0000089420
   4.0703492471  -0.0000090187  -0.0000075547  -0.0000097424
   4.0847831097  -0.0000105768  -0.0000080420  -0.0000109479
   4.0992169723  -0.0000121581  -0.0000085900  -0.0000123779
   4.1136508349  -0.0000136434  -0.0000091838  -0.0000137928
   4.1280846974  -0.0000150154  -0.0000098507  -0.0000149657
   4.1425185600  -0.0000162188  -0.0000106132  -0.0000157486
   4.1569524226  -0.0000171019  -0.0000114441  -0.0000161139
   4.1713862852  -0.0000174866  -0.0000122604  -0.0000161584
   4.1858201478  -0.0000173133  -0.0000129613  -0.0000160717
   4.2002540103  -0.0000167458  -0.0000134843  -0.0000160785
   4.2146878729  -0.0000161478  -0.0000138430  -0.0000163705
   4.2291217355  -0.0000159284  -0.0000141196  -0.0000170478
   4.2435555981  -0.0000163439  -0.0000144186  -0.0000180868
   4.2579894606  -0.0000173781  -0.0000148127  -0.0000193491
   4.2724233232  -0.0000187727  -0.0000153164  -0.0000206295
   4.2868571858  -0.0000201905  -0.0000159016  -0.0000217291
   4.3012910484  -0.0000214092  -0.0000165383  -0.0000225259
   4.3157249110  -0.0000224268  -0.0000172278  -0.0000230141
   4.3301587735  -0.0000234217  -0.0000180019  -0.0000232953
   4.3445926361  -0.0000245976  -0.0000188885  -0.0000235272
   4.3590264987  -0.0000260179  -0.0000198682  -0.0000238534
   4.3734603613  -0.0000275300  -0.0000208538  -0.0000243476
   4.3878942239  -0.0000288205  -0.0000217101  -0.0000249938
   4.4023280864  -0.0000295601  -0.0000223037  -0.0000257070
   4.4167619490  -0.0000295495  -0.0000225569  -0.0000263782
   4.4311958116  -0.0000287928  -0.0000224778  -0.0000269209
   4.4456296742  -0.0000274792  -0.0000221544  -0.0000273035
   4.4600635367  -0.0000259111  -0.0000217234  -0.0000275608
   4.4744973993  -0.0000244319  -0.0000213342  -0.0000277887
   4.4889312619  -0.0000233836  -0.0000211232  -0.0000281239
   4.5033651245  -0.0000230846  -0.0000212030  -0.0000287088
   4.5177989871  -0.0000237950  -0.0000216572  -0.0000296449
   4.5322328496  -0.0000256524  -0.0000225292  -0.0000309446
   4.5466667122  -0.0000285931  -0.0000238042  -0.0000325033
   4.5611005748  -0.0000323046  -0.0000253934  -0.0000341099
   4.5755344374  -0.0000362520  -0.0000271344  -0.0000354991
   4.5899682999  -0.0000397914  -0.0000288156  -0.0000364304
   4.6044021625  -0.0000423361  -0.0000302205  -0.0000367638
   4.6188360251  -0.0000435139  -0.0000311767  -0.0000365035
   4.6332698877  -0.0000432537  -0.0000315919  -0.0000357983
   4.6477037503  -0.0000417753  -0.0000314686  -0.0000349039
   4.6621376128  -0.0000395016  -0.0000308951  -0.0000341222
   4.6765714754  -0.0000369388  -0.0000300241  -0.0000337339
   4.6910053380  -0.0000345740  -0.0000290448  -0.0000339390
   4.7054392006  -0.0000328085  -0.0000281554  -0.0000348144
   4.7198730632  -0.0000319242  -0.0000275379  -0.0000362980
   4.7343069257  -0.0000320636  -0.0000273337  -0.0000382051
   4.7487407883  -0.0000332175  -0.0000276229  -0.0000402718
   4.7631746509  -0.0000352257  -0.0000284110  -0.0000422145
   4.7776085135  -0.0000378044  -0.0000296261  -0.0000437889
   4.7920423760  -0.0000406016  -0.0000311297  -0.0000448339
   4.8064762386  -0.0000432669  -0.0000327421  -0.0000452937
   4.8209101012  -0.0000455154  -0.0000342755  -0.0000452178
   4.8353439638  -0.0000471663  -0.0000355700  -0.0000447424
   4.8497778264  -0.0000481543  -0.0000365210  -0.0000440592
   4.8642116889  -0.0000485165  -0.0000370910  -0.0000433806
   4.8786455515  -0.0000483659  -0.0000373040  -0.0000429070
   4.8930794141  -0.0000478599  -0.0000372290  -0.0000428002
   4.9075132767  -0.0000471738  -0.0000369600  -0.0000431642
   4.9219471393  -0.0000464829  -0.0000365992  -0.0000440305
   4.9363810018  -0.0000459511  -0.0000362443  -0.0000453499
   4.9508148644  -0.0000457184  -0.0000359770  -0.0000469930
   4.9652487270  -0.0000458801  -0.0000358533  -0.0000487647
   4.9796825896  -0.0000464603  -0.0000358960  -0.0000504319
   4.9941164521  -0.0000473969  -0.0000360964  -0.0000517608
   5.0085503147  -0.0000485537  -0.0000364243  -0.0000525570
   5.0229841773  -0.0000497623  -0.0000368437  -0.0000527071
   5.0374180399  -0.0000508755  -0.0000373267  -0.0000522132
   5.0518519025  -0.0000518047  -0.0000378608  -0.0000512148
   5.0662857650  -0.0000525283  -0.0000384462  -0.0000499835
   5.0807196276  -0.0000530723  -0.0000390864  -0.0000488846
   5.0951534902  -0.0000534857  -0.0000397765  -0.0000483063
   5.1095873528  -0.0000538218  -0.0000404947  -0.0000485738
   5.1240212154  -0.0000541312  -0.0000412007  -0.0000498704
   5.1384550779  -0.0000544553  -0.0000418424  -0.0000521844
   5.1528889405  -0.0000548193  -0.0000423685  -0.0000552914
   5.1673228031  -0.0000552260  -0.0000427410  -0.0000587755
   5.1817566657  -0.0000556587  -0.0000429433  -0.0000620868
   5.1961905282  -0.0000560953  -0.0000429840  -0.0000646332
   5.2106243908  -0.0000565267  -0.0000428955  -0.0000658945
   5.2250582534  -0.0000569695  -0.0000427321  -0.0000655362
   5.2394921160  -0.0000574667  -0.0000425645  -0.0000634980
   5.2539259786  -0.0000580741  -0.0000424710  -0.0000600331
   5.2683598411  -0.0000588371  -0.0000425212  -0.0000556895
   5.2827937037  -0.0000597625  -0.0000427585  -0.0000512361
   5.2972275663  -0.0000607979  -0.0000431855  -0.0000475475
   5.3116614289  -0.0000618303  -0.0000437623  -0.0000454638
   5.3260952914  -0.0000627097  -0.0000444163  -0.0000456454
   5.3405291540  -0.0000632944  -0.0000450624  -0.0000484443
   5.3549630166  -0.0000634973  -0.0000456232  -0.0000538140
   5.3693968792  -0.0000633177  -0.0000460449  -0.0000612750
   5.3838307418  -0.0000628460  -0.0000463051  -0.0000699445
   5.3982646043  -0.0000622466  -0.0000464141  -0.0000786336
   5.4126984669  -0.0000617293  -0.0000464113  -0.0000860033
   5.4271323295  -0.0000615128  -0.0000463575  -0.0000907627
   5.4415661921  -0.0000617859  -0.0000463231  -0.0000918825
   5.4560000547  -0.0000626642  -0.0000463741  -0.0000887917
   5.4704339172  -0.0000641550  -0.0000465577  -0.0000815225
   5.4848677798  -0.0000661408  -0.0000468914  -0.0000707751
   5.4993016424  -0.0000683926  -0.0000473601  -0.0000578873
   5.5137355050  -0.0000706117  -0.0000479207  -0.0000446995
   5.5281693675  -0.0000724893  -0.0000485138  -0.0000333237
   5.5426032301  -0.0000737665  -0.0000490774  -0.0000258352
   5.5570370927  -0.0000742831  -0.0000495592  -0.0000239294
   5.5714709553  -0.0000740029  -0.0000499246  -0.0000286014
   5.5859048179  -0.0000730158  -0.0000501597  -0.0000399096
   5.6003386804  -0.0000715178  -0.0000502717  -0.0000568756
   5.6147725430  -0.0000697782  -0.0000502853  -0.0000775461
   5.6292064056  -0.0000681009  -0.0000502371  -0.0000992173
   5.6436402682  -0.0000667854  -0.0000501685  -0.0001188011
   5.6580741308  -0.0000660882  -0.0000501179  -0.0001332841
   5.6725079933  -0.0000661880  -0.0000501148  -0.0001402138
   5.6869418559  -0.0000671584  -0.0000501782  -0.0001381290
   5.7013757185  -0.0000689572  -0.0000503165  -0.0001268520
   5.7158095811  -0.0000714348  -0.0000505288  -0.0001075835
   5.7302434436  -0.0000743577  -0.0000508071  -0.0000827755
   5.7446773062  -0.0000774379  -0.0000511381  -0.0000557986
   5.7591111688  -0.0000803627  -0.0000515067  -0.0000304540
   5.7735450314  -0.0000828264  -0.0000519007  -0.0000104028
   5.7879788940  -0.0000845670  -0.0000523118   0.0000013972
   5.8024127565  -0.0000854059  -0.0000527345   0.0000031539
   5.8168466191  -0.0000852804  -0.0000531612  -0.0000054789
   5.8312804817  -0.0000842576  -0.0000535795  -0.0000233529
   5.8457143443  -0.0000825265  -0.0000539722  -0.0000480138
   5.8601482069  -0.0000803715  -0.0000543204  -0.0000760895
   5.8745820694  -0.0000781353  -0.0000546070  -0.0001038107
   5.8890159320  -0.0000761725  -0.0000548175  -0.0001275792
   5.9034497946  -0.0000747976  -0.0000549407  -0.0001444949
   5.9178836572  -0.0000742338  -0.0000549703  -0.0001527579
   5.9323175197  -0.0000745749  -0.0000549098  -0.0001518828
   5.9467513823  -0.0000757762  -0.0000547761  -0.0001426944
   5.9611852449  -0.0000776744  -0.0000545999  -0.0001271167
   5.9756191075  -0.0000800270  -0.0000544203  -0.0001078046
   5.9900529701  -0.0000825571  -0.0000542775  -0.0000876901
   6.0044868326  -0.0000849934  -0.0000542060  -0.0000695211
   6.0189206952  -0.0000871054  -0.0000542325  -0.0000554657
   6.0333545578  -0.0000887342  -0.0000543755  -0.0000468434
   6.0477884204  -0.0000898126  -0.0000546437  -0.0000440187
   6.0622222830  -0.0000903669  -0.0000550348  -0.0000464670
   6.0766561455  -0.0000904956  -0.0000555334  -0.0000529833
   6.0910900081  -0.0000903336  -0.0000561116  -0.0000619824
   6.1055238707  -0.0000900164  -0.0000567320  -0.0000718200
   6.1199577333  -0.0000896568  -0.0000573521  -0.0000810770
   6.1343915958  -0.0000893369  -0.0000579274  -0.0000887575
   6.1488254584  -0.0000891086  -0.0000584158  -0.0000943783
   6.1632593210  -0.0000889973  -0.0000587814  -0.0000979455
   6.1776931836  -0.0000890069  -0.0000589999  -0.0000998370
   6.1921270462  -0.0000891272  -0.0000590633  -0.0001006270
   6.2065609087  -0.0000893455  -0.0000589813  -0.0001008995
   6.2209947713  -0.0000896565  -0.0000587797  -0.0001010942
   6.2354286339  -0.0000900671  -0.0000584967  -0.0001014176
   6.2498624965  -0.0000905929  -0.0000581786  -0.0001018301
   6.2642963590  -0.0000912492  -0.0000578753  -0.0001021042
   6.2787302216  -0.0000920400  -0.0000576361  -0.0001019306
   6.2931640842  -0.0000929515  -0.0000575032  -0.0001010420
   6.3075979468  -0.0000939498  -0.0000575062  -0.0000993204
   6.3220318094  -0.0000949847  -0.0000576569  -0.0000968588
   6.3364656719  -0.0000959971  -0.0000579486  -0.0000939652
   6.3508995345  -0.0000969275  -0.0000583584  -0.0000911065
   6.3653333971  -0.0000977250  -0.0000588525  -0.0000888101
   6.3797672597  -0.0000983550  -0.0000593910  -0.0000875449
   6.3942011223  -0.0000988042  -0.0000599332  -0.0000876128
   6.4086349848  -0.0000990840  -0.0000604408  -0.0000890744
   6.4230688474  -0.0000992280  -0.0000608818  -0.0000917306
   6.4375027100  -0.0000992862  -0.0000612341  -0.0000951633
   6.4519365726  -0.0000993168  -0.0000614881  -0.0000988252
   6.4663704351  -0.0000993772  -0.0000616459  -0.0001021551
   6.4808042977  -0.0000995165  -0.0000617192  -0.0001046894
   6.4952381603  -0.0000997695  -0.0000617242  -0.0001061481
   6.5096720229  -0.0001001509  -0.0000616775  -0.0001064788
   6.5241058855  -0.0001006533  -0.0000615951  -0.0001058529
   6.5385397480  -0.0001012498  -0.0000614925  -0.0001046155
   6.5529736106  -0.0001019026  -0.0000613856  -0.0001032005
   6.5674074732  -0.0001025745  -0.0000612899  -0.0001020294
   6.5818413358  -0.0001032369  -0.0000612192  -0.0001014198
   6.5962751984  -0.0001038728  -0.0000611836  -0.0001015256
   6.6107090609  -0.0001044745  -0.0000611898  -0.0001023205
   6.6251429235  -0.0001050419  -0.0000612427  -0.0001036240
   6.6395767861  -0.0001055830  -0.0000613465  -0.0001051590
   6.6540106487  -0.0001061132  -0.0000615038  -0.0001066241
   6.6684445112  -0.0001066505  -0.0000617133  -0.0001077664
   6.6828783738  -0.0001072066  -0.0000619677  -0.0001084376
   6.6973122364  -0.0001077790  -0.0000622541  -0.0001086237
   6.7117460990  -0.0001083508  -0.0000625566  -0.0001084389
   6.7261799616  -0.0001088983  -0.0000628595  -0.0001080879
   6.7406138241  -0.0001094023  -0.0000631486  -0.0001078079
   6.7550476867  -0.0001098542  -0.0000634121  -0.0001078059
   6.7694815493  -0.0001102562  -0.0000636400  -0.0001082090
   6.7839154119  -0.0001106181  -0.0000638257  -0.0001090369
   6.7983492745  -0.0001109552  -0.0000639671  -0.0001102025
   6.8127831370  -0.0001112881  -0.0000640673  -0.0001115375
   6.8272169996  -0.0001116414  -0.0000641336  -0.0001128355
   6.8416508622  -0.0001120386  -0.0000641745  -0.0001139038
   6.8560847248  -0.0001124946  -0.0000641984  -0.0001146099
   6.8705185873  -0.0001130097  -0.0000642134  -0.0001149124
   6.8849524499  -0.0001135702  -0.0000642269  -0.0001148684
   6.8993863125  -0.0001141539  -0.0000642462  -0.0001146157
   6.9138201751  -0.0001147382  -0.0000642774  -0.0001143369
   6.9282540377  -0.0001153055  -0.0000643237  -0.0001142130
   6.9426879002  -0.0001158465  -0.0000643858  -0.0001143811
   6.9571217628  -0.0001163594  -0.0000644627  -0.0001149032
   6.9715556254  -0.0001168498  -0.0000645536  -0.0001157546
   6.9859894880  -0.0001173280  -0.0000646580  -0.0001168337
   7.0004233506  -0.0001178070  -0.0000647747  -0.0001179888
   7.0148572131  -0.0001182982  -0.0000649010  -0.0001190574
   7.0292910757  -0.0001188083  -0.0000650333  -0.0001199065
   7.0437249383  -0.0001193368  -0.0000651676  -0.0001204641
   7.0581588009  -0.0001198771  -0.0000653015  -0.0001207347
   7.0725926634  -0.0001204185  -0.0000654337  -0.0001207936
   7.0870265260  -0.0001209497  -0.0000655628  -0.0001207645
   7.1014603886  -0.0001214628  -0.0000656868  -0.0001207862
   7.1158942512  -0.0001219546  -0.0000658032  -0.0001209778
   7.1303281138  -0.0001224279  -0.0000659106  -0.0001214106
   7.1447619763  -0.0001228903  -0.0000660089  -0.0001220923
   7.1591958389  -0.0001233516  -0.0000660992  -0.0001229670
   7.1736297015  -0.0001238216  -0.0000661831  -0.0001239315
   7.1880635641  -0.0001243068  -0.0000662611  -0.0001248634
   7.2024974266  -0.0001248097  -0.0000663340  -0.0001256538
   7.2169312892  -0.0001253287  -0.0000664030  -0.0001262357
   7.2313651518  -0.0001258588  -0.0000664704  -0.0001265993
   7.2457990144  -0.0001263940  -0.0000665391  -0.0001267913
   7.2602328770  -0.0001269285  -0.0000666109  -0.0001269002
   7.2746667395  -0.0001274580  -0.0000666864  -0.0001270323
   7.2891006021  -0.0001279799  -0.0000667653  -0.0001272842
   7.3035344647  -0.0001284941  -0.0000668471  -0.0001277192
   7.3179683273  -0.0001290025  -0.0000669310  -0.0001283513
   7.3324021899  -0.0001295083  -0.0000670165  -0.0001291431
   7.3468360524  -0.0001300158  -0.0000671022  -0.0001300166
   7.3612699150  -0.0001305282  -0.0000671870  -0.0001308754
   7.3757037776  -0.0001310469  -0.0000672700  -0.0001316313
   7.3901376402  -0.0001315709  -0.0000673511  -0.0001322279
   7.4045715027  -0.0001320980  -0.0000674309  -0.0001326530
   7.4190053653  -0.0001326259  -0.0000675097  -0.0001329397
   7.4334392279  -0.0001331535  -0.0000675879  -0.0001331552
   7.4478730905  -0.0001336806  -0.0000676653  -0.0001333822
   7.4623069531  -0.0001342069  -0.0000677419  -0.0001336974
   7.4767408156  -0.0001347320  -0.0000678178  -0.0001341514
   7.4911746782  -0.0001352549  -0.0000678930  -0.0001347570
   7.5056085408  -0.0001357754  -0.0000679667  -0.0001354864
   7.5200424034  -0.0001362945  -0.0000680381  -0.0001362802
   7.5344762660  -0.0001368141  -0.0000681067  -0.0001370649
   7.5489101285  -0.0001373363  -0.0000681728  -0.0001377727
   7.5633439911  -0.0001378625  -0.0000682376  -0.0001383601
   7.5777778537  -0.0001383927  -0.0000683019  -0.0001388176
   7.5922117163  -0.0001389267  -0.0000683664  -0.0001391706
   7.6066455788  -0.0001394640  -0.0000684311  -0.0001394715
   7.6210794414  -0.0001400044  -0.0000684962  -0.0001397844
   7.6355133040  -0.0001405469  -0.0000685617  -0.0001401675
   7.6499471666  -0.0001410899  -0.0000686277  -0.0001406582
   7.6643810292  -0.0001416311  -0.0000686938  -0.0001412638
   7.6788148917  -0.0001421686  -0.0000687592  -0.0001419602
   7.6932487543  -0.0001427021  -0.0000688233  -0.0001427007
   7.7076826169  -0.0001432330  -0.0000688856  -0.0001434290
   7.7221164795  -0.0001437635  -0.0000689465  -0.0001440954
   7.7365503421  -0.0001442964  -0.0000690066  -0.0001446695
   7.7509842046  -0.0001448341  -0.0000690663  -0.0001451470
   7.7654180672  -0.0001453780  -0.0000691257  -0.0001455500
   7.7798519298  -0.0001459281  -0.0000691846  -0.0001459193
   7.7942857924  -0.0001464831  -0.0000692431  -0.0001463033
   7.8087196549  -0.0001470400  -0.0000693012  -0.0001467444
   7.8231535175  -0.0001475952  -0.0000693589  -0.0001472680
   7.8375873801  -0.0001481465  -0.0000694160  -0.0001478766
   7.8520212427  -0.0001486933  -0.0000694721  -0.0001485497
   7.8664551053  -0.0001492368  -0.0000695269  -0.0001492513
   7.8808889678  -0.0001497790  -0.0000695803  -0.0001499397
   7.8953228304  -0.0001503222  -0.0000696327  -0.0001505788
   7.9097566930  -0.0001508685  -0.0000696844  -0.0001511476
   7.9241905556  -0.0001514200  -0.0000697360  -0.0001516453
   7.9386244181  -0.0001519780  -0.0000697874  -0.0001520905
   7.9530582807  -0.0001525425  -0.0000698387  -0.0001525159
   7.9674921433  -0.0001531116  -0.0000698899  -0.0001529584
   7.9819260059  -0.0001536818  -0.0000699406  -0.0001534490
