   0.0000000000   0.0000000000   0.0000000000   0.0000000000
   0.0144338626   0.0000000000   0.0000000000   0.0000000000
   0.0288677252   0.0000000000   0.0000000000   0.0000000000
   0.0433015877   0.0000000000   0.0000000000   0.0000000000
   0.0577354503   0.0000000000   0.0000000000   0.0000000000
   0.0721693129   0.0000000000   0.0000000000   0.0000000000
   0.0866031755   0.0000000000   0.0000000000   0.0000000000
   0.1010370380   0.0000000000  -0.0000000000   0.0000000000
   0.1154709006  -0.0000000000  -0.0000000000   0.0000000000
   0.1299047632  -0.0000000000  -0.0000000000   0.0000000000
   0.1443386258  -0.0000000000  -0.0000000000   0.0000000000
   0.1587724884  -0.0000000000  -0.0000000000   0.0000000000
   0.1732063509   0.0000000000  -0.0000000000   0.0000000000
   0.1876402135   0.0000000000  -0.0000000000   0.0000000000
   0.2020740761   0.0000000000   0.0000000000   0.0000000000
   0.2165079387   0.0000000000   0.0000000000   0.0000000000
   0.2309418013   0.0000000000   0.0000000000   0.0000000000
   0.2453756638   0.0000000000  -0.0000000000   0.0000000000
   0.2598095264  -0.0000000000  -0.0000000000  -0.0000000000
   0.2742433890  -0.0000000000  -0.0000000000  -0.0000000000
   0.2886772516  -0.0000000000  -0.0000000000  -0.0000000000
   0.3031111141  -0.0000000000  -0.0000000000  -0.0000000000
   0.3175449767   0.0000000000  -0.0000000000  -0.0000000000
   0.3319788393   0.0000000000  -0.0000000000   0.0000000000
   0.3464127019   0.0000000000   0.0000000000   0.0000000000
   0.3608465645  -0.0000000000   0.0000000000   0.0000000000
   0.3752804270  -0.0000000000  -0.0000000000   0.0000000000
   0.3897142896   0.0000000000  -0.0000000000  -0.0000000000
   0.4041481522   0.0000000000  -0.0000000000  -0.0000000000
   0.4185820148  -0.0000000000   0.0000000000   0.0000000000
   0.4330158774  -0.0000000000   0.0000000000   0.0000000000
   0.4474497399  -0.0000000000  -0.0000000000   0.0000000000
   0.4618836025   0.0000000000  -0.0000000000  -0.0000000000
   0.4763174651   0.0000000000  -0.0000000000  -0.0000000000
   0.4907513277  -0.0000000000   0.0000000000  -0.0000000000
   0.5051851902  -0.0000000000   0.0000000000   0.0000000000
   0.5196190528  -0.0000000000   0.0000000000   0.0000000000
   0.5340529154   0.0000000000  -0.0000000000  -0.0000000000
   0.5484867780   0.0000000000  -0.0000000000  -0.0000000000
   0.5629206406   0.0000000000  -0.0000000000  -0.0000000000
   0.5773545031  -0.0000000000   0.0000000000   0.0000000000
   0.5917883657  -0.0000000000   0.0000000000   0.0000000000
   0.6062222283  -0.0000000000   0.0000000000   0.0000000000
   0.6206560909   0.0000000000  -0.0000000000  -0.0000000000
   0.6350899535   0.0000000000  -0.0000000000  -0.0000000000
   0.6495238160   0.0000000000  -0.0000000000  -0.0000000000
   0.6639576786  -0.0000000000   0.0000000000   0.0000000000
   0.6783915412  -0.0000000000   0.0000000000   0.0000000000
   0.6928254038  -0.0000000000   0.0000000000   0.0000000000
   0.7072592663   0.0000000000  -0.0000000000  -0.0000000000
   0.7216931289   0.0000000000  -0.0000000000  -0.0000000000
   0.7361269915   0.0000000000  -0.0000000000  -0.0000000000
   0.7505608541  -0.0000000000   0.0000000000   0.0000000000
   0.7649947167  -0.0000000000   0.0000000000   0.0000000000
   0.7794285792  -0.0000000000   0.0000000000   0.0000000000
   0.7938624418   0.0000000000  -0.0000000000  -0.0000000000
   0.8082963044   0.0000000000  -0.0000000000  -0.0000000000
   0.8227301670   0.0000000000  -0.0000000000  -0.0000000000
   0.8371640296  -0.0000000000   0.0000000000   0.0000000000
   0.8515978921  -0.0000000000   0.0000000000   0.0000000000
   0.8660317547  -0.0000000000   0.0000000000  -0.0000000000
   0.8804656173  -0.0000000000   0.0000000000  -0.0000000000
   0.8948994799   0.0000000000  -0.0000000000  -0.0000000000
   0.9093333424   0.0000000000  -0.0000000000   0.0000000000
   0.9237672050   0.0000000000  -0.0000000000   0.0000000000
   0.9382010676  -0.0000000000   0.0000000000   0.0000000000
   0.9526349302  -0.0000000000   0.0000000000  -0.0000000000
   0.9670687928  -0.0000000000   0.0000000000  -0.0000000000
   0.9815026553   0.0000000000  -0.0000000000   0.0000000000
   0.9959365179   0.0000000000  -0.0000000000   0.0000000000
   1.0103703805   0.0000000000  -0.0000000000   0.0000000000
   1.0248042431  -0.0000000000   0.0000000000  -0.0000000000
   1.0392381056  -0.0000000000   0.0000000000  -0.0000000000
   1.0536719682  -0.0000000000  -0.0000000000   0.0000000000
   1.0681058308   0.0000000000  -0.0000000000   0.0000000000
   1.0825396934   0.0000000000  -0.0000000000   0.0000000000
   1.0969735560  -0.0000000000   0.0000000000  -0.0000000000
   1.1114074185  -0.0000000000   0.0000000000  -0.0000000000
   1.1258412811  -0.0000000000   0.0000000000  -0.0000000000
   1.1402751437   0.0000000000  -0.0000000000   0.0000000000
   1.1547090063   0.0000000000  -0.0000000000   0.0000000000
   1.1691428689   0.0000000000  -0.0000000000   0.0000000000
   1.1835767314  -0.0000000000   0.0000000000  -0.0000000000
   1.1980105940  -0.0000000000   0.0000000000  -0.0000000000
   1.2124444566  -0.0000000000   0.0000000000  -0.0000000000
   1.2268783192   0.0000000000  -0.0000000000   0.0000000000
   1.2413121817   0.0000000000  -0.0000000000   0.0000000000
   1.2557460443   0.0000000000  -0.0000000000   0.0000000000
   1.2701799069  -0.0000000000   0.0000000000  -0.0000000000
   1.2846137695  -0.0000000000   0.0000000000  -0.0000000000
   1.2990476321  -0.0000000000   0.0000000000  -0.0000000000
   1.3134814946   0.0000000000  -0.0000000000   0.0000000000
   1.3279153572   0.0000000000  -0.0000000000   0.0000000000
   1.3423492198   0.0000000000  -0.0000000000   0.0000000000
   1.3567830824  -0.0000000000   0.0000000000  -0.0000000000
   1.3712169450  -0.0000000000   0.0000000000  -0.0000000000
   1.3856508075  -0.0000000000   0.0000000000  -0.0000000000
   1.4000846701   0.0000000000  -0.0000000000   0.0000000000
   1.4145185327   0.0000000000  -0.0000000000   0.0000000000
   1.4289523953   0.0000000000  -0.0000000000   0.0000000000
   1.4433862578  -0.0000000000   0.0000000000  -0.0000000000
   1.4578201204  -0.0000000000   0.0000000000  -0.0000000000
   1.4722539830  -0.0000000000   0.0000000000  -0.0000000000
   1.4866878456   0.0000000000  -0.0000000000   0.0000000000
   1.5011217082   0.0000000000  -0.0000000000   0.0000000000
   1.5155555707   0.0000000000  -0.0000000000   0.0000000000
   1.5299894333  -0.0000000000   0.0000000000  -0.0000000000
   1.5444232959  -0.0000000000   0.0000000000  -0.0000000000
   1.5588571585  -0.0000000000   0.0000000000  -0.0000000000
   1.5732910211   0.0000000000  -0.0000000000   0.0000000000
   1.5877248836   0.0000000000  -0.0000000000   0.0000000000
   1.6021587462   0.0000000000  -0.0000000000   0.0000000000
   1.6165926088  -0.0000000000  -0.0000000000  -0.0000000000
   1.6310264714  -0.0000000000   0.0000000000  -0.0000000000
   1.6454603339  -0.0000000000   0.0000000000  -0.0000000000
   1.6598941965  -0.0000000000   0.0000000000  -0.0000000000
   1.6743280591   0.0000000000  -0.0000000000   0.0000000000
   1.6887619217   0.0000000000  -0.0000000000   0.0000000000
   1.7031957843   0.0000000000  -0.0000000000   0.0000000000
   1.7176296468  -0.0000000000   0.0000000000  -0.0000000000
   1.7320635094  -0.0000000001   0.0000000000  -0.0000000001
   1.7464973720  -0.0000000001   0.0000000000  -0.0000000001
   1.7609312346   0.0000000000  -0.0000000000   0.0000000000
   1.7753650971   0.0000000003  -0.0000000001   0.0000000003
   1.7897989597   0.0000000004  -0.0000000002   0.0000000003
   1.8042328223   0.0000000001  -0.0000000001   0.0000000000
   1.8186666849  -0.0000000007   0.0000000002  -0.0000000007
   1.8331005475  -0.0000000014   0.0000000006  -0.0000000013
   1.8475344100  -0.0000000009   0.0000000005  -0.0000000009
   1.8619682726   0.0000000014  -0.0000000003   0.0000000014
   1.8764021352   0.0000000045  -0.0000000017   0.0000000044
   1.8908359978   0.0000000051  -0.0000000023   0.0000000049
   1.9052698604  -0.0000000005  -0.0000000006  -0.0000000007
   1.9197037229  -0.0000000117   0.0000000039  -0.0000000114
   1.9341375855  -0.0000000201   0.0000000084  -0.0000000192
   1.9485714481  -0.0000000118   0.0000000069  -0.0000000108
   1.9630053107   0.0000000202  -0.0000000047   0.0000000200
   1.9774391732   0.0000000606  -0.0000000228   0.0000000581
   1.9918730358   0.0000000689  -0.0000000320   0.0000000645
   2.0063068984   0.0000000029  -0.0000000122   0.0000000003
   2.0207407610  -0.0000001322   0.0000000417  -0.0000001273
   2.0351746236  -0.0000002461   0.0000001004  -0.0000002316
   2.0496084861  -0.0000001890   0.0000001019  -0.0000001724
   2.0640423487   0.0000001338  -0.0000000091   0.0000001343
   2.0784762113   0.0000006097  -0.0000002142   0.0000005756
   2.0929100739   0.0000008616  -0.0000003771   0.0000007969
   2.1073439365   0.0000004249  -0.0000002880   0.0000003744
   2.1217777990  -0.0000008419   0.0000001805  -0.0000008037
   2.1362116616  -0.0000023516   0.0000008763  -0.0000021766
   2.1506455242  -0.0000027967   0.0000012956  -0.0000025437
   2.1650793868  -0.0000008664   0.0000007990  -0.0000007396
   2.1795132493   0.0000035047  -0.0000008832   0.0000032378
   2.1939471119   0.0000081486  -0.0000031218   0.0000073824
   2.2083809745   0.0000090138  -0.0000043001   0.0000080658
   2.2228148371   0.0000024253  -0.0000025404   0.0000021015
   2.2372486997  -0.0000114695   0.0000028529  -0.0000102332
   2.2516825622  -0.0000262264   0.0000099925  -0.0000231510
   2.2661164248  -0.0000302103   0.0000142216  -0.0000265063
   2.2805502874  -0.0000125090   0.0000100137  -0.0000110438
   2.2949841500   0.0000281595  -0.0000052959   0.0000240070
   2.3094180126   0.0000765460  -0.0000277117   0.0000653453
   2.3238518751   0.0001020493  -0.0000454329   0.0000870344
   2.3382857377   0.0000713756  -0.0000425852   0.0000614648
   2.3527196003  -0.0000300489  -0.0000078253  -0.0000228543
   2.3671534629  -0.0001775445   0.0000553665  -0.0001448825
   2.3815873254  -0.0003008074   0.0001223842  -0.0002467654
   2.3960211880  -0.0003021161   0.0001509356  -0.0002495711
   2.4104550506  -0.0000997365   0.0000967722  -0.0000887196
   2.4248889132   0.0003161742  -0.0000614471   0.0002417953
   2.4393227758   0.0008386401  -0.0002972253   0.0006553144
   2.4537566383   0.0012354832  -0.0005234287   0.0009683093
   2.4681905009   0.0011934406  -0.0006019452   0.0009374986
   2.4826243635   0.0004114926  -0.0003789627   0.0003342548
   2.4970582261  -0.0012818105   0.0002612476  -0.0009646011
   2.5114920887  -0.0038275405   0.0013405793  -0.0029015800
   2.5259259512  -0.0068936556   0.0027502427  -0.0052104099
   2.5403598138  -0.0099162720   0.0042503204  -0.0074532911
   2.5547936764  -0.0122230976   0.0055124878  -0.0091197435
   2.5692275390  -0.0132072710   0.0061979953  -0.0097605918
   2.5836614015  -0.0124994150   0.0060497877  -0.0091162509
   2.5980952641  -0.0100831227   0.0049709817  -0.0071983056
   2.6125291267  -0.0063158709   0.0030646434  -0.0042977643
   2.6269629893  -0.0018475038   0.0006211551  -0.0009169421
   2.6413968519   0.0025390469  -0.0019445035   0.0023539844
   2.6558307144   0.0061167740  -0.0041881049   0.0049785442
   2.6702645770   0.0083786658  -0.0057375073   0.0065931930
   2.6846984396   0.0091333646  -0.0063727469   0.0070733950
   2.6991323022   0.0085127389  -0.0060652734   0.0065340017
   2.7135661647   0.0068990913  -0.0049694232   0.0052713847
   2.7280000273   0.0048015104  -0.0033726514   0.0036700748
   2.7424338899   0.0027209227  -0.0016211038   0.0021031017
   2.7568677525   0.0010403298  -0.0000413303   0.0008522096
   2.7713016151  -0.0000363673   0.0011230178   0.0000641954
   2.7857354776  -0.0004908723   0.0017472462  -0.0002528902
   2.8001693402  -0.0004518304   0.0018307599  -0.0002008077
   2.8146032028  -0.0001302303   0.0014755457   0.0000568510
   2.8290370654   0.0002494674   0.0008475996   0.0003464026
   2.8434709280   0.0005046644   0.0001328585   0.0005267530
   2.8579047905   0.0005262734  -0.0005020007   0.0005151146
   2.8723386531   0.0002851008  -0.0009369023   0.0002935571
   2.8867725157  -0.0001816612  -0.0011110699  -0.0001007624
   2.9012063783  -0.0007947279  -0.0010221097  -0.0005955401
   2.9156402408  -0.0014585690  -0.0007150281  -0.0011062861
   2.9300741034  -0.0020822241  -0.0002657014  -0.0015562845
   2.9445079660  -0.0025922709   0.0002370054  -0.0018899105
   2.9589418286  -0.0029383480   0.0007072927  -0.0020781873
   2.9733756912  -0.0030933554   0.0010746606  -0.0021173593
   2.9878095537  -0.0030506932   0.0012913867  -0.0020223990
   3.0022434163  -0.0028203401   0.0013352168  -0.0018179875
   3.0166772789  -0.0024248715   0.0012079964  -0.0015297668
   3.0311111415  -0.0018959656   0.0009314887  -0.0011783788
   3.0455450041  -0.0012715012   0.0005417812  -0.0007777658
   3.0599788666  -0.0005929920   0.0000834155  -0.0003375880
   3.0744127292   0.0000970333  -0.0003961011   0.0001319315
   3.0888465918   0.0007578727  -0.0008511517   0.0006151644
   3.1032804544   0.0013534226  -0.0012421332   0.0010883452
   3.1177143169   0.0018542871  -0.0015386842   0.0015200428
   3.1321481795   0.0022388040  -0.0017217942   0.0018748416
   3.1465820421   0.0024931101  -0.0017846531   0.0021194103
   3.1610159047   0.0026108429  -0.0017322746   0.0022295570
   3.1754497673   0.0025930546  -0.0015800659   0.0021964115
   3.1898836298   0.0024484336  -0.0013515325   0.0020297383
   3.2043174924   0.0021934141  -0.0010752967   0.0017569399
   3.2187513550   0.0018516340  -0.0007816876   0.0014176723
   3.2331852176   0.0014525074  -0.0004993344   0.0010556584
   3.2476190802   0.0010290660  -0.0002522993   0.0007103438
   3.2620529427   0.0006153341  -0.0000581673   0.0004108679
   3.2764868053   0.0002433673   0.0000728246   0.0001735729
   3.2909206679  -0.0000600029   0.0001378514   0.0000027729
   3.3053545305  -0.0002764502   0.0001410646  -0.0001064058
   3.3197883930  -0.0003987518   0.0000927621  -0.0001643774
   3.3342222556  -0.0004317569   0.0000080147  -0.0001834981
   3.3486561182  -0.0003910423  -0.0000954322  -0.0001750182
   3.3630899808  -0.0002993179  -0.0001998744  -0.0001469920
   3.3775238434  -0.0001815016  -0.0002904463  -0.0001035721
   3.3919577059  -0.0000599293  -0.0003571989  -0.0000459764
   3.4063915685   0.0000488251  -0.0003957747   0.0000249717
   3.4208254311   0.0001346194  -0.0004064863   0.0001054096
   3.4352592937   0.0001920206  -0.0003922602   0.0001854163
   3.4496931563   0.0002174790  -0.0003564406   0.0002481759
   3.4641270188   0.0002074509  -0.0003016077   0.0002729728
   3.4785608814   0.0001592478  -0.0002301800   0.0002424733
   3.4929947440   0.0000747888  -0.0001466612   0.0001524040
   3.5074286066  -0.0000348742  -0.0000602565   0.0000191481
   3.5218624691  -0.0001479788   0.0000141804  -0.0001202460
   3.5362963317  -0.0002365152   0.0000586424  -0.0002189379
   3.5507301943  -0.0002766598   0.0000581162  -0.0002399230
   3.5651640569  -0.0002608852   0.0000082638  -0.0001761224
   3.5795979195  -0.0002048612  -0.0000793007  -0.0000596792
   3.5940317820  -0.0001435202  -0.0001780097   0.0000475696
   3.6084656446  -0.0001158704  -0.0002549907   0.0000814663
   3.6228995072  -0.0001447527  -0.0002847221   0.0000092586
   3.6373333698  -0.0002219112  -0.0002616145  -0.0001476857
   3.6517672323  -0.0003075388  -0.0002047683  -0.0003164407
   3.6662010949  -0.0003468261  -0.0001511644  -0.0004029399
   3.6806349575  -0.0002970941  -0.0001391011  -0.0003380439
   3.6950688201  -0.0001525752  -0.0001890544  -0.0001170698
   3.7095026827   0.0000463532  -0.0002913432   0.0001885737
   3.7239365452   0.0002259768  -0.0004075088   0.0004567204
   3.7383704078   0.0003098913  -0.0004860273   0.0005676170
   3.7528042704   0.0002539079  -0.0004858375   0.0004607887
   3.7672381330   0.0000685532  -0.0003967992   0.0001677588
   3.7816719956  -0.0001823163  -0.0002470252  -0.0001969130
   3.7961058581  -0.0004070516  -0.0000929176  -0.0004839996
   3.8105397207  -0.0005244516   0.0000040532  -0.0005755322
   3.8249735833  -0.0004970509   0.0000033277  -0.0004372110
   3.8394074459  -0.0003443596  -0.0000979192  -0.0001324001
   3.8538413084  -0.0001309639  -0.0002646134   0.0002085075
   3.8682751710   0.0000634285  -0.0004397775   0.0004479152
   3.8827090336   0.0001768905  -0.0005686710   0.0005010444
   3.8971428962   0.0001860416  -0.0006197667   0.0003683890
   3.9115767588   0.0001070806  -0.0005936295   0.0001275934
   3.9260106213  -0.0000200658  -0.0005172272  -0.0001081834
   3.9404444839  -0.0001538979  -0.0004282194  -0.0002433534
   3.9548783465  -0.0002678690  -0.0003578015  -0.0002393619
   3.9693122091  -0.0003542660  -0.0003200932  -0.0001245992
   3.9837460717  -0.0004162426  -0.0003117123   0.0000257727
   3.9981799342  -0.0004550926  -0.0003197207   0.0001271407
   4.0126137968  -0.0004616044  -0.0003323873   0.0001214304
   4.0270476594  -0.0004172243  -0.0003467439  -0.0000030708
   4.0414815220  -0.0003049107  -0.0003694455  -0.0002133020
   4.0559153845  -0.0001241300  -0.0004113242  -0.0004495318
   4.0703492471   0.0000979980  -0.0004791753  -0.0006490236
   4.0847831097   0.0003059079  -0.0005693665  -0.0007643345
   4.0992169723   0.0004271587  -0.0006665794  -0.0007703185
   4.1136508349   0.0003930420  -0.0007482886  -0.0006607103
   4.1280846974   0.0001611133  -0.0007928693  -0.0004402422
   4.1425185600  -0.0002681675  -0.0007877480  -0.0001193418
   4.1569524226  -0.0008460766  -0.0007342675   0.0002844345
   4.1713862852  -0.0014827265  -0.0006475913   0.0007389551
   4.1858201478  -0.0020637756  -0.0005520745   0.0011888382
   4.2002540103  -0.0024715996  -0.0004741251   0.0015515433
   4.2146878729  -0.0026056343  -0.0004351107   0.0017223515
   4.2291217355  -0.0023980033  -0.0004463914   0.0015887935
   4.2435555981  -0.0018224461  -0.0005075336   0.0010517667
   4.2579894606  -0.0008962064  -0.0006077063   0.0000487284
   4.2724233232   0.0003242316  -0.0007294670  -0.0014260000
   4.2868571858   0.0017517599  -0.0008536623  -0.0033082996
   4.3012910484   0.0032792185  -0.0009639446  -0.0054622938
   4.3157249110   0.0047895296  -0.0010494903  -0.0076915151
   4.3301587735   0.0061638584  -0.0011049959  -0.0097628877
   4.3445926361   0.0072877682  -0.0011279486  -0.0114398860
   4.3590264987   0.0080567398  -0.0011142648  -0.0125181674
   4.3734603613   0.0083828301  -0.0010541917  -0.0128557426
   4.3878942239   0.0082033105  -0.0009304201  -0.0123912720
   4.4023280864   0.0074903370  -0.0007195485  -0.0111478224
   4.4167619490   0.0062591609  -0.0003967053  -0.0092236213
   4.4311958116   0.0045720311   0.0000580780  -0.0067741339
   4.4456296742   0.0025359639   0.0006537036  -0.0039903174
   4.4600635367   0.0002943160   0.0013837407  -0.0010767495
   4.4744973993  -0.0019863752   0.0022249405   0.0017682136
   4.4889312619  -0.0041321689   0.0031385740   0.0043690340
   4.5033651245  -0.0059781634   0.0040741150   0.0065853793
   4.5177989871  -0.0073840970   0.0049746203   0.0083195003
   4.5322328496  -0.0082478163   0.0057831035   0.0095184040
   4.5466667122  -0.0085152119   0.0064490581   0.0101716076
   4.5611005748  -0.0081851460   0.0069340630   0.0103060363
   4.5755344374  -0.0073082931   0.0072153534   0.0099796691
   4.5899682999  -0.0059798081   0.0072866001   0.0092748250
   4.6044021625  -0.0043270085   0.0071558921   0.0082910624
   4.6188360251  -0.0024942477   0.0068417308   0.0071371898
   4.6332698877  -0.0006274361   0.0063683020   0.0059221771
   4.6477037503   0.0011397874   0.0057611762   0.0047456128
   4.6621376128   0.0026970390   0.0050440648   0.0036891840
   4.6765714754   0.0039648254   0.0042367287   0.0028109113
   4.6910053380   0.0048986038   0.0033539168   0.0021432675
   4.7054392006   0.0054890158   0.0024053260   0.0016950804
   4.7198730632   0.0057580693   0.0013967547   0.0014558357
   4.7343069257   0.0057514613   0.0003325760   0.0014003810
   4.7487407883   0.0055280747  -0.0007807047   0.0014924663
   4.7631746509   0.0051486121  -0.0019305368   0.0016868387
   4.7776085135   0.0046658161  -0.0030951236   0.0019309553
   4.7920423760   0.0041184166  -0.0042419965   0.0021679144
   4.8064762386   0.0035298461  -0.0053290568   0.0023415665
   4.8209101012   0.0029113197  -0.0063081765   0.0024033655
   4.8353439638   0.0022676498  -0.0071307780   0.0023193118
   4.8497778264   0.0016036029  -0.0077542609   0.0020750368
   4.8642116889   0.0009287958  -0.0081478721   0.0016777458
   4.8786455515   0.0002598660  -0.0082967499   0.0011547585
   4.8930794141  -0.0003803887  -0.0082033833   0.0005491182
   4.9075132767  -0.0009663351  -0.0078864141  -0.0000869905
   4.9219471393  -0.0014741153  -0.0073773108  -0.0007001553
   4.9363810018  -0.0018861391  -0.0067157486  -0.0012438024
   4.9508148644  -0.0021942121  -0.0059445822  -0.0016848221
   4.9652487270  -0.0024005589  -0.0051052176  -0.0020071438
   4.9796825896  -0.0025166506  -0.0042340880  -0.0022114009
   4.9941164521  -0.0025603316  -0.0033607642  -0.0023111317
   5.0085503147  -0.0025520565  -0.0025078736  -0.0023270950
   5.0229841773  -0.0025110744  -0.0016924921  -0.0022815762
   5.0374180399  -0.0024522437  -0.0009282225  -0.0021939913
   5.0518519025  -0.0023839739  -0.0002270439  -0.0020782363
   5.0662857650  -0.0023076541   0.0003997160  -0.0019417357
   5.0807196276  -0.0022187651   0.0009414703  -0.0017861503
   5.0951534902  -0.0021095780   0.0013893382  -0.0016097761
   5.1095873528  -0.0019728783   0.0017376525  -0.0014113073
   5.1240212154  -0.0018056518   0.0019856369  -0.0011938519
   5.1384550779  -0.0016114166   0.0021387596  -0.0009674737
   5.1528889405  -0.0014001460   0.0022091159  -0.0007487577
   5.1673228031  -0.0011855713   0.0022142459  -0.0005571119
   5.1817566657  -0.0009808116   0.0021742885  -0.0004091106
   5.1961905282  -0.0007941936   0.0021081878  -0.0003132229
   5.2106243908  -0.0006272384   0.0020303030  -0.0002671263
   5.2250582534  -0.0004758842   0.0019487263  -0.0002585953
   5.2394921160  -0.0003344397   0.0018658213  -0.0002693707
   5.2539259786  -0.0002003401   0.0017804180  -0.0002803052
   5.2683598411  -0.0000773157   0.0016904420  -0.0002758845
   5.2827937037   0.0000246302   0.0015948559  -0.0002468762
   5.2972275663   0.0000924676   0.0014944591  -0.0001908744
   5.3116614289   0.0001151915   0.0013917548  -0.0001113320
   5.3260952914   0.0000886735   0.0012903405  -0.0000159543
   5.3405291540   0.0000186895   0.0011941177   0.0000849158
   5.3549630166  -0.0000786282   0.0011063976   0.0001797589
   5.3693968792  -0.0001789164   0.0010289860   0.0002573348
   5.3838307418  -0.0002539010   0.0009615296   0.0003082333
   5.3982646043  -0.0002772978   0.0009015091   0.0003263503
   5.4126984669  -0.0002312938   0.0008450629   0.0003099199
   5.4271323295  -0.0001120970   0.0007883904   0.0002618329
   5.4415661921   0.0000672015   0.0007291426   0.0001892858
   5.4560000547   0.0002777583   0.0006672164   0.0001030281
   5.4704339172   0.0004802702   0.0006047064   0.0000163802
   5.4848677798   0.0006332768   0.0005451680  -0.0000561117
   5.4993016424   0.0007024521   0.0004925491  -0.0001006798
   5.5137355050   0.0006687350   0.0004501027  -0.0001070127
   5.5281693675   0.0005335499   0.0004194553  -0.0000710093
   5.5426032301   0.0003199141   0.0003999638   0.0000034604
   5.5570370927   0.0000687865   0.0003885403   0.0001047262
   5.5714709553  -0.0001692375   0.0003801442   0.0002156205
   5.5859048179  -0.0003456108   0.0003689657   0.0003172166
   5.6003386804  -0.0004262737   0.0003500213   0.0003928415
   5.6147725430  -0.0004013454   0.0003206196   0.0004313777
   5.6292064056  -0.0002888791   0.0002811550   0.0004293901
   5.6436402682  -0.0001311157   0.0002349661   0.0003919631
   5.6580741308   0.0000160114   0.0001873867   0.0003320960
   5.6725079933   0.0000973709   0.0001443846   0.0002683242
   5.6869418559   0.0000734154   0.0001112084   0.0002204087
   5.7013757185  -0.0000682990   0.0000913119   0.0002036815
   5.7158095811  -0.0003075476   0.0000856698   0.0002236136
   5.7302434436  -0.0005933895   0.0000925468   0.0002726932
   5.7446773062  -0.0008538913   0.0001077989   0.0003312401
   5.7591111688  -0.0010122813   0.0001257499   0.0003724096
   5.7735450314  -0.0010063581   0.0001405240   0.0003700305
   5.7879788940  -0.0008064330   0.0001474874   0.0003068524
   5.8024127565  -0.0004266143   0.0001443185   0.0001806869
   5.8168466191   0.0000745711   0.0001312976   0.0000066606
   5.8312804817   0.0006054918   0.0001106884  -0.0001851150
   5.8457143443   0.0010624598   0.0000854241  -0.0003561040
   5.8601482069   0.0013552859   0.0000575764  -0.0004688811
   5.8745820694   0.0014305341   0.0000271700  -0.0004975600
   5.8890159320   0.0012860127  -0.0000081842  -0.0004363705
   5.9034497946   0.0009721999  -0.0000526013  -0.0003035131
   5.9178836572   0.0005796914  -0.0001102857  -0.0001382873
   5.9323175197   0.0002155246  -0.0001834199   0.0000085761
   5.9467513823  -0.0000256094  -0.0002703068   0.0000890179
   5.9611852449  -0.0000875795  -0.0003644911   0.0000719545
   5.9756191075   0.0000308681  -0.0004552559  -0.0000468188
   5.9900529701   0.0002745981  -0.0005293794  -0.0002423671
   6.0044868326   0.0005464347  -0.0005736029  -0.0004667594
   6.0189206952   0.0007341435  -0.0005771303  -0.0006618419
   6.0333545578   0.0007432573  -0.0005336577  -0.0007751426
   6.0477884204   0.0005270241  -0.0004427142  -0.0007747809
   6.0622222830   0.0001049686  -0.0003102334  -0.0006595375
   6.0766561455  -0.0004360335  -0.0001482214  -0.0004611890
   6.0910900081  -0.0009600609   0.0000266819  -0.0002377786
   6.1055238707  -0.0013165433   0.0001958048  -0.0000586894
   6.1199577333  -0.0013825435   0.0003418417   0.0000151025
   6.1343915958  -0.0011014902   0.0004522154  -0.0000498052
   6.1488254584  -0.0005066612   0.0005213910  -0.0002465914
   6.1632593210   0.0002790246   0.0005514073  -0.0005265152
   6.1776931836   0.0010690831   0.0005505008  -0.0008094250
   6.1921270462   0.0016599808   0.0005303132  -0.0010040074
   6.2065609087   0.0018860685   0.0005025283  -0.0010324012
   6.2209947713   0.0016675772   0.0004758198  -0.0008525737
   6.2354286339   0.0010375246   0.0004538304  -0.0004724380
   6.2498624965   0.0001389284   0.0004346487   0.0000482859
   6.2642963590  -0.0008080060   0.0004119171   0.0006095421
   6.2787302216  -0.0015605544   0.0003772594   0.0010935062
   6.2931640842  -0.0019156267   0.0003232410   0.0013929587
   6.3075979468  -0.0017628729   0.0002458097   0.0014382007
   6.3220318094  -0.0011146454   0.0001453393   0.0012152015
   6.3364656719  -0.0001049598   0.0000260250   0.0007698847
   6.3508995345   0.0010421438  -0.0001058519   0.0001973809
   6.3653333971   0.0020664363  -0.0002437819  -0.0003806313
   6.3797672597   0.0027335286  -0.0003820779  -0.0008442303
   6.3942011223   0.0028893183  -0.0005157393  -0.0011018827
   6.4086349848   0.0024934754  -0.0006394325  -0.0011091251
   6.4230688474   0.0016243722  -0.0007463215  -0.0008754716
   6.4375027100   0.0004553771  -0.0008275231  -0.0004587037
   6.4519365726  -0.0007903140  -0.0008726814   0.0000514428
   6.4663704351  -0.0018939796  -0.0008717416   0.0005558552
   6.4808042977  -0.0026906306  -0.0008175793   0.0009691426
   6.4952381603  -0.0031009106  -0.0007087472   0.0012374454
   6.5096720229  -0.0031383988  -0.0005513446   0.0013466656
   6.5241058855  -0.0028920311  -0.0003590577   0.0013196485
   6.5385397480  -0.0024903076  -0.0001509166   0.0012040906
   6.5529736106  -0.0020588718   0.0000527780   0.0010554498
   6.5674074732  -0.0016844173   0.0002349712   0.0009200696
   6.5818413358  -0.0013952491   0.0003850047   0.0008229917
   6.5962751984  -0.0011630959   0.0004990539   0.0007631036
   6.6107090609  -0.0009238738   0.0005777578   0.0007161378
   6.6251429235  -0.0006093283   0.0006224007   0.0006441867
   6.6395767861  -0.0001785917   0.0006318690   0.0005090396
   6.6540106487   0.0003606373   0.0006023540   0.0002858222
   6.6684445112   0.0009478819   0.0005304453  -0.0000267543
   6.6828783738   0.0014838224   0.0004184749  -0.0004025721
   6.6973122364   0.0018580945   0.0002795718  -0.0007922030
   6.7117460990   0.0019826097   0.0001395822  -0.0011342760
   6.7261799616   0.0018204237   0.0000339774  -0.0013713448
   6.7406138241   0.0014013492  -0.0000002003  -0.0014660332
   6.7550476867   0.0008191864   0.0000648212  -0.0014128626
   6.7694815493   0.0002106389   0.0002375668  -0.0012419602
   6.7839154119  -0.0002787359   0.0005020128  -0.0010126891
   6.7983492745  -0.0005323417   0.0008194197  -0.0007978724
   6.8127831370  -0.0004936159   0.0011372854  -0.0006622702
   6.8272169996  -0.0001814823   0.0014027302  -0.0006415177
   6.8416508622   0.0003145699   0.0015758327  -0.0007287419
   6.8560847248   0.0008589774   0.0016383556  -0.0008746031
   6.8705185873   0.0013078028   0.0015950365  -0.0010024081
   6.8849524499   0.0015492119   0.0014675027  -0.0010343778
   6.8993863125   0.0015349434   0.0012836755  -0.0009202861
   6.9138201751   0.0012930582   0.0010670799  -0.0006578284
   6.9282540377   0.0009174958   0.0008301740  -0.0002964101
   6.9426879002   0.0005370832   0.0005738736   0.0000780374
   6.9571217628   0.0002734115   0.0002927985   0.0003723783
   6.9715556254   0.0002010248  -0.0000164838   0.0005192856
   6.9859894880   0.0003229964  -0.0003479335   0.0005018072
   7.0004233506   0.0005700828  -0.0006824380   0.0003602834
   7.0148572131   0.0008238438  -0.0009896615   0.0001788673
   7.0292910757   0.0009561238  -0.0012347470   0.0000564065
   7.0437249383   0.0008718944  -0.0013875003   0.0000721837
   7.0581588009   0.0005414827  -0.0014308478   0.0002587982
   7.0725926634   0.0000118495  -0.0013656892   0.0005916373
   7.0870265260  -0.0006064904  -0.0012105813   0.0009980387
   7.1014603886  -0.0011724557  -0.0009964932   0.0013819017
   7.1158942512  -0.0015565857  -0.0007585020   0.0016541166
   7.1303281138  -0.0016790279  -0.0005271810   0.0017578420
   7.1447619763  -0.0015315694  -0.0003222953   0.0016806931
   7.1591958389  -0.0011773184  -0.0001503918   0.0014516863
   7.1736297015  -0.0007288971  -0.0000064283   0.0011266114
   7.1880635641  -0.0003127126   0.0001216827   0.0007689091
   7.2024974266  -0.0000308673   0.0002474051   0.0004330852
   7.2169312892   0.0000676183   0.0003805232   0.0001549325
   7.2313651518  -0.0000018759   0.0005238654  -0.0000507792
   7.2457990144  -0.0001681006   0.0006722502  -0.0001871151
   7.2602328770  -0.0003287128   0.0008134889  -0.0002690598
   7.2746667395  -0.0003832359   0.0009309287  -0.0003169746
   7.2891006021  -0.0002643270   0.0010068637  -0.0003504576
   7.3035344647   0.0000415120   0.0010260987  -0.0003830564
   7.3179683273   0.0004893086   0.0009789724  -0.0004184328
   7.3324021899   0.0009879821   0.0008632446  -0.0004489776
   7.3468360524   0.0014258701   0.0006844777  -0.0004578461
   7.3612699150   0.0017020108   0.0004548663  -0.0004245741
   7.3757037776   0.0017542436   0.0001908362  -0.0003330704
   7.3901376402   0.0015761800  -0.0000899596  -0.0001795155
   7.4045715027   0.0012183300  -0.0003714638   0.0000227664
   7.4190053653   0.0007732286  -0.0006411097   0.0002437061
   7.4334392279   0.0003489603  -0.0008903010   0.0004427050
   7.4478730905   0.0000387164  -0.0011134355   0.0005791151
   7.4623069531  -0.0001049435  -0.0013059598   0.0006237421
   7.4767408156  -0.0000838370  -0.0014623547   0.0005675412
   7.4911746782   0.0000480103  -0.0015750490   0.0004244946
   7.5056085408   0.0002019229  -0.0016349126   0.0002276260
   7.5200424034   0.0002826274  -0.0016333050   0.0000194896
   7.5344762660   0.0002187461  -0.0015649426  -0.0001596796
   7.5489101285  -0.0000133436  -0.0014304534  -0.0002823492
   7.5633439911  -0.0003797958  -0.0012376100  -0.0003395797
   7.5777778537  -0.0007973138  -0.0010007812  -0.0003411098
   7.5922117163  -0.0011571687  -0.0007388204  -0.0003102118
   7.6066455788  -0.0013583392  -0.0004720899  -0.0002752646
   7.6210794414  -0.0013396176  -0.0002194417  -0.0002605726
   7.6355133040  -0.0011003579   0.0000041895  -0.0002788574
   7.6499471666  -0.0007027681   0.0001891942  -0.0003273457
   7.6643810292  -0.0002543806   0.0003315497  -0.0003885962
   7.6788148917   0.0001242247   0.0004319861  -0.0004361384
   7.6932487543   0.0003363652   0.0004943223  -0.0004436164
   7.7076826169   0.0003389629   0.0005234766  -0.0003947342
   7.7221164795   0.0001552095   0.0005238241  -0.0002904895
   7.7365503421  -0.0001341499   0.0004985010  -0.0001506191
   7.7509842046  -0.0004181813   0.0004498937  -0.0000080638
   7.7654180672  -0.0005927308   0.0003810060   0.0001019796
   7.7798519298  -0.0005946472   0.0002969444   0.0001544151
   7.7942857924  -0.0004218255   0.0002056615   0.0001431423
   7.8087196549  -0.0001325307   0.0001174172   0.0000828918
   7.8231535175   0.0001753992   0.0000430110   0.0000032941
   7.8375873801   0.0003980445  -0.0000086009  -0.0000623314
   7.8520212427   0.0004600714  -0.0000324242  -0.0000889762
   7.8664551053   0.0003390629  -0.0000285278  -0.0000682256
   7.8808889678   0.0000719082  -0.0000017730  -0.0000101124
   7.8953228304  -0.0002580953   0.0000396895   0.0000615390
   7.9097566930  -0.0005484603   0.0000866331   0.0001180648
   7.9241905556  -0.0007097892   0.0001309729   0.0001358344
   7.9386244181  -0.0006928323   0.0001673335   0.0001038157
   7.9530582807  -0.0005022893   0.0001935643   0.0000267406
   7.9674921433  -0.0001938662   0.0002101877  -0.0000766445
   7.9819260059   0.0001436740   0.0002191524  -0.0001792767
