   0.0000000000   0.0000000000   0.0000000000   0.0000000000
   0.0036084656   0.0000000000   0.0000000000   0.0000000000
   0.0072169313   0.0000000000   0.0000000000   0.0000000000
   0.0108253969   0.0000000000   0.0000000000   0.0000000000
   0.0144338626   0.0000000000   0.0000000000   0.0000000000
   0.0180423282   0.0000000000   0.0000000000   0.0000000000
   0.0216507939   0.0000000000   0.0000000000   0.0000000000
   0.0252592595   0.0000000000   0.0000000000   0.0000000000
   0.0288677252   0.0000000000   0.0000000000   0.0000000000
   0.0324761908   0.0000000000   0.0000000000   0.0000000000
   0.0360846564   0.0000000000   0.0000000000   0.0000000000
   0.0396931221   0.0000000000   0.0000000000   0.0000000000
   0.0433015877   0.0000000000   0.0000000000   0.0000000000
   0.0469100534   0.0000000000   0.0000000000   0.0000000000
   0.0505185190   0.0000000000   0.0000000000   0.0000000000
   0.0541269847   0.0000000000   0.0000000000   0.0000000000
   0.0577354503   0.0000000000   0.0000000000   0.0000000000
   0.0613439160   0.0000000000   0.0000000000   0.0000000000
   0.0649523816   0.0000000000   0.0000000000   0.0000000000
   0.0685608472   0.0000000000   0.0000000000   0.0000000000
   0.0721693129   0.0000000000   0.0000000000   0.0000000000
   0.0757777785   0.0000000000   0.0000000000   0.0000000000
   0.0793862442   0.0000000000   0.0000000000   0.0000000000
   0.0829947098   0.0000000000   0.0000000000   0.0000000000
   0.0866031755   0.0000000000   0.0000000000   0.0000000000
   0.0902116411   0.0000000000   0.0000000000   0.0000000000
   0.0938201068   0.0000000000   0.0000000000   0.0000000000
   0.0974285724   0.0000000000   0.0000000000   0.0000000000
   0.1010370380   0.0000000000   0.0000000000   0.0000000000
   0.1046455037   0.0000000000   0.0000000000   0.0000000000
   0.1082539693   0.0000000000   0.0000000000   0.0000000000
   0.1118624350   0.0000000000   0.0000000000   0.0000000000
   0.1154709006   0.0000000000   0.0000000000   0.0000000000
   0.1190793663   0.0000000000   0.0000000000   0.0000000000
   0.1226878319   0.0000000000   0.0000000000   0.0000000000
   0.1262962976   0.0000000000   0.0000000000   0.0000000000
   0.1299047632   0.0000000000   0.0000000000   0.0000000000
   0.1335132289  -0.0000000000   0.0000000000   0.0000000000
   0.1371216945  -0.0000000000   0.0000000000   0.0000000000
   0.1407301601  -0.0000000000   0.0000000000   0.0000000000
   0.1443386258  -0.0000000000   0.0000000000   0.0000000000
   0.1479470914  -0.0000000000   0.0000000000   0.0000000000
   0.1515555571  -0.0000000000   0.0000000000   0.0000000000
   0.1551640227  -0.0000000000   0.0000000000   0.0000000000
   0.1587724884  -0.0000000000   0.0000000000   0.0000000000
   0.1623809540  -0.0000000000   0.0000000000   0.0000000000
   0.1659894197  -0.0000000000   0.0000000000   0.0000000000
   0.1695978853  -0.0000000000   0.0000000000   0.0000000000
   0.1732063509  -0.0000000000   0.0000000000   0.0000000000
   0.1768148166  -0.0000000000   0.0000000000   0.0000000000
   0.1804232822  -0.0000000000   0.0000000000   0.0000000000
   0.1840317479  -0.0000000000   0.0000000000   0.0000000000
   0.1876402135  -0.0000000000   0.0000000000   0.0000000000
   0.1912486792  -0.0000000000  -0.0000000000  -0.0000000000
   0.1948571448   0.0000000000  -0.0000000000  -0.0000000000
   0.1984656105   0.0000000000  -0.0000000000  -0.0000000000
   0.2020740761   0.0000000000  -0.0000000000  -0.0000000000
   0.2056825417   0.0000000000  -0.0000000000  -0.0000000000
   0.2092910074  -0.0000000000   0.0000000000   0.0000000000
   0.2128994730  -0.0000000000   0.0000000000   0.0000000000
   0.2165079387  -0.0000000000   0.0000000000   0.0000000000
   0.2201164043  -0.0000000000   0.0000000000   0.0000000000
   0.2237248700  -0.0000000000   0.0000000000   0.0000000000
   0.2273333356   0.0000000000  -0.0000000000  -0.0000000000
   0.2309418013   0.0000000000  -0.0000000000  -0.0000000000
   0.2345502669   0.0000000000  -0.0000000000  -0.0000000000
   0.2381587325   0.0000000000  -0.0000000000  -0.0000000000
   0.2417671982   0.0000000000   0.0000000000   0.0000000000
   0.2453756638  -0.0000000000   0.0000000000   0.0000000000
   0.2489841295  -0.0000000000   0.0000000000   0.0000000000
   0.2525925951  -0.0000000000   0.0000000000   0.0000000000
   0.2562010608  -0.0000000000   0.0000000000   0.0000000000
   0.2598095264  -0.0000000000  -0.0000000000  -0.0000000000
   0.2634179921   0.0000000000  -0.0000000000  -0.0000000000
   0.2670264577   0.0000000000  -0.0000000000  -0.0000000000
   0.2706349233   0.0000000000  -0.0000000000  -0.0000000000
   0.2742433890   0.0000000000  -0.0000000000  -0.0000000000
   0.2778518546   0.0000000000  -0.0000000000  -0.0000000000
   0.2814603203  -0.0000000000   0.0000000000   0.0000000000
   0.2850687859  -0.0000000000   0.0000000000   0.0000000000
   0.2886772516  -0.0000000000   0.0000000000   0.0000000000
   0.2922857172  -0.0000000000   0.0000000000   0.0000000000
   0.2958941829  -0.0000000000   0.0000000000   0.0000000000
   0.2995026485   0.0000000000  -0.0000000000  -0.0000000000
   0.3031111141   0.0000000000  -0.0000000000  -0.0000000000
   0.3067195798   0.0000000000  -0.0000000000  -0.0000000000
   0.3103280454   0.0000000000  -0.0000000000  -0.0000000000
   0.3139365111   0.0000000000  -0.0000000000  -0.0000000000
   0.3175449767   0.0000000000   0.0000000000   0.0000000000
   0.3211534424  -0.0000000000   0.0000000000   0.0000000000
   0.3247619080  -0.0000000000   0.0000000000   0.0000000000
   0.3283703737  -0.0000000000   0.0000000000   0.0000000000
   0.3319788393  -0.0000000000   0.0000000000   0.0000000000
   0.3355873049  -0.0000000000   0.0000000000   0.0000000000
   0.3391957706   0.0000000000  -0.0000000000  -0.0000000000
   0.3428042362   0.0000000000  -0.0000000000  -0.0000000000
   0.3464127019   0.0000000000  -0.0000000000  -0.0000000000
   0.3500211675   0.0000000000  -0.0000000000  -0.0000000000
   0.3536296332   0.0000000000  -0.0000000000  -0.0000000000
   0.3572380988   0.0000000000   0.0000000000   0.0000000000
   0.3608465645  -0.0000000000   0.0000000000   0.0000000000
   0.3644550301  -0.0000000000   0.0000000000   0.0000000000
   0.3680634958  -0.0000000000   0.0000000000   0.0000000000
   0.3716719614  -0.0000000000   0.0000000000   0.0000000000
   0.3752804270  -0.0000000000   0.0000000000   0.0000000000
   0.3788888927   0.0000000000  -0.0000000000  -0.0000000000
   0.3824973583   0.0000000000  -0.0000000000  -0.0000000000
   0.3861058240   0.0000000000  -0.0000000000  -0.0000000000
   0.3897142896   0.0000000000  -0.0000000000  -0.0000000000
   0.3933227553   0.0000000000   0.0000000000  -0.0000000000
   0.3969312209  -0.0000000000   0.0000000000   0.0000000000
   0.4005396866  -0.0000000000   0.0000000000   0.0000000000
   0.4041481522  -0.0000000000   0.0000000000   0.0000000000
   0.4077566178  -0.0000000000  -0.0000000000  -0.0000000000
   0.4113650835   0.0000000000  -0.0000000000  -0.0000000000
   0.4149735491   0.0000000000  -0.0000000000  -0.0000000000
   0.4185820148   0.0000000000  -0.0000000000  -0.0000000000
   0.4221904804  -0.0000000000   0.0000000000   0.0000000000
   0.4257989461  -0.0000000000   0.0000000000   0.0000000000
   0.4294074117  -0.0000000000   0.0000000000   0.0000000000
   0.4330158774   0.0000000000  -0.0000000000  -0.0000000000
   0.4366243430   0.0000000000  -0.0000000000  -0.0000000000
   0.4402328086   0.0000000000  -0.0000000000  -0.0000000000
   0.4438412743   0.0000000000   0.0000000000   0.0000000000
   0.4474497399  -0.0000000000   0.0000000000   0.0000000000
   0.4510582056  -0.0000000000   0.0000000000   0.0000000000
   0.4546666712  -0.0000000000  -0.0000000000  -0.0000000000
   0.4582751369   0.0000000000  -0.0000000000  -0.0000000000
   0.4618836025   0.0000000000  -0.0000000000  -0.0000000000
   0.4654920682   0.0000000000   0.0000000000   0.0000000000
   0.4691005338  -0.0000000000   0.0000000000   0.0000000000
   0.4727089994  -0.0000000000   0.0000000000   0.0000000000
   0.4763174651  -0.0000000000   0.0000000000  -0.0000000000
   0.4799259307   0.0000000000  -0.0000000000  -0.0000000000
   0.4835343964   0.0000000000  -0.0000000000  -0.0000000000
   0.4871428620   0.0000000000  -0.0000000000   0.0000000000
   0.4907513277  -0.0000000000   0.0000000000   0.0000000000
   0.4943597933  -0.0000000000   0.0000000000   0.0000000000
   0.4979682590  -0.0000000000  -0.0000000000  -0.0000000000
   0.5015767246   0.0000000000  -0.0000000000  -0.0000000000
   0.5051851902   0.0000000000  -0.0000000000  -0.0000000000
   0.5087936559   0.0000000000   0.0000000000   0.0000000000
   0.5124021215  -0.0000000000   0.0000000000   0.0000000000
   0.5160105872  -0.0000000000   0.0000000000   0.0000000000
   0.5196190528   0.0000000000  -0.0000000000  -0.0000000000
   0.5232275185   0.0000000000  -0.0000000000  -0.0000000000
   0.5268359841   0.0000000000  -0.0000000000  -0.0000000000
   0.5304444498  -0.0000000000   0.0000000000   0.0000000000
   0.5340529154  -0.0000000000   0.0000000000   0.0000000000
   0.5376613810  -0.0000000000   0.0000000000   0.0000000000
   0.5412698467   0.0000000000  -0.0000000000  -0.0000000000
   0.5448783123   0.0000000000  -0.0000000000  -0.0000000000
   0.5484867780   0.0000000000  -0.0000000000  -0.0000000000
   0.5520952436  -0.0000000000   0.0000000000   0.0000000000
   0.5557037093  -0.0000000000   0.0000000000   0.0000000000
   0.5593121749  -0.0000000000   0.0000000000  -0.0000000000
   0.5629206406   0.0000000000  -0.0000000000  -0.0000000000
   0.5665291062   0.0000000000  -0.0000000000  -0.0000000000
   0.5701375718  -0.0000000000   0.0000000000   0.0000000000
   0.5737460375  -0.0000000000   0.0000000000   0.0000000000
   0.5773545031  -0.0000000000   0.0000000000   0.0000000000
   0.5809629688   0.0000000000  -0.0000000000  -0.0000000000
   0.5845714344   0.0000000000  -0.0000000000  -0.0000000000
   0.5881799001   0.0000000000  -0.0000000000  -0.0000000000
   0.5917883657  -0.0000000000   0.0000000000   0.0000000000
   0.5953968314  -0.0000000000   0.0000000000   0.0000000000
   0.5990052970  -0.0000000000   0.0000000000  -0.0000000000
   0.6026137627   0.0000000000  -0.0000000000  -0.0000000000
   0.6062222283   0.0000000000  -0.0000000000  -0.0000000000
   0.6098306939  -0.0000000000   0.0000000000   0.0000000000
   0.6134391596  -0.0000000000   0.0000000000   0.0000000000
   0.6170476252  -0.0000000000   0.0000000000   0.0000000000
   0.6206560909   0.0000000000  -0.0000000000  -0.0000000000
   0.6242645565   0.0000000000  -0.0000000000  -0.0000000000
   0.6278730222  -0.0000000000   0.0000000000   0.0000000000
   0.6314814878  -0.0000000000   0.0000000000   0.0000000000
   0.6350899535   0.0000000000  -0.0000000000  -0.0000000000
   0.6386984191   0.0000000000  -0.0000000000  -0.0000000000
   0.6423068847   0.0000000000  -0.0000000000  -0.0000000000
   0.6459153504  -0.0000000000   0.0000000000   0.0000000000
   0.6495238160  -0.0000000000   0.0000000000   0.0000000000
   0.6531322817   0.0000000000  -0.0000000000  -0.0000000000
   0.6567407473   0.0000000000  -0.0000000000  -0.0000000000
   0.6603492130   0.0000000000  -0.0000000000  -0.0000000000
   0.6639576786  -0.0000000000   0.0000000000   0.0000000000
   0.6675661443  -0.0000000000   0.0000000000   0.0000000000
   0.6711746099  -0.0000000000   0.0000000000  -0.0000000000
   0.6747830755   0.0000000000  -0.0000000000  -0.0000000000
   0.6783915412   0.0000000000  -0.0000000000  -0.0000000000
   0.6820000068  -0.0000000000   0.0000000000   0.0000000000
   0.6856084725  -0.0000000000   0.0000000000   0.0000000000
   0.6892169381  -0.0000000000   0.0000000000   0.0000000000
   0.6928254038   0.0000000000  -0.0000000000  -0.0000000000
   0.6964338694   0.0000000000  -0.0000000000  -0.0000000000
   0.7000423351   0.0000000000  -0.0000000000   0.0000000000
   0.7036508007  -0.0000000000   0.0000000000   0.0000000000
   0.7072592663  -0.0000000000   0.0000000000   0.0000000000
   0.7108677320   0.0000000000  -0.0000000000  -0.0000000000
   0.7144761976   0.0000000000  -0.0000000000  -0.0000000000
   0.7180846633   0.0000000000  -0.0000000000  -0.0000000000
   0.7216931289  -0.0000000000   0.0000000000   0.0000000000
   0.7253015946  -0.0000000000   0.0000000000   0.0000000000
   0.7289100602  -0.0000000000   0.0000000000  -0.0000000000
   0.7325185259   0.0000000000  -0.0000000000  -0.0000000000
   0.7361269915   0.0000000000  -0.0000000000  -0.0000000000
   0.7397354571  -0.0000000000   0.0000000000   0.0000000000
   0.7433439228  -0.0000000000   0.0000000000   0.0000000000
   0.7469523884  -0.0000000000   0.0000000000   0.0000000000
   0.7505608541   0.0000000000  -0.0000000000  -0.0000000000
   0.7541693197   0.0000000000  -0.0000000000  -0.0000000000
   0.7577777854   0.0000000000  -0.0000000000  -0.0000000000
   0.7613862510  -0.0000000000   0.0000000000   0.0000000000
   0.7649947167  -0.0000000000   0.0000000000   0.0000000000
   0.7686031823  -0.0000000000   0.0000000000  -0.0000000000
   0.7722116479   0.0000000000  -0.0000000000  -0.0000000000
   0.7758201136   0.0000000000  -0.0000000000  -0.0000000000
   0.7794285792  -0.0000000000   0.0000000000   0.0000000000
   0.7830370449  -0.0000000000   0.0000000000   0.0000000000
   0.7866455105  -0.0000000000   0.0000000000   0.0000000000
   0.7902539762   0.0000000000  -0.0000000000  -0.0000000000
   0.7938624418   0.0000000000  -0.0000000000  -0.0000000000
   0.7974709075   0.0000000000  -0.0000000000   0.0000000000
   0.8010793731  -0.0000000000   0.0000000000   0.0000000000
   0.8046878387  -0.0000000000   0.0000000000   0.0000000000
   0.8082963044   0.0000000000  -0.0000000000  -0.0000000000
   0.8119047700   0.0000000000  -0.0000000000  -0.0000000000
   0.8155132357   0.0000000000  -0.0000000000  -0.0000000000
   0.8191217013  -0.0000000000   0.0000000000   0.0000000000
   0.8227301670  -0.0000000000   0.0000000000   0.0000000000
   0.8263386326  -0.0000000000   0.0000000000  -0.0000000000
   0.8299470983   0.0000000000  -0.0000000000  -0.0000000000
   0.8335555639   0.0000000000  -0.0000000000  -0.0000000000
   0.8371640296  -0.0000000000   0.0000000000   0.0000000000
   0.8407724952  -0.0000000000   0.0000000000   0.0000000000
   0.8443809608  -0.0000000000   0.0000000000   0.0000000000
   0.8479894265   0.0000000000  -0.0000000000  -0.0000000000
   0.8515978921   0.0000000000  -0.0000000000  -0.0000000000
   0.8552063578   0.0000000000  -0.0000000000  -0.0000000000
   0.8588148234  -0.0000000000   0.0000000000   0.0000000000
   0.8624232891  -0.0000000000   0.0000000000   0.0000000000
   0.8660317547  -0.0000000000   0.0000000000  -0.0000000000
   0.8696402204   0.0000000000  -0.0000000000  -0.0000000000
   0.8732486860   0.0000000000  -0.0000000000  -0.0000000000
   0.8768571516  -0.0000000000   0.0000000000   0.0000000000
   0.8804656173  -0.0000000000   0.0000000000   0.0000000000
   0.8840740829  -0.0000000000   0.0000000000   0.0000000000
   0.8876825486   0.0000000000  -0.0000000000  -0.0000000000
   0.8912910142   0.0000000000  -0.0000000000  -0.0000000000
   0.8948994799   0.0000000000  -0.0000000000   0.0000000000
   0.8985079455  -0.0000000000   0.0000000000   0.0000000000
   0.9021164112  -0.0000000000   0.0000000000   0.0000000000
   0.9057248768   0.0000000000  -0.0000000000  -0.0000000000
   0.9093333424   0.0000000000  -0.0000000000  -0.0000000000
   0.9129418081   0.0000000000  -0.0000000000  -0.0000000000
   0.9165502737  -0.0000000000   0.0000000000   0.0000000000
   0.9201587394  -0.0000000000   0.0000000000   0.0000000000
   0.9237672050  -0.0000000000   0.0000000000  -0.0000000000
   0.9273756707   0.0000000000  -0.0000000000  -0.0000000000
   0.9309841363   0.0000000000  -0.0000000000  -0.0000000000
   0.9345926020  -0.0000000000   0.0000000000   0.0000000000
   0.9382010676  -0.0000000000   0.0000000000   0.0000000000
   0.9418095332  -0.0000000000   0.0000000000   0.0000000000
   0.9454179989   0.0000000000  -0.0000000000  -0.0000000000
   0.9490264645   0.0000000000  -0.0000000000  -0.0000000000
   0.9526349302   0.0000000000  -0.0000000000  -0.0000000000
   0.9562433958  -0.0000000000   0.0000000000   0.0000000000
   0.9598518615  -0.0000000000   0.0000000000   0.0000000000
   0.9634603271   0.0000000000   0.0000000000  -0.0000000000
   0.9670687928   0.0000000000  -0.0000000000  -0.0000000000
   0.9706772584   0.0000000000  -0.0000000000  -0.0000000000
   0.9742857240  -0.0000000000   0.0000000000   0.0000000000
   0.9778941897  -0.0000000000   0.0000000000   0.0000000000
   0.9815026553  -0.0000000000   0.0000000000   0.0000000000
   0.9851111210   0.0000000000  -0.0000000000  -0.0000000000
   0.9887195866   0.0000000000  -0.0000000000  -0.0000000000
   0.9923280523   0.0000000000  -0.0000000000   0.0000000000
   0.9959365179  -0.0000000000   0.0000000000   0.0000000000
   0.9995449836  -0.0000000000   0.0000000000   0.0000000000
   1.0031534492   0.0000000000  -0.0000000000  -0.0000000000
   1.0067619148   0.0000000000  -0.0000000000  -0.0000000000
   1.0103703805   0.0000000000  -0.0000000000  -0.0000000000
   1.0139788461  -0.0000000000   0.0000000000   0.0000000000
   1.0175873118  -0.0000000000   0.0000000000   0.0000000000
   1.0211957774  -0.0000000000   0.0000000000  -0.0000000000
   1.0248042431   0.0000000000  -0.0000000000  -0.0000000000
   1.0284127087   0.0000000000  -0.0000000000  -0.0000000000
   1.0320211744  -0.0000000000   0.0000000000   0.0000000000
   1.0356296400  -0.0000000000   0.0000000000   0.0000000000
   1.0392381056  -0.0000000000   0.0000000000   0.0000000000
   1.0428465713   0.0000000000  -0.0000000000  -0.0000000000
   1.0464550369   0.0000000000  -0.0000000000  -0.0000000000
   1.0500635026   0.0000000000  -0.0000000000   0.0000000000
   1.0536719682  -0.0000000000   0.0000000000   0.0000000000
   1.0572804339  -0.0000000000   0.0000000000   0.0000000000
   1.0608888995   0.0000000000  -0.0000000000  -0.0000000000
   1.0644973652   0.0000000000  -0.0000000000  -0.0000000000
   1.0681058308   0.0000000000  -0.0000000000  -0.0000000000
   1.0717142965  -0.0000000000   0.0000000000   0.0000000000
   1.0753227621  -0.0000000000   0.0000000000   0.0000000000
   1.0789312277   0.0000000000   0.0000000000  -0.0000000000
   1.0825396934   0.0000000000  -0.0000000000  -0.0000000000
   1.0861481590   0.0000000000  -0.0000000000  -0.0000000000
   1.0897566247  -0.0000000000   0.0000000000   0.0000000000
   1.0933650903  -0.0000000000   0.0000000000   0.0000000000
   1.0969735560  -0.0000000000   0.0000000000  -0.0000000000
   1.1005820216   0.0000000000  -0.0000000000  -0.0000000000
   1.1041904873   0.0000000000  -0.0000000000  -0.0000000000
   1.1077989529  -0.0000000000  -0.0000000000   0.0000000000
   1.1114074185  -0.0000000000   0.0000000000   0.0000000000
   1.1150158842  -0.0000000000   0.0000000000   0.0000000000
   1.1186243498   0.0000000000  -0.0000000000  -0.0000000000
   1.1222328155   0.0000000000  -0.0000000000  -0.0000000000
   1.1258412811   0.0000000000  -0.0000000000   0.0000000000
   1.1294497468  -0.0000000000   0.0000000000   0.0000000000
   1.1330582124  -0.0000000000   0.0000000000   0.0000000000
   1.1366666781   0.0000000000  -0.0000000000  -0.0000000000
   1.1402751437   0.0000000000  -0.0000000000  -0.0000000000
   1.1438836093   0.0000000000  -0.0000000000  -0.0000000000
   1.1474920750  -0.0000000000   0.0000000000   0.0000000000
   1.1511005406  -0.0000000000   0.0000000000   0.0000000000
   1.1547090063  -0.0000000000   0.0000000000  -0.0000000000
   1.1583174719   0.0000000000  -0.0000000000  -0.0000000000
   1.1619259376   0.0000000000  -0.0000000000  -0.0000000000
   1.1655344032  -0.0000000000   0.0000000000   0.0000000000
   1.1691428689  -0.0000000000   0.0000000000   0.0000000000
   1.1727513345  -0.0000000000   0.0000000000   0.0000000000
   1.1763598001   0.0000000000  -0.0000000000  -0.0000000000
   1.1799682658   0.0000000000  -0.0000000000  -0.0000000000
   1.1835767314  -0.0000000000  -0.0000000000   0.0000000000
   1.1871851971  -0.0000000000   0.0000000000   0.0000000000
   1.1907936627  -0.0000000000   0.0000000000   0.0000000000
   1.1944021284   0.0000000000  -0.0000000000  -0.0000000000
   1.1980105940   0.0000000000  -0.0000000000  -0.0000000000
   1.2016190597   0.0000000000  -0.0000000000   0.0000000000
   1.2052275253  -0.0000000000   0.0000000000   0.0000000000
   1.2088359909  -0.0000000000   0.0000000000   0.0000000000
   1.2124444566   0.0000000000  -0.0000000000  -0.0000000000
   1.2160529222   0.0000000000  -0.0000000000  -0.0000000000
   1.2196613879   0.0000000000  -0.0000000000  -0.0000000000
   1.2232698535  -0.0000000000   0.0000000000   0.0000000000
   1.2268783192  -0.0000000000   0.0000000000   0.0000000000
   1.2304867848  -0.0000000000   0.0000000000  -0.0000000000
   1.2340952505   0.0000000000  -0.0000000000  -0.0000000000
   1.2377037161   0.0000000000  -0.0000000000  -0.0000000000
   1.2413121817  -0.0000000000   0.0000000000   0.0000000000
   1.2449206474  -0.0000000000   0.0000000000   0.0000000000
   1.2485291130  -0.0000000000   0.0000000000   0.0000000000
   1.2521375787   0.0000000000  -0.0000000000  -0.0000000000
   1.2557460443   0.0000000000  -0.0000000000  -0.0000000000
   1.2593545100  -0.0000000000  -0.0000000000   0.0000000000
   1.2629629756  -0.0000000000   0.0000000000   0.0000000000
   1.2665714413  -0.0000000000   0.0000000000   0.0000000000
   1.2701799069   0.0000000000  -0.0000000000  -0.0000000000
   1.2737883725   0.0000000000  -0.0000000000  -0.0000000000
   1.2773968382   0.0000000000  -0.0000000000   0.0000000000
   1.2810053038  -0.0000000000   0.0000000000   0.0000000000
   1.2846137695  -0.0000000000   0.0000000000   0.0000000000
   1.2882222351   0.0000000000  -0.0000000000  -0.0000000000
   1.2918307008   0.0000000000  -0.0000000000  -0.0000000000
   1.2954391664   0.0000000000  -0.0000000000  -0.0000000000
   1.2990476321  -0.0000000000   0.0000000000   0.0000000000
   1.3026560977  -0.0000000000   0.0000000000   0.0000000000
   1.3062645634  -0.0000000000   0.0000000000  -0.0000000000
   1.3098730290   0.0000000000  -0.0000000000  -0.0000000000
   1.3134814946   0.0000000000  -0.0000000000  -0.0000000000
   1.3170899603  -0.0000000000   0.0000000000   0.0000000000
   1.3206984259  -0.0000000000   0.0000000000   0.0000000000
   1.3243068916  -0.0000000000   0.0000000000   0.0000000000
   1.3279153572   0.0000000000  -0.0000000000  -0.0000000000
   1.3315238229   0.0000000000  -0.0000000000  -0.0000000000
   1.3351322885  -0.0000000000  -0.0000000000   0.0000000000
   1.3387407542  -0.0000000000   0.0000000000   0.0000000000
   1.3423492198  -0.0000000000   0.0000000000   0.0000000000
   1.3459576854   0.0000000000  -0.0000000000  -0.0000000000
   1.3495661511   0.0000000000  -0.0000000000  -0.0000000000
   1.3531746167   0.0000000000  -0.0000000000   0.0000000000
   1.3567830824  -0.0000000000   0.0000000000   0.0000000000
   1.3603915480  -0.0000000000   0.0000000000   0.0000000000
   1.3640000137   0.0000000000  -0.0000000000  -0.0000000000
   1.3676084793   0.0000000000  -0.0000000000  -0.0000000000
   1.3712169450   0.0000000000  -0.0000000000  -0.0000000000
   1.3748254106  -0.0000000000   0.0000000000   0.0000000000
   1.3784338762  -0.0000000000   0.0000000000   0.0000000000
   1.3820423419  -0.0000000000   0.0000000000  -0.0000000000
   1.3856508075   0.0000000000  -0.0000000000  -0.0000000000
   1.3892592732   0.0000000000  -0.0000000000  -0.0000000000
   1.3928677388  -0.0000000000   0.0000000000   0.0000000000
   1.3964762045  -0.0000000000   0.0000000000   0.0000000000
   1.4000846701  -0.0000000000   0.0000000000   0.0000000000
   1.4036931358   0.0000000000  -0.0000000000  -0.0000000000
   1.4073016014   0.0000000000  -0.0000000000  -0.0000000000
   1.4109100670  -0.0000000000  -0.0000000000   0.0000000000
   1.4145185327  -0.0000000000   0.0000000000   0.0000000000
   1.4181269983  -0.0000000000   0.0000000000   0.0000000000
   1.4217354640   0.0000000000  -0.0000000000  -0.0000000000
   1.4253439296   0.0000000000  -0.0000000000  -0.0000000000
   1.4289523953   0.0000000000  -0.0000000000   0.0000000000
   1.4325608609  -0.0000000000   0.0000000000   0.0000000000
   1.4361693266  -0.0000000000   0.0000000000   0.0000000000
   1.4397777922   0.0000000000  -0.0000000000  -0.0000000000
   1.4433862578   0.0000000000  -0.0000000000  -0.0000000000
   1.4469947235   0.0000000000  -0.0000000000  -0.0000000000
   1.4506031891  -0.0000000000   0.0000000000   0.0000000000
   1.4542116548  -0.0000000000   0.0000000000   0.0000000000
   1.4578201204   0.0000000000   0.0000000000  -0.0000000000
   1.4614285861   0.0000000000  -0.0000000000  -0.0000000000
   1.4650370517   0.0000000000  -0.0000000000  -0.0000000000
   1.4686455174  -0.0000000000   0.0000000000   0.0000000000
   1.4722539830  -0.0000000000   0.0000000000   0.0000000000
   1.4758624486  -0.0000000000   0.0000000000  -0.0000000000
   1.4794709143   0.0000000000  -0.0000000000  -0.0000000000
   1.4830793799   0.0000000000  -0.0000000000  -0.0000000000
   1.4866878456  -0.0000000000   0.0000000000   0.0000000000
   1.4902963112  -0.0000000000   0.0000000000   0.0000000000
   1.4939047769  -0.0000000000   0.0000000000   0.0000000000
   1.4975132425   0.0000000000  -0.0000000000  -0.0000000000
   1.5011217082   0.0000000000  -0.0000000000  -0.0000000000
   1.5047301738   0.0000000000  -0.0000000000   0.0000000000
   1.5083386394  -0.0000000000   0.0000000000   0.0000000000
   1.5119471051  -0.0000000000   0.0000000000   0.0000000000
   1.5155555707   0.0000000000  -0.0000000000  -0.0000000000
   1.5191640364   0.0000000000  -0.0000000000  -0.0000000000
   1.5227725020   0.0000000000  -0.0000000000  -0.0000000000
   1.5263809677  -0.0000000000   0.0000000000   0.0000000000
   1.5299894333  -0.0000000000   0.0000000000   0.0000000000
   1.5335978990   0.0000000000   0.0000000000  -0.0000000000
   1.5372063646   0.0000000000  -0.0000000000  -0.0000000000
   1.5408148303   0.0000000000  -0.0000000000  -0.0000000000
   1.5444232959  -0.0000000000   0.0000000000   0.0000000000
   1.5480317615  -0.0000000000   0.0000000000   0.0000000000
   1.5516402272  -0.0000000000   0.0000000000  -0.0000000000
   1.5552486928   0.0000000000  -0.0000000000  -0.0000000000
   1.5588571585   0.0000000000  -0.0000000000  -0.0000000000
   1.5624656241  -0.0000000000   0.0000000000   0.0000000000
   1.5660740898  -0.0000000000   0.0000000000   0.0000000000
   1.5696825554  -0.0000000000   0.0000000000   0.0000000000
   1.5732910211   0.0000000000  -0.0000000000  -0.0000000000
   1.5768994867   0.0000000000  -0.0000000000  -0.0000000000
   1.5805079523   0.0000000000  -0.0000000000   0.0000000000
   1.5841164180  -0.0000000000   0.0000000000   0.0000000000
   1.5877248836  -0.0000000000   0.0000000000   0.0000000000
   1.5913333493   0.0000000000  -0.0000000000  -0.0000000000
   1.5949418149   0.0000000000  -0.0000000000  -0.0000000000
   1.5985502806   0.0000000000  -0.0000000000  -0.0000000000
   1.6021587462  -0.0000000000   0.0000000000   0.0000000000
   1.6057672119  -0.0000000000   0.0000000000   0.0000000000
   1.6093756775   0.0000000000   0.0000000000  -0.0000000000
   1.6129841431   0.0000000000  -0.0000000000  -0.0000000000
   1.6165926088   0.0000000000  -0.0000000000  -0.0000000000
   1.6202010744  -0.0000000000   0.0000000000   0.0000000000
   1.6238095401  -0.0000000000   0.0000000000   0.0000000000
   1.6274180057  -0.0000000000   0.0000000000  -0.0000000000
   1.6310264714   0.0000000000  -0.0000000000  -0.0000000000
   1.6346349370   0.0000000000  -0.0000000000  -0.0000000000
   1.6382434027  -0.0000000000   0.0000000000   0.0000000000
   1.6418518683  -0.0000000000   0.0000000000   0.0000000000
   1.6454603339  -0.0000000000   0.0000000000   0.0000000000
   1.6490687996   0.0000000000  -0.0000000000  -0.0000000000
   1.6526772652   0.0000000000  -0.0000000000  -0.0000000000
   1.6562857309   0.0000000000  -0.0000000000   0.0000000000
   1.6598941965  -0.0000000000   0.0000000000   0.0000000000
   1.6635026622  -0.0000000000   0.0000000000   0.0000000000
   1.6671111278   0.0000000000  -0.0000000000  -0.0000000000
   1.6707195935   0.0000000000  -0.0000000000  -0.0000000000
   1.6743280591   0.0000000000  -0.0000000000  -0.0000000000
   1.6779365247  -0.0000000000   0.0000000000   0.0000000000
   1.6815449904  -0.0000000000   0.0000000000   0.0000000000
   1.6851534560  -0.0000000000   0.0000000000  -0.0000000000
   1.6887619217   0.0000000000  -0.0000000000  -0.0000000000
   1.6923703873   0.0000000000  -0.0000000000  -0.0000000000
   1.6959788530  -0.0000000000   0.0000000000   0.0000000000
   1.6995873186  -0.0000000000   0.0000000000   0.0000000000
   1.7031957843  -0.0000000000   0.0000000000  -0.0000000000
   1.7068042499   0.0000000000  -0.0000000000  -0.0000000000
   1.7104127155   0.0000000000  -0.0000000000  -0.0000000000
   1.7140211812  -0.0000000000  -0.0000000000   0.0000000000
   1.7176296468  -0.0000000000   0.0000000000   0.0000000000
   1.7212381125  -0.0000000000   0.0000000000   0.0000000000
   1.7248465781   0.0000000000  -0.0000000000  -0.0000000000
   1.7284550438   0.0000000000  -0.0000000000  -0.0000000000
   1.7320635094  -0.0000000000  -0.0000000000   0.0000000000
   1.7356719751  -0.0000000000   0.0000000000   0.0000000000
   1.7392804407  -0.0000000000   0.0000000000   0.0000000000
   1.7428889063   0.0000000000   0.0000000000  -0.0000000000
   1.7464973720   0.0000000000  -0.0000000000  -0.0000000000
   1.7501058376   0.0000000000  -0.0000000000  -0.0000000000
   1.7537143033  -0.0000000000   0.0000000000   0.0000000000
   1.7573227689  -0.0000000000   0.0000000000   0.0000000000
   1.7609312346  -0.0000000000   0.0000000000  -0.0000000000
   1.7645397002   0.0000000000  -0.0000000000  -0.0000000000
   1.7681481659   0.0000000000  -0.0000000000  -0.0000000000
   1.7717566315  -0.0000000000   0.0000000000   0.0000000000
   1.7753650971  -0.0000000000   0.0000000000   0.0000000000
   1.7789735628  -0.0000000000   0.0000000000   0.0000000000
   1.7825820284   0.0000000000  -0.0000000000  -0.0000000000
   1.7861904941   0.0000000000  -0.0000000000  -0.0000000000
   1.7897989597   0.0000000000   0.0000000000  -0.0000000000
   1.7934074254  -0.0000000000   0.0000000000   0.0000000000
   1.7970158910  -0.0000000000   0.0000000000   0.0000000000
   1.8006243567   0.0000000000  -0.0000000000  -0.0000000000
   1.8042328223   0.0000000000  -0.0000000000  -0.0000000000
   1.8078412880   0.0000000000  -0.0000000000  -0.0000000000
   1.8114497536  -0.0000000000   0.0000000000   0.0000000000
   1.8150582192  -0.0000000000   0.0000000000   0.0000000000
   1.8186666849  -0.0000000000  -0.0000000000   0.0000000000
   1.8222751505   0.0000000000  -0.0000000000  -0.0000000000
   1.8258836162   0.0000000000  -0.0000000000  -0.0000000000
   1.8294920818  -0.0000000000   0.0000000000   0.0000000000
   1.8331005475  -0.0000000000   0.0000000000  -0.0000000000
   1.8367090131  -0.0000000000   0.0000000000  -0.0000000000
   1.8403174788   0.0000000000  -0.0000000000  -0.0000000000
   1.8439259444   0.0000000000  -0.0000000000   0.0000000000
   1.8475344100  -0.0000000000  -0.0000000000   0.0000000000
   1.8511428757  -0.0000000000   0.0000000000   0.0000000000
   1.8547513413   0.0000000000   0.0000000000  -0.0000000000
   1.8583598070   0.0000000000  -0.0000000000  -0.0000000000
   1.8619682726   0.0000000000  -0.0000000000  -0.0000000000
   1.8655767383  -0.0000000000  -0.0000000000   0.0000000000
   1.8691852039  -0.0000000000   0.0000000000   0.0000000000
   1.8727936696  -0.0000000000   0.0000000000  -0.0000000000
   1.8764021352   0.0000000000   0.0000000000  -0.0000000000
   1.8800106008   0.0000000000  -0.0000000000  -0.0000000000
   1.8836190665  -0.0000000000  -0.0000000000   0.0000000000
   1.8872275321  -0.0000000000  -0.0000000000   0.0000000000
   1.8908359978  -0.0000000000   0.0000000000   0.0000000000
   1.8944444634   0.0000000000   0.0000000000  -0.0000000000
   1.8980529291   0.0000000000   0.0000000000  -0.0000000000
   1.9016613947   0.0000000000  -0.0000000000  -0.0000000000
   1.9052698604  -0.0000000000  -0.0000000000   0.0000000000
   1.9088783260  -0.0000000000  -0.0000000000   0.0000000000
   1.9124867916  -0.0000000000  -0.0000000000   0.0000000000
   1.9160952573   0.0000000000  -0.0000000000  -0.0000000000
   1.9197037229   0.0000000000   0.0000000000  -0.0000000000
   1.9233121886   0.0000000000   0.0000000000  -0.0000000000
   1.9269206542  -0.0000000000   0.0000000000   0.0000000000
   1.9305291199  -0.0000000000  -0.0000000000   0.0000000000
   1.9341375855  -0.0000000000  -0.0000000000   0.0000000000
   1.9377460512   0.0000000000  -0.0000000000  -0.0000000000
   1.9413545168   0.0000000000   0.0000000000  -0.0000000000
   1.9449629824   0.0000000000   0.0000000000  -0.0000000000
   1.9485714481  -0.0000000000   0.0000000000   0.0000000000
   1.9521799137  -0.0000000000  -0.0000000000   0.0000000000
   1.9557883794  -0.0000000000  -0.0000000000   0.0000000000
   1.9593968450   0.0000000000  -0.0000000000  -0.0000000000
   1.9630053107   0.0000000000   0.0000000000  -0.0000000000
   1.9666137763   0.0000000000   0.0000000000  -0.0000000000
   1.9702222420  -0.0000000000   0.0000000000  -0.0000000000
   1.9738307076  -0.0000000000  -0.0000000000   0.0000000000
   1.9774391732  -0.0000000000  -0.0000000000   0.0000000000
   1.9810476389  -0.0000000000  -0.0000000000   0.0000000000
   1.9846561045   0.0000000000   0.0000000000  -0.0000000000
   1.9882645702   0.0000000000   0.0000000000  -0.0000000000
   1.9918730358   0.0000000000   0.0000000000  -0.0000000000
   1.9954815015  -0.0000000000  -0.0000000000   0.0000000000
   1.9990899671  -0.0000000000  -0.0000000000   0.0000000000
   2.0026984328  -0.0000000000  -0.0000000000   0.0000000000
   2.0063068984   0.0000000000   0.0000000000  -0.0000000000
   2.0099153640   0.0000000000   0.0000000000  -0.0000000000
   2.0135238297   0.0000000000   0.0000000000  -0.0000000000
   2.0171322953  -0.0000000000  -0.0000000000   0.0000000000
   2.0207407610  -0.0000000000  -0.0000000000   0.0000000000
   2.0243492266  -0.0000000000  -0.0000000000   0.0000000000
   2.0279576923   0.0000000000   0.0000000000  -0.0000000000
   2.0315661579   0.0000000000   0.0000000000  -0.0000000000
   2.0351746236   0.0000000000   0.0000000000  -0.0000000000
   2.0387830892  -0.0000000000  -0.0000000000   0.0000000000
   2.0423915549  -0.0000000000  -0.0000000000   0.0000000000
   2.0460000205  -0.0000000000  -0.0000000000   0.0000000000
   2.0496084861   0.0000000000   0.0000000000  -0.0000000000
   2.0532169518   0.0000000000   0.0000000000  -0.0000000000
   2.0568254174   0.0000000000   0.0000000000  -0.0000000000
   2.0604338831  -0.0000000000  -0.0000000000   0.0000000000
   2.0640423487  -0.0000000000  -0.0000000000   0.0000000000
   2.0676508144  -0.0000000000  -0.0000000000   0.0000000000
   2.0712592800   0.0000000000   0.0000000000  -0.0000000000
   2.0748677457   0.0000000000   0.0000000000  -0.0000000000
   2.0784762113   0.0000000000   0.0000000000  -0.0000000000
   2.0820846769  -0.0000000000   0.0000000000   0.0000000000
   2.0856931426  -0.0000000000  -0.0000000000   0.0000000000
   2.0893016082  -0.0000000000  -0.0000000000   0.0000000000
   2.0929100739   0.0000000000  -0.0000000000  -0.0000000000
   2.0965185395   0.0000000000   0.0000000000  -0.0000000000
   2.1001270052   0.0000000000   0.0000000000  -0.0000000000
   2.1037354708  -0.0000000000   0.0000000000   0.0000000000
   2.1073439365  -0.0000000000  -0.0000000000   0.0000000000
   2.1109524021  -0.0000000000  -0.0000000000   0.0000000000
   2.1145608677   0.0000000000  -0.0000000000  -0.0000000000
   2.1181693334   0.0000000000   0.0000000000  -0.0000000000
   2.1217777990   0.0000000000   0.0000000000  -0.0000000000
   2.1253862647  -0.0000000000   0.0000000000  -0.0000000000
   2.1289947303  -0.0000000000  -0.0000000000   0.0000000000
   2.1326031960  -0.0000000000  -0.0000000000   0.0000000000
   2.1362116616   0.0000000000  -0.0000000000   0.0000000000
   2.1398201273   0.0000000000   0.0000000000  -0.0000000000
   2.1434285929   0.0000000000   0.0000000000  -0.0000000000
   2.1470370585   0.0000000000   0.0000000000  -0.0000000000
   2.1506455242  -0.0000000000  -0.0000000000   0.0000000000
   2.1542539898  -0.0000000000  -0.0000000000   0.0000000000
   2.1578624555  -0.0000000000  -0.0000000000   0.0000000000
   2.1614709211   0.0000000000   0.0000000000  -0.0000000000
   2.1650793868   0.0000000000   0.0000000000  -0.0000000000
   2.1686878524   0.0000000000   0.0000000000  -0.0000000000
   2.1722963181  -0.0000000000  -0.0000000000   0.0000000000
   2.1759047837  -0.0000000000  -0.0000000000   0.0000000000
   2.1795132493  -0.0000000000  -0.0000000000   0.0000000000
   2.1831217150   0.0000000000   0.0000000000  -0.0000000000
   2.1867301806   0.0000000000   0.0000000000  -0.0000000000
   2.1903386463   0.0000000000   0.0000000000  -0.0000000000
   2.1939471119  -0.0000000000  -0.0000000000   0.0000000000
   2.1975555776  -0.0000000000  -0.0000000000   0.0000000000
   2.2011640432  -0.0000000000  -0.0000000000   0.0000000000
   2.2047725089   0.0000000000   0.0000000000  -0.0000000000
   2.2083809745   0.0000000000   0.0000000000  -0.0000000000
   2.2119894401   0.0000000000   0.0000000000  -0.0000000000
   2.2155979058  -0.0000000000  -0.0000000000   0.0000000000
   2.2192063714  -0.0000000000  -0.0000000000   0.0000000000
   2.2228148371  -0.0000000000  -0.0000000000   0.0000000000
   2.2264233027   0.0000000000   0.0000000000  -0.0000000000
   2.2300317684   0.0000000000   0.0000000000  -0.0000000000
   2.2336402340   0.0000000000   0.0000000000  -0.0000000000
   2.2372486997  -0.0000000000  -0.0000000000   0.0000000000
   2.2408571653  -0.0000000000  -0.0000000000   0.0000000000
   2.2444656309  -0.0000000000  -0.0000000000   0.0000000000
   2.2480740966   0.0000000000   0.0000000000  -0.0000000000
   2.2516825622   0.0000000000   0.0000000000  -0.0000000000
   2.2552910279   0.0000000000   0.0000000000  -0.0000000000
   2.2588994935  -0.0000000000   0.0000000000   0.0000000000
   2.2625079592  -0.0000000000  -0.0000000000   0.0000000000
   2.2661164248  -0.0000000000  -0.0000000000   0.0000000000
   2.2697248905   0.0000000000  -0.0000000000  -0.0000000000
   2.2733333561   0.0000000000   0.0000000000  -0.0000000000
   2.2769418218   0.0000000000   0.0000000000  -0.0000000000
   2.2805502874  -0.0000000000   0.0000000000  -0.0000000000
   2.2841587530  -0.0000000000  -0.0000000000   0.0000000000
   2.2877672187  -0.0000000000  -0.0000000000   0.0000000000
   2.2913756843   0.0000000000  -0.0000000000   0.0000000000
   2.2949841500   0.0000000000   0.0000000000  -0.0000000000
   2.2985926156   0.0000000000   0.0000000000  -0.0000000000
   2.3022010813  -0.0000000000   0.0000000000  -0.0000000000
   2.3058095469  -0.0000000000  -0.0000000000   0.0000000000
   2.3094180126  -0.0000000000  -0.0000000000   0.0000000000
   2.3130264782  -0.0000000000  -0.0000000000   0.0000000000
   2.3166349438   0.0000000000   0.0000000000  -0.0000000000
   2.3202434095   0.0000000000   0.0000000000  -0.0000000000
   2.3238518751   0.0000000000   0.0000000000  -0.0000000000
   2.3274603408  -0.0000000000  -0.0000000000   0.0000000000
   2.3310688064  -0.0000000000  -0.0000000000   0.0000000000
   2.3346772721  -0.0000000000  -0.0000000000   0.0000000000
   2.3382857377   0.0000000000   0.0000000000  -0.0000000000
   2.3418942034   0.0000000000   0.0000000000  -0.0000000000
   2.3455026690   0.0000000000   0.0000000000  -0.0000000000
   2.3491111346  -0.0000000000  -0.0000000000   0.0000000000
   2.3527196003  -0.0000000000  -0.0000000000   0.0000000000
   2.3563280659  -0.0000000000  -0.0000000000   0.0000000000
   2.3599365316   0.0000000000   0.0000000000  -0.0000000000
   2.3635449972   0.0000000000   0.0000000000  -0.0000000000
   2.3671534629   0.0000000000   0.0000000000  -0.0000000000
   2.3707619285  -0.0000000000  -0.0000000000   0.0000000000
   2.3743703942  -0.0000000000  -0.0000000000   0.0000000000
   2.3779788598  -0.0000000000  -0.0000000000   0.0000000000
   2.3815873254   0.0000000000  -0.0000000000  -0.0000000000
   2.3851957911   0.0000000000   0.0000000000  -0.0000000000
   2.3888042567   0.0000000000   0.0000000000  -0.0000000000
   2.3924127224  -0.0000000000   0.0000000000   0.0000000000
   2.3960211880  -0.0000000000  -0.0000000000   0.0000000000
   2.3996296537  -0.0000000000  -0.0000000000   0.0000000000
   2.4032381193   0.0000000000   0.0000000000  -0.0000000000
   2.4068465850   0.0000000000   0.0000000000  -0.0000000000
   2.4104550506   0.0000000000  -0.0000000000  -0.0000000000
   2.4140635162   0.0000000000  -0.0000000000  -0.0000000000
   2.4176719819  -0.0000000000  -0.0000000000   0.0000000000
   2.4212804475  -0.0000000000  -0.0000000000   0.0000000000
   2.4248889132  -0.0000000000   0.0000000000   0.0000000000
   2.4284973788  -0.0000000000   0.0000000000  -0.0000000000
   2.4321058445  -0.0000000000   0.0000000000  -0.0000000000
   2.4357143101   0.0000000000  -0.0000000000  -0.0000000000
   2.4393227758   0.0000000000  -0.0000000000   0.0000000000
   2.4429312414   0.0000000000  -0.0000000000   0.0000000000
   2.4465397070   0.0000000000  -0.0000000000  -0.0000000000
   2.4501481727  -0.0000000000   0.0000000000  -0.0000000000
   2.4537566383  -0.0000000000   0.0000000000  -0.0000000000
   2.4573651040  -0.0000000000   0.0000000000   0.0000000000
   2.4609735696  -0.0000000000   0.0000000000   0.0000000000
   2.4645820353  -0.0000000000   0.0000000000   0.0000000000
   2.4681905009   0.0000000000  -0.0000000000  -0.0000000000
   2.4717989666   0.0000000000  -0.0000000000  -0.0000000000
   2.4754074322   0.0000000000  -0.0000000000  -0.0000000000
   2.4790158978   0.0000000000  -0.0000000000  -0.0000000000
   2.4826243635  -0.0000000000   0.0000000000   0.0000000000
   2.4862328291  -0.0000000000   0.0000000000   0.0000000000
   2.4898412948  -0.0000000000   0.0000000000   0.0000000000
   2.4934497604  -0.0000000000   0.0000000000   0.0000000000
   2.4970582261   0.0000000000   0.0000000000  -0.0000000000
   2.5006666917   0.0000000000  -0.0000000000  -0.0000000000
   2.5042751574   0.0000000000  -0.0000000000  -0.0000000000
   2.5078836230   0.0000000000  -0.0000000000  -0.0000000000
   2.5114920887   0.0000000000  -0.0000000000   0.0000000000
   2.5151005543  -0.0000000000   0.0000000000   0.0000000000
   2.5187090199  -0.0000000000   0.0000000000   0.0000000000
   2.5223174856  -0.0000000000   0.0000000000   0.0000000000
   2.5259259512  -0.0000000000   0.0000000000   0.0000000000
   2.5295344169   0.0000000000  -0.0000000000  -0.0000000000
   2.5331428825   0.0000000000  -0.0000000000  -0.0000000000
   2.5367513482   0.0000000000  -0.0000000000  -0.0000000000
   2.5403598138   0.0000000000  -0.0000000000  -0.0000000000
   2.5439682795  -0.0000000000  -0.0000000000   0.0000000000
   2.5475767451  -0.0000000000   0.0000000000   0.0000000000
   2.5511852107  -0.0000000000   0.0000000000   0.0000000000
   2.5547936764  -0.0000000000   0.0000000000   0.0000000000
   2.5584021420  -0.0000000000   0.0000000000   0.0000000000
   2.5620106077   0.0000000000  -0.0000000000  -0.0000000000
   2.5656190733   0.0000000000  -0.0000000000  -0.0000000000
   2.5692275390   0.0000000000  -0.0000000000  -0.0000000000
   2.5728360046   0.0000000000  -0.0000000000  -0.0000000000
   2.5764444703  -0.0000000000   0.0000000000   0.0000000000
   2.5800529359  -0.0000000000   0.0000000000   0.0000000000
   2.5836614015  -0.0000000000   0.0000000000   0.0000000000
   2.5872698672  -0.0000000000   0.0000000000   0.0000000000
   2.5908783328  -0.0000000000   0.0000000000  -0.0000000000
   2.5944867985   0.0000000000  -0.0000000000  -0.0000000000
   2.5980952641   0.0000000000  -0.0000000000  -0.0000000000
   2.6017037298   0.0000000000  -0.0000000000  -0.0000000000
   2.6053121954   0.0000000000  -0.0000000000  -0.0000000000
   2.6089206611  -0.0000000000   0.0000000000   0.0000000000
   2.6125291267  -0.0000000000   0.0000000000   0.0000000000
   2.6161375923  -0.0000000000   0.0000000000   0.0000000000
   2.6197460580  -0.0000000000   0.0000000000   0.0000000000
   2.6233545236   0.0000000000   0.0000000000  -0.0000000000
   2.6269629893   0.0000000000  -0.0000000000  -0.0000000000
   2.6305714549   0.0000000000  -0.0000000000  -0.0000000000
   2.6341799206   0.0000000000  -0.0000000000  -0.0000000000
   2.6377883862   0.0000000000  -0.0000000000  -0.0000000000
   2.6413968519  -0.0000000000   0.0000000000   0.0000000000
   2.6450053175  -0.0000000000   0.0000000000   0.0000000000
   2.6486137831  -0.0000000000   0.0000000000   0.0000000000
   2.6522222488  -0.0000000000   0.0000000000   0.0000000000
   2.6558307144   0.0000000000   0.0000000000  -0.0000000000
   2.6594391801   0.0000000000  -0.0000000000  -0.0000000000
   2.6630476457   0.0000000000  -0.0000000000  -0.0000000000
   2.6666561114   0.0000000000  -0.0000000000  -0.0000000000
   2.6702645770   0.0000000000  -0.0000000000  -0.0000000000
   2.6738730427  -0.0000000000   0.0000000000   0.0000000000
   2.6774815083  -0.0000000000   0.0000000000   0.0000000000
   2.6810899739  -0.0000000000   0.0000000000   0.0000000000
   2.6846984396  -0.0000000000   0.0000000000   0.0000000000
   2.6883069052   0.0000000000  -0.0000000000  -0.0000000000
   2.6919153709   0.0000000000  -0.0000000000  -0.0000000000
   2.6955238365   0.0000000000  -0.0000000000  -0.0000000000
   2.6991323022   0.0000000000  -0.0000000000  -0.0000000000
   2.7027407678   0.0000000000  -0.0000000000   0.0000000000
   2.7063492335  -0.0000000000   0.0000000000   0.0000000000
   2.7099576991  -0.0000000000   0.0000000000   0.0000000000
   2.7135661647  -0.0000000000   0.0000000000   0.0000000000
   2.7171746304  -0.0000000000   0.0000000000   0.0000000000
   2.7207830960   0.0000000000  -0.0000000000  -0.0000000000
   2.7243915617   0.0000000000  -0.0000000000  -0.0000000000
   2.7280000273   0.0000000000  -0.0000000000  -0.0000000000
   2.7316084930   0.0000000000  -0.0000000000  -0.0000000000
   2.7352169586   0.0000000000  -0.0000000000   0.0000000000
   2.7388254243  -0.0000000000   0.0000000000   0.0000000000
   2.7424338899  -0.0000000000   0.0000000000   0.0000000000
   2.7460423556  -0.0000000000   0.0000000000   0.0000000000
   2.7496508212  -0.0000000000   0.0000000000   0.0000000000
   2.7532592868   0.0000000000  -0.0000000000  -0.0000000000
   2.7568677525   0.0000000000  -0.0000000000  -0.0000000000
   2.7604762181   0.0000000000  -0.0000000000  -0.0000000000
   2.7640846838   0.0000000000  -0.0000000000  -0.0000000000
   2.7676931494   0.0000000000  -0.0000000000  -0.0000000000
   2.7713016151  -0.0000000000   0.0000000000   0.0000000000
   2.7749100807  -0.0000000000   0.0000000000   0.0000000000
   2.7785185464  -0.0000000000   0.0000000000   0.0000000000
   2.7821270120  -0.0000000000   0.0000000000   0.0000000000
   2.7857354776   0.0000000000   0.0000000000  -0.0000000000
   2.7893439433   0.0000000000  -0.0000000000  -0.0000000000
   2.7929524089   0.0000000000  -0.0000000000  -0.0000000000
   2.7965608746   0.0000000000  -0.0000000000  -0.0000000000
   2.8001693402   0.0000000000  -0.0000000000  -0.0000000000
   2.8037778059  -0.0000000000   0.0000000000   0.0000000000
   2.8073862715  -0.0000000000   0.0000000000   0.0000000000
   2.8109947372  -0.0000000000   0.0000000000   0.0000000000
   2.8146032028  -0.0000000000   0.0000000000   0.0000000000
   2.8182116684   0.0000000000   0.0000000000  -0.0000000000
   2.8218201341   0.0000000000  -0.0000000000  -0.0000000000
   2.8254285997   0.0000000000  -0.0000000000  -0.0000000000
   2.8290370654   0.0000000000  -0.0000000000  -0.0000000000
   2.8326455310   0.0000000000  -0.0000000000  -0.0000000000
   2.8362539967  -0.0000000000   0.0000000000   0.0000000000
   2.8398624623  -0.0000000000   0.0000000000   0.0000000000
   2.8434709280  -0.0000000000   0.0000000000   0.0000000000
   2.8470793936  -0.0000000000   0.0000000000   0.0000000000
   2.8506878592   0.0000000000   0.0000000000  -0.0000000000
   2.8542963249   0.0000000000  -0.0000000000  -0.0000000000
   2.8579047905   0.0000000000  -0.0000000000  -0.0000000000
   2.8615132562   0.0000000000  -0.0000000000  -0.0000000000
   2.8651217218   0.0000000000  -0.0000000000  -0.0000000000
   2.8687301875  -0.0000000000   0.0000000000   0.0000000000
   2.8723386531  -0.0000000000   0.0000000000   0.0000000000
   2.8759471188  -0.0000000000   0.0000000000   0.0000000000
   2.8795555844  -0.0000000000   0.0000000000   0.0000000000
   2.8831640500  -0.0000000000   0.0000000000  -0.0000000000
   2.8867725157   0.0000000000  -0.0000000000  -0.0000000000
   2.8903809813   0.0000000000  -0.0000000000  -0.0000000000
   2.8939894470   0.0000000000  -0.0000000000  -0.0000000000
   2.8975979126   0.0000000000  -0.0000000000  -0.0000000000
   2.9012063783  -0.0000000000  -0.0000000000   0.0000000000
   2.9048148439  -0.0000000000   0.0000000000   0.0000000000
   2.9084233096  -0.0000000000   0.0000000000   0.0000000000
   2.9120317752  -0.0000000000   0.0000000000   0.0000000000
   2.9156402408  -0.0000000000   0.0000000000   0.0000000000
   2.9192487065   0.0000000000  -0.0000000000  -0.0000000000
   2.9228571721   0.0000000000  -0.0000000000  -0.0000000000
   2.9264656378   0.0000000000  -0.0000000000  -0.0000000000
   2.9300741034   0.0000000000  -0.0000000000  -0.0000000000
   2.9336825691   0.0000000000  -0.0000000000   0.0000000000
   2.9372910347  -0.0000000000   0.0000000000   0.0000000000
   2.9408995004  -0.0000000000   0.0000000000   0.0000000000
   2.9445079660  -0.0000000000   0.0000000000   0.0000000000
   2.9481164316  -0.0000000000   0.0000000000   0.0000000000
   2.9517248973   0.0000000000   0.0000000000  -0.0000000000
   2.9553333629   0.0000000000  -0.0000000000  -0.0000000000
   2.9589418286   0.0000000000  -0.0000000000  -0.0000000000
   2.9625502942   0.0000000000  -0.0000000000  -0.0000000000
   2.9661587599   0.0000000000  -0.0000000000  -0.0000000000
   2.9697672255  -0.0000000000   0.0000000000   0.0000000000
   2.9733756912  -0.0000000000   0.0000000000   0.0000000000
   2.9769841568  -0.0000000000   0.0000000000   0.0000000000
   2.9805926225  -0.0000000000   0.0000000000   0.0000000000
   2.9842010881  -0.0000000000   0.0000000000  -0.0000000000
   2.9878095537   0.0000000000  -0.0000000000  -0.0000000000
   2.9914180194   0.0000000000  -0.0000000000  -0.0000000000
   2.9950264850   0.0000000000  -0.0000000000  -0.0000000000
   2.9986349507   0.0000000000  -0.0000000000  -0.0000000000
   3.0022434163  -0.0000000000  -0.0000000000   0.0000000000
   3.0058518820  -0.0000000000   0.0000000000   0.0000000000
   3.0094603476  -0.0000000000   0.0000000000   0.0000000000
   3.0130688133  -0.0000000000   0.0000000000   0.0000000000
   3.0166772789  -0.0000000000   0.0000000000   0.0000000000
   3.0202857445   0.0000000000  -0.0000000000  -0.0000000000
   3.0238942102   0.0000000000  -0.0000000000  -0.0000000000
   3.0275026758   0.0000000000  -0.0000000000  -0.0000000000
   3.0311111415   0.0000000000  -0.0000000000  -0.0000000000
   3.0347196071   0.0000000000  -0.0000000000  -0.0000000000
   3.0383280728  -0.0000000000   0.0000000000   0.0000000000
   3.0419365384  -0.0000000000   0.0000000000   0.0000000000
   3.0455450041  -0.0000000000   0.0000000000   0.0000000000
   3.0491534697  -0.0000000000   0.0000000000   0.0000000000
   3.0527619353   0.0000000000   0.0000000000  -0.0000000000
   3.0563704010   0.0000000000  -0.0000000000  -0.0000000000
   3.0599788666   0.0000000000  -0.0000000000  -0.0000000000
   3.0635873323   0.0000000000  -0.0000000000  -0.0000000000
   3.0671957979   0.0000000000  -0.0000000000  -0.0000000000
   3.0708042636  -0.0000000000  -0.0000000000   0.0000000000
   3.0744127292  -0.0000000000   0.0000000000   0.0000000000
   3.0780211949  -0.0000000000   0.0000000000   0.0000000000
   3.0816296605  -0.0000000000   0.0000000000   0.0000000000
   3.0852381261  -0.0000000000   0.0000000000   0.0000000000
   3.0888465918   0.0000000000  -0.0000000000  -0.0000000000
   3.0924550574   0.0000000000  -0.0000000000  -0.0000000000
   3.0960635231   0.0000000000  -0.0000000000  -0.0000000000
   3.0996719887   0.0000000000  -0.0000000000  -0.0000000000
   3.1032804544   0.0000000000  -0.0000000000  -0.0000000000
   3.1068889200  -0.0000000000   0.0000000000   0.0000000000
   3.1104973857  -0.0000000000   0.0000000000   0.0000000000
   3.1141058513  -0.0000000000   0.0000000000   0.0000000000
   3.1177143169  -0.0000000000   0.0000000000   0.0000000000
   3.1213227826  -0.0000000000   0.0000000000  -0.0000000000
   3.1249312482   0.0000000000  -0.0000000000  -0.0000000000
   3.1285397139   0.0000000000  -0.0000000000  -0.0000000000
   3.1321481795   0.0000000000  -0.0000000000  -0.0000000000
   3.1357566452   0.0000000000  -0.0000000000  -0.0000000000
   3.1393651108  -0.0000000000  -0.0000000000   0.0000000000
   3.1429735765  -0.0000000000   0.0000000000   0.0000000000
   3.1465820421  -0.0000000000   0.0000000000   0.0000000000
   3.1501905077  -0.0000000000   0.0000000000   0.0000000000
   3.1537989734  -0.0000000000   0.0000000000   0.0000000000
   3.1574074390   0.0000000000   0.0000000000  -0.0000000000
   3.1610159047   0.0000000000  -0.0000000000  -0.0000000000
   3.1646243703   0.0000000000  -0.0000000000  -0.0000000000
   3.1682328360   0.0000000000  -0.0000000000  -0.0000000000
   3.1718413016   0.0000000000  -0.0000000000  -0.0000000000
   3.1754497673  -0.0000000000  -0.0000000000   0.0000000000
   3.1790582329  -0.0000000000   0.0000000000   0.0000000000
   3.1826666985  -0.0000000001   0.0000000000   0.0000000000
   3.1862751642  -0.0000000001   0.0000000000   0.0000000000
   3.1898836298  -0.0000000000   0.0000000000   0.0000000000
   3.1934920955   0.0000000000   0.0000000000  -0.0000000000
   3.1971005611   0.0000000001  -0.0000000000  -0.0000000000
   3.2007090268   0.0000000002  -0.0000000001  -0.0000000000
   3.2043174924   0.0000000002  -0.0000000001  -0.0000000000
   3.2079259581   0.0000000001  -0.0000000000  -0.0000000000
   3.2115344237  -0.0000000001  -0.0000000000   0.0000000000
   3.2151428894  -0.0000000003   0.0000000001   0.0000000000
   3.2187513550  -0.0000000004   0.0000000001   0.0000000000
   3.2223598206  -0.0000000004   0.0000000002   0.0000000000
   3.2259682863  -0.0000000002   0.0000000001   0.0000000000
   3.2295767519   0.0000000002  -0.0000000000  -0.0000000000
   3.2331852176   0.0000000007  -0.0000000002  -0.0000000001
   3.2367936832   0.0000000009  -0.0000000003  -0.0000000001
   3.2404021489   0.0000000009  -0.0000000004  -0.0000000001
   3.2440106145   0.0000000004  -0.0000000003  -0.0000000000
   3.2476190802  -0.0000000005   0.0000000000   0.0000000001
   3.2512275458  -0.0000000015   0.0000000004   0.0000000002
   3.2548360114  -0.0000000021   0.0000000007   0.0000000002
   3.2584444771  -0.0000000020   0.0000000008   0.0000000002
   3.2620529427  -0.0000000008   0.0000000006   0.0000000000
   3.2656614084   0.0000000012  -0.0000000000  -0.0000000002
   3.2692698740   0.0000000034  -0.0000000009  -0.0000000004
   3.2728783397   0.0000000048  -0.0000000016  -0.0000000005
   3.2764868053   0.0000000044  -0.0000000018  -0.0000000004
   3.2800952710   0.0000000019  -0.0000000013  -0.0000000001
   3.2837037366  -0.0000000024   0.0000000000   0.0000000004
   3.2873122022  -0.0000000072   0.0000000018   0.0000000008
   3.2909206679  -0.0000000103   0.0000000034   0.0000000010
   3.2945291335  -0.0000000097   0.0000000040   0.0000000009
   3.2981375992  -0.0000000045   0.0000000029   0.0000000002
   3.3017460648   0.0000000046   0.0000000001  -0.0000000007
   3.3053545305   0.0000000147  -0.0000000037  -0.0000000017
   3.3089629961   0.0000000216  -0.0000000071  -0.0000000022
   3.3125714618   0.0000000210  -0.0000000085  -0.0000000019
   3.3161799274   0.0000000108  -0.0000000066  -0.0000000006
   3.3197883930  -0.0000000077  -0.0000000010   0.0000000013
   3.3233968587  -0.0000000287   0.0000000068   0.0000000033
   3.3270053243  -0.0000000438   0.0000000142   0.0000000044
   3.3306137900  -0.0000000444   0.0000000177   0.0000000040
   3.3342222556  -0.0000000256   0.0000000145   0.0000000017
   3.3378307213   0.0000000103   0.0000000039  -0.0000000021
   3.3414391869   0.0000000528  -0.0000000117  -0.0000000061
   3.3450476526   0.0000000855  -0.0000000270  -0.0000000087
   3.3486561182   0.0000000913  -0.0000000355  -0.0000000083
   3.3522645838   0.0000000596  -0.0000000312  -0.0000000042
   3.3558730495  -0.0000000070  -0.0000000124   0.0000000029
   3.3594815151  -0.0000000902   0.0000000174   0.0000000108
   3.3630899808  -0.0000001595   0.0000000485   0.0000000165
   3.3666984464  -0.0000001815   0.0000000684   0.0000000168
   3.3703069121  -0.0000001339   0.0000000653   0.0000000102
   3.3739153777  -0.0000000173   0.0000000341  -0.0000000025
   3.3775238434   0.0000001388  -0.0000000199  -0.0000000176
   3.3811323090   0.0000002805  -0.0000000808  -0.0000000296
   3.3847407746   0.0000003456  -0.0000001252  -0.0000000326
   3.3883492403   0.0000002875  -0.0000001307  -0.0000000232
   3.3919577059   0.0000000979  -0.0000000848  -0.0000000019
   3.3955661716  -0.0000001801   0.0000000074   0.0000000256
   3.3991746372  -0.0000004570   0.0000001206   0.0000000498
   3.4027831029  -0.0000006222   0.0000002149   0.0000000603
   3.4063915685  -0.0000005829   0.0000002482   0.0000000495
   3.4100000342  -0.0000003056   0.0000001923   0.0000000167
   3.4136084998   0.0000001573   0.0000000478  -0.0000000304
   3.4172169654   0.0000006687  -0.0000001503  -0.0000000768
   3.4208254311   0.0000010422  -0.0000003376  -0.0000001043
   3.4244338967   0.0000011036  -0.0000004399  -0.0000000982
   3.4280423624   0.0000007608  -0.0000003988  -0.0000000535
   3.4316508280   0.0000000564  -0.0000001981   0.0000000211
   3.4352592937  -0.0000008218   0.0000001215   0.0000001038
   3.4388677593  -0.0000015825   0.0000004659   0.0000001655
   3.4424762250  -0.0000019205   0.0000007128   0.0000001790
   3.4460846906  -0.0000016276   0.0000007512   0.0000001299
   3.4496931563  -0.0000006873   0.0000005251   0.0000000239
   3.4533016219   0.0000006844   0.0000000641  -0.0000001112
   3.4569100875   0.0000020768  -0.0000005117  -0.0000002325
   3.4605185532   0.0000029996  -0.0000010192  -0.0000002943
   3.4641270188   0.0000030446  -0.0000012665  -0.0000002643
   3.4677354845   0.0000020440  -0.0000011201  -0.0000001373
   3.4713439501   0.0000001664  -0.0000005610   0.0000000590
   3.4749524158  -0.0000020905   0.0000002899   0.0000002686
   3.4785608814  -0.0000040233   0.0000011926   0.0000004224
   3.4821693471  -0.0000049339   0.0000018515   0.0000004601
   3.4857778127  -0.0000043652   0.0000020080   0.0000003519
   3.4893862783  -0.0000022861   0.0000015320   0.0000001121
   3.4929947440   0.0000008445   0.0000004829  -0.0000001998
   3.4966032096   0.0000041682  -0.0000008854  -0.0000004933
   3.5002116753   0.0000066576  -0.0000021822  -0.0000006726
   3.5038201409   0.0000074248  -0.0000029884  -0.0000006668
   3.5074286066   0.0000060160  -0.0000029861  -0.0000004548
   3.5110370722   0.0000025959  -0.0000020693  -0.0000000766
   3.5146455379  -0.0000020424  -0.0000003994   0.0000003726
   3.5182540035  -0.0000066602   0.0000016165   0.0000007668
   3.5218624691  -0.0000099029   0.0000034234   0.0000009842
   3.5254709348  -0.0000106877   0.0000044689   0.0000009432
   3.5290794004  -0.0000085368   0.0000043645   0.0000006293
   3.5326878661  -0.0000037577   0.0000030113   0.0000001039
   3.5362963317   0.0000025883   0.0000006518  -0.0000005077
   3.5399047974   0.0000089277  -0.0000021703  -0.0000010466
   3.5435132630   0.0000135663  -0.0000047365  -0.0000013617
   3.5471217287   0.0000151304  -0.0000063336  -0.0000013498
   3.5507301943   0.0000129405  -0.0000064431  -0.0000009857
   3.5543386599   0.0000072230  -0.0000048888  -0.0000003320
   3.5579471256  -0.0000008989  -0.0000019048   0.0000004712
   3.5615555912  -0.0000096335   0.0000018961   0.0000012377
   3.5651640569  -0.0000169162   0.0000056497   0.0000017778
   3.5687725225  -0.0000208825   0.0000084332   0.0000019427
   3.5723809882  -0.0000203103   0.0000094817   0.0000016618
   3.5759894538  -0.0000149325   0.0000083777   0.0000009622
   3.5795979195  -0.0000055495   0.0000051701  -0.0000000316
   3.5832063851   0.0000060861   0.0000003950  -0.0000011204
   3.5868148507   0.0000175935  -0.0000050124  -0.0000020694
   3.5904233164   0.0000264362  -0.0000098960  -0.0000026567
   3.5940317820   0.0000304484  -0.0000131160  -0.0000027214
   3.5976402477   0.0000283138  -0.0000137963  -0.0000022012
   3.6012487133   0.0000198951  -0.0000115307  -0.0000011520
   3.6048571790   0.0000063433  -0.0000065039   0.0000002558
   3.6084656446  -0.0000100462   0.0000005027   0.0000017641
   3.6120741103  -0.0000262153   0.0000082269   0.0000030734
   3.6156825759  -0.0000388993   0.0000151479   0.0000039000
   3.6192910415  -0.0000452564   0.0000197747   0.0000040333
   3.6228995072  -0.0000434520   0.0000209475   0.0000033825
   3.6265079728  -0.0000330804   0.0000180917   0.0000020023
   3.6301164385  -0.0000153360   0.0000113737   0.0000000918
   3.6337249041   0.0000071116   0.0000017203  -0.0000020340
   3.6373333698   0.0000305248  -0.0000093060  -0.0000039967
   3.6409418354   0.0000507208  -0.0000197599  -0.0000054208
   3.6445503011   0.0000637999  -0.0000276506  -0.0000060024
   3.6481587667   0.0000668459  -0.0000313021  -0.0000055676
   3.6517672323   0.0000584717  -0.0000296710  -0.0000041083
   3.6553756980   0.0000391145  -0.0000225631  -0.0000017908
   3.6589841636   0.0000110347  -0.0000107088   0.0000010657
   3.6625926293  -0.0000219651   0.0000043120   0.0000040343
   3.6662010949  -0.0000550322   0.0000202789   0.0000066415
   3.6698095606  -0.0000828577   0.0000346284   0.0000084301
   3.6734180262  -0.0001002591   0.0000447824   0.0000090148
   3.6770264919  -0.0001026527   0.0000484498   0.0000081200
   3.6806349575  -0.0000863619   0.0000438524   0.0000055987
   3.6842434232  -0.0000487586   0.0000298538   0.0000014326
   3.6878518888   0.0000117213   0.0000059891  -0.0000042794
   3.6914603544   0.0000956215  -0.0000275810  -0.0000113374
   3.6950688201   0.0002025043  -0.0000701582  -0.0000194548
   3.6986772857   0.0003309501  -0.0001206063  -0.0000282673
   3.7022857514   0.0004785231  -0.0001774386  -0.0000373396
   3.7058942170   0.0006417467  -0.0002388900  -0.0000461724
   3.7095026827   0.0008161556  -0.0003029835  -0.0000542170
   3.7131111483   0.0009964785  -0.0003676100  -0.0000609017
   3.7167196140   0.0011769762  -0.0004306356  -0.0000656706
   3.7203280796   0.0013519067  -0.0004900419  -0.0000680295
   3.7239365452   0.0015160397  -0.0005440841  -0.0000675920
   3.7275450109   0.0016651166  -0.0005914387  -0.0000641143
   3.7311534765   0.0017961498  -0.0006313052  -0.0000575107
   3.7347619422   0.0019074897  -0.0006634300  -0.0000478449
   3.7383704078   0.0019986447  -0.0006880360  -0.0000352989
   3.7419788735   0.0020698993  -0.0007056664  -0.0000201255
   3.7455873391   0.0021218274  -0.0007169704  -0.0000025965
   3.7491958048   0.0021548231  -0.0007224790   0.0000170415
   3.7528042704   0.0021687622  -0.0007224211   0.0000385951
   3.7564127360   0.0021628747  -0.0007166246   0.0000619287
   3.7600212017   0.0021358544  -0.0007045262   0.0000869470
   3.7636296673   0.0020861744  -0.0006852913   0.0001135607
   3.7672381330   0.0020125318  -0.0006580185   0.0001416441
   3.7708465986   0.0019143154  -0.0006219851   0.0001709964
   3.7744550643   0.0017919874  -0.0005768800   0.0002013156
   3.7780635299   0.0016472888  -0.0005229734   0.0002321924
   3.7816719956   0.0014832160  -0.0004611828   0.0002631268
   3.7852804612   0.0013037635  -0.0003930204   0.0002935647
   3.7888889268   0.0011134781  -0.0003204252   0.0003229484
   3.7924973925   0.0009169091  -0.0002455135   0.0003507714
   3.7961058581   0.0007180655  -0.0001702946   0.0003766255
   3.7997143238   0.0005199915  -0.0000964099   0.0004002317
   3.8033227894   0.0003245487  -0.0000249468   0.0004214487
   3.8069312551   0.0001324545   0.0000436308   0.0004402552
   3.8105397207  -0.0000564326   0.0001094228   0.0004567121
   3.8141481864  -0.0002426372   0.0001729149   0.0004709109
   3.8177566520  -0.0004265025   0.0002347176   0.0004829203
   3.8213651176  -0.0006076547   0.0002952780   0.0004927406
   3.8249735833  -0.0007846052   0.0003546230   0.0005002782
   3.8285820489  -0.0009545742   0.0004121851   0.0005053419
   3.8321905146  -0.0011135703   0.0004667496   0.0005076653
   3.8357989802  -0.0012567129   0.0005165318   0.0005069475
   3.8394074459  -0.0013787442   0.0005593732   0.0005029084
   3.8430159115  -0.0014746449   0.0005930234   0.0004953456
   3.8466243772  -0.0015402583   0.0006154583   0.0004841862
   3.8502328428  -0.0015728308   0.0006251846   0.0004695236
   3.8538413084  -0.0015713944   0.0006214807   0.0004516348
   3.8574497741  -0.0015369447   0.0006045405   0.0004309765
   3.8610582397  -0.0014723959   0.0005754972   0.0004081585
   3.8646667054  -0.0013823274   0.0005363284   0.0003839011
   3.8682751710  -0.0012725631   0.0004896582   0.0003589804
   3.8718836367  -0.0011496422   0.0004384857   0.0003341690
   3.8754921023  -0.0010202547   0.0003858816   0.0003101797
   3.8791005680  -0.0008907087   0.0003346937   0.0002876186
   3.8827090336  -0.0007664905   0.0002872990   0.0002669515
   3.8863174992  -0.0006519549   0.0002454324   0.0002484874
   3.8899259649  -0.0005501638   0.0002101048   0.0002323769
   3.8935344305  -0.0004628661   0.0001816130   0.0002186254
   3.8971428962  -0.0003905979   0.0001596280   0.0002071163
   3.9007513618  -0.0003328691   0.0001433398   0.0001976403
   3.9043598275  -0.0002884020   0.0001316340   0.0001899273
   3.9079682931  -0.0002553883   0.0001232720   0.0001836768
   3.9115767588  -0.0002317385   0.0001170538   0.0001785847
   3.9151852244  -0.0002153034   0.0001119456   0.0001743656
   3.9187936901  -0.0002040543   0.0001071641   0.0001707680
   3.9224021557  -0.0001962144   0.0001022129   0.0001675845
   3.9260106213  -0.0001903389   0.0000968768   0.0001646556
   3.9296190870  -0.0001853471   0.0000911807   0.0001618685
   3.9332275526  -0.0001805126   0.0000853237   0.0001591525
   3.9368360183  -0.0001754226   0.0000796033   0.0001564712
   3.9404444839  -0.0001699183   0.0000743400   0.0001538143
   3.9440529496  -0.0001640270   0.0000698123   0.0001511888
   3.9476614152  -0.0001578950   0.0000662113   0.0001486115
   3.9512698809  -0.0001517276   0.0000636156   0.0001461025
   3.9548783465  -0.0001457395   0.0000619877   0.0001436803
   3.9584868121  -0.0001401157   0.0000611881   0.0001413585
   3.9620952778  -0.0001349850   0.0000610015   0.0001391438
   3.9657037434  -0.0001304052   0.0000611701   0.0001370355
   3.9693122091  -0.0001263610   0.0000614288   0.0001350257
   3.9729206747  -0.0001227733   0.0000615372   0.0001331014
   3.9765291404  -0.0001195184   0.0000613056   0.0001312469
   3.9801376060  -0.0001164532   0.0000606120   0.0001294458
   3.9837460717  -0.0001134410   0.0000594111   0.0001276843
   3.9873545373  -0.0001103742   0.0000577312   0.0001259525
   3.9909630029  -0.0001071880   0.0000556645   0.0001242456
   3.9945714686  -0.0001038656   0.0000533482   0.0001225636
   3.9981799342  -0.0001004334   0.0000509432   0.0001209103
   4.0017883999  -0.0000969497   0.0000486100   0.0001192920
   4.0053968655  -0.0000934894   0.0000464881   0.0001177160
   4.0090053312  -0.0000901281   0.0000446792   0.0001161884
   4.0126137968  -0.0000869278   0.0000432374   0.0001147134
   4.0162222625  -0.0000839259   0.0000421660   0.0001132925
   4.0198307281  -0.0000811286   0.0000414213   0.0001119239
   4.0234391937  -0.0000785096   0.0000409218   0.0001106029
   4.0270476594  -0.0000760141   0.0000405616   0.0001093227
   4.0306561250  -0.0000735682   0.0000402258   0.0001080755
   4.0342645907  -0.0000710936   0.0000398067   0.0001068537
   4.0378730563  -0.0000685246   0.0000392188   0.0001056518
   4.0414815220  -0.0000658251   0.0000384104   0.0001044677
   4.0450899876  -0.0000630030   0.0000373711   0.0001033033
   4.0486984533  -0.0000601178   0.0000361343   0.0001021650
   4.0523069189  -0.0000572797   0.0000347730   0.0001010630
   4.0559153845  -0.0000546403   0.0000333909   0.0001000097
   4.0595238502  -0.0000523747   0.0000321086   0.0000990179
   4.0631323158  -0.0000506566   0.0000310470   0.0000980987
   4.0667407815  -0.0000496308   0.0000303102   0.0000972585
   4.0703492471  -0.0000493838   0.0000299685   0.0000964973
   4.0739577128  -0.0000499164   0.0000300448   0.0000958070
   4.0775661784  -0.0000511198   0.0000305046   0.0000951700
   4.0811746441  -0.0000527587   0.0000312501   0.0000945587
   4.0847831097  -0.0000544637   0.0000321209   0.0000939371
   4.0883915753  -0.0000557347   0.0000328989   0.0000932613
   4.0920000410  -0.0000559569   0.0000333200   0.0000924833
   4.0956085066  -0.0000544299   0.0000330893   0.0000915543
   4.0992169723  -0.0000504073   0.0000319009   0.0000904289
   4.1028254379  -0.0000431431   0.0000294597   0.0000890700
   4.1064339036  -0.0000319417   0.0000255025   0.0000874526
   4.1100423692  -0.0000162040   0.0000198175   0.0000855677
   4.1136508349   0.0000045315   0.0000122591   0.0000834243
   4.1172593005   0.0000305578   0.0000027582   0.0000810508
   4.1208677661   0.0000619787  -0.0000086737   0.0000784947
   4.1244762318   0.0000986986  -0.0000219454   0.0000758219
   4.1280846974   0.0001404229  -0.0000368920   0.0000731138
   4.1316931631   0.0001866675  -0.0000532838   0.0000704648
   4.1353016287   0.0002367766  -0.0000708384   0.0000679788
   4.1389100944   0.0002899479  -0.0000892333   0.0000657647
   4.1425185600   0.0003452623  -0.0001081197   0.0000639327
   4.1461270257   0.0004017167  -0.0001271352   0.0000625902
   4.1497354913   0.0004582564  -0.0001459149   0.0000618381
   4.1533439570   0.0005138072  -0.0001641012   0.0000617677
   4.1569524226   0.0005673035  -0.0001813508   0.0000624578
   4.1605608882   0.0006177148  -0.0001973407   0.0000639730
   4.1641693539   0.0006640700  -0.0002117723   0.0000663618
   4.1677778195   0.0007054788  -0.0002243752   0.0000696555
   4.1713862852   0.0007411530  -0.0002349116   0.0000738669
   4.1749947508   0.0007704226  -0.0002431795   0.0000789908
   4.1786032165   0.0007927489  -0.0002490167   0.0000850035
   4.1822116821   0.0008077304  -0.0002523031   0.0000918638
   4.1858201478   0.0008151024  -0.0002529618   0.0000995149
   4.1894286134   0.0008147301  -0.0002509586   0.0001078863
   4.1930370790   0.0008065978  -0.0002462992   0.0001168959
   4.1966455447   0.0007907949  -0.0002390257   0.0001264528
   4.2002540103   0.0007675018  -0.0002292121   0.0001364594
   4.2038624760   0.0007369760  -0.0002169597   0.0001468139
   4.2074709416   0.0006995399  -0.0002023924   0.0001574117
   4.2110794073   0.0006555709  -0.0001856536   0.0001681474
   4.2146878729   0.0006054949  -0.0001669029   0.0001789157
   4.2182963386   0.0005497836  -0.0001463151   0.0001896122
   4.2219048042   0.0004889573  -0.0001240807   0.0002001335
   4.2255132698   0.0004235917  -0.0001004079   0.0002103772
   4.2291217355   0.0003543286  -0.0000755263   0.0002202417
   4.2327302011   0.0002818870  -0.0000496914   0.0002296257
   4.2363386668   0.0002070706  -0.0000231884   0.0002384283
   4.2399471324   0.0001307710   0.0000036663   0.0002465500
   4.2435555981   0.0000539624   0.0000305258   0.0002538935
   4.2471640637  -0.0000223121   0.0000570172   0.0002603665
   4.2507725294  -0.0000969608   0.0000827497   0.0002658834
   4.2543809950  -0.0001688718   0.0001073250   0.0002703687
   4.2579894606  -0.0002369462   0.0001303514   0.0002737597
   4.2615979263  -0.0003001353   0.0001514587   0.0002760098
   4.2652063919  -0.0003574820   0.0001703138   0.0002770915
   4.2688148576  -0.0004081609   0.0001866370   0.0002769986
   4.2724233232  -0.0004515170   0.0002002157   0.0002757483
   4.2760317889  -0.0004870969   0.0002109161   0.0002733818
   4.2796402545  -0.0005146705   0.0002186911   0.0002699644
   4.2832487202  -0.0005342402   0.0002235818   0.0002655832
   4.2868571858  -0.0005460372   0.0002257150   0.0002603448
   4.2904656514  -0.0005505055   0.0002252950   0.0002543713
   4.2940741171  -0.0005482753   0.0002225905   0.0002477957
   4.2976825827  -0.0005401289   0.0002179195   0.0002407569
   4.3012910484  -0.0005269597   0.0002116316   0.0002333949
   4.3048995140  -0.0005097285   0.0002040899   0.0002258454
   4.3085079797  -0.0004894170   0.0001956531   0.0002182355
   4.3121164453  -0.0004669823   0.0001866596   0.0002106794
   4.3157249110  -0.0004433166   0.0001774131   0.0002032753
   4.3193333766  -0.0004192124   0.0001681726   0.0001961032
   4.3229418422  -0.0003953393   0.0001591454   0.0001892240
   4.3265503079  -0.0003722301   0.0001504853   0.0001826798
   4.3301587735  -0.0003502774   0.0001422942   0.0001764948
   4.3337672392  -0.0003297394   0.0001346279   0.0001706777
   4.3373757048  -0.0003107514   0.0001275025   0.0001652238
   4.3409841705  -0.0002933428   0.0001209041   0.0001601182
   4.3445926361  -0.0002774571   0.0001147966   0.0001553381
   4.3482011018  -0.0002629742   0.0001091312   0.0001508564
   4.3518095674  -0.0002497344   0.0001038537   0.0001466435
   4.3554180330  -0.0002375609   0.0000989117   0.0001426706
   4.3590264987  -0.0002262801   0.0000942593   0.0001389110
   4.3626349643  -0.0002157365   0.0000898611   0.0001353414
   4.3662434300  -0.0002058026   0.0000856931   0.0001319428
   4.3698518956  -0.0001963824   0.0000817420   0.0001287002
   4.3734603613  -0.0001874104   0.0000780030   0.0001256021
   4.3770688269  -0.0001788484   0.0000744768   0.0001226404
   4.3806772926  -0.0001706801   0.0000711662   0.0001198090
   4.3842857582  -0.0001629053   0.0000680737   0.0001171034
   4.3878942238  -0.0001555337   0.0000651991   0.0001145202
   4.3915026895  -0.0001485779   0.0000625379   0.0001120558
   4.3951111551  -0.0001420472   0.0000600811   0.0001097064
   4.3987196208  -0.0001359417   0.0000578141   0.0001074671
   4.4023280864  -0.0001302489   0.0000557175   0.0001053320
   4.4059365521  -0.0001249430   0.0000537680   0.0001032943
   4.4095450177  -0.0001199871   0.0000519405   0.0001013465
   4.4131534834  -0.0001153377   0.0000502099   0.0000994810
   4.4167619490  -0.0001109487   0.0000485535   0.0000976903
   4.4203704147  -0.0001067759   0.0000469533   0.0000959678
   4.4239788803  -0.0001027791   0.0000453960   0.0000943075
   4.4275873459  -0.0000989241   0.0000438742   0.0000927046
   4.4311958116  -0.0000951836   0.0000423851   0.0000911550
   4.4348042772  -0.0000915386   0.0000409300   0.0000896558
   4.4384127429  -0.0000879795   0.0000395136   0.0000882052
   4.4420212085  -0.0000845066   0.0000381425   0.0000868022
   4.4456296742  -0.0000811286   0.0000368248   0.0000854464
   4.4492381398  -0.0000778602   0.0000355686   0.0000841382
   4.4528466055  -0.0000747180   0.0000343808   0.0000828776
   4.4564550711  -0.0000717172   0.0000332659   0.0000816645
   4.4600635367  -0.0000688682   0.0000322251   0.0000804982
   4.4636720024  -0.0000661762   0.0000312561   0.0000793775
   4.4672804680  -0.0000636407   0.0000303535   0.0000783005
   4.4708889337  -0.0000612572   0.0000295096   0.0000772651
   4.4744973993  -0.0000590169   0.0000287159   0.0000762688
   4.4781058650  -0.0000569075   0.0000279634   0.0000753090
   4.4817143306  -0.0000549131   0.0000272435   0.0000743828
   4.4853227963  -0.0000530151   0.0000265485   0.0000734873
   4.4889312619  -0.0000511936   0.0000258716   0.0000726198
   4.4925397275  -0.0000494306   0.0000252081   0.0000717779
   4.4961481932  -0.0000477117   0.0000245549   0.0000709596
   4.4997566588  -0.0000460280   0.0000239114   0.0000701638
   4.5033651245  -0.0000443760   0.0000232794   0.0000693897
   4.5069735901  -0.0000427561   0.0000226621   0.0000686371
   4.5105820558  -0.0000411712   0.0000220637   0.0000679056
   4.5141905214  -0.0000396250   0.0000214879   0.0000671953
   4.5177989871  -0.0000381213   0.0000209379   0.0000665061
   4.5214074527  -0.0000366647   0.0000204154   0.0000658377
   4.5250159183  -0.0000352603   0.0000199211   0.0000651902
   4.5286243840  -0.0000339135   0.0000194548   0.0000645633
   4.5322328496  -0.0000326285   0.0000190155   0.0000639568
   4.5358413153  -0.0000314073   0.0000186017   0.0000633702
   4.5394497809  -0.0000302486   0.0000182108   0.0000628026
   4.5430582466  -0.0000291480   0.0000178397   0.0000622529
   4.5466667122  -0.0000280992   0.0000174848   0.0000617201
   4.5502751779  -0.0000270957   0.0000171425   0.0000612030
   4.5538836435  -0.0000261315   0.0000168101   0.0000607006
   4.5574921091  -0.0000252022   0.0000164855   0.0000602121
   4.5611005748  -0.0000243032   0.0000161681   0.0000597368
   4.5647090404  -0.0000234302   0.0000158575   0.0000592739
   4.5683175061  -0.0000225780   0.0000155538   0.0000588226
   4.5719259717  -0.0000217416   0.0000152572   0.0000583822
   4.5755344374  -0.0000209175   0.0000149676   0.0000579522
   4.5791429030  -0.0000201042   0.0000146850   0.0000575324
   4.5827513687  -0.0000193029   0.0000144099   0.0000571226
   4.5863598343  -0.0000185165   0.0000141432   0.0000567228
   4.5899682999  -0.0000177485   0.0000138859   0.0000563333
   4.5935767656  -0.0000170018   0.0000136390   0.0000559540
   4.5971852312  -0.0000162787   0.0000134032   0.0000555848
   4.6007936969  -0.0000155810   0.0000131787   0.0000552259
   4.6044021625  -0.0000149111   0.0000129655   0.0000548771
   4.6080106282  -0.0000142718   0.0000127634   0.0000545386
   4.6116190938  -0.0000136663   0.0000125727   0.0000542104
   4.6152275595  -0.0000130962   0.0000123935   0.0000538922
   4.6188360251  -0.0000125608   0.0000122256   0.0000535837
   4.6224444907  -0.0000120561   0.0000120681   0.0000532841
   4.6260529564  -0.0000115758   0.0000119192   0.0000529925
   4.6296614220  -0.0000111119   0.0000117764   0.0000527080
   4.6332698877  -0.0000106567   0.0000116368   0.0000524294
   4.6368783533  -0.0000102035   0.0000114973   0.0000521559
   4.6404868190  -0.0000097467   0.0000113556   0.0000518869
   4.6440952846  -0.0000092822   0.0000112102   0.0000516218
   4.6477037503  -0.0000088072   0.0000110603   0.0000513604
   4.6513122159  -0.0000083209   0.0000109060   0.0000511026
   4.6549206816  -0.0000078258   0.0000107488   0.0000508490
   4.6585291472  -0.0000073284   0.0000105909   0.0000506003
   4.6621376128  -0.0000068389   0.0000104361   0.0000503577
   4.6657460785  -0.0000063699   0.0000102892   0.0000501224
   4.6693545441  -0.0000059340   0.0000101551   0.0000498955
   4.6729630098  -0.0000055412   0.0000100383   0.0000496779
   4.6765714754  -0.0000051969   0.0000099418   0.0000494697
   4.6801799411  -0.0000049009   0.0000098663   0.0000492705
   4.6837884067  -0.0000046479   0.0000098098   0.0000490791
   4.6873968724  -0.0000044280   0.0000097682   0.0000488942
   4.6910053380  -0.0000042278   0.0000097350   0.0000487138
   4.6946138036  -0.0000040315   0.0000097029   0.0000485360
   4.6982222693  -0.0000038220   0.0000096640   0.0000483586
   4.7018307349  -0.0000035831   0.0000096112   0.0000481801
   4.7054392006  -0.0000033019   0.0000095388   0.0000479993
   4.7090476662  -0.0000029716   0.0000094439   0.0000478158
   4.7126561319  -0.0000025938   0.0000093266   0.0000476305
   4.7162645975  -0.0000021790   0.0000091913   0.0000474450
   4.7198730632  -0.0000017454   0.0000090455   0.0000472617
   4.7234815288  -0.0000013162   0.0000088998   0.0000470834
   4.7270899944  -0.0000009157   0.0000087655   0.0000469129
   4.7306984601  -0.0000005659   0.0000086537   0.0000467523
   4.7343069257  -0.0000002832   0.0000085730   0.0000466031
   4.7379153914  -0.0000000765   0.0000085282   0.0000464656
   4.7415238570   0.0000000542   0.0000085198   0.0000463392
   4.7451323227   0.0000001183   0.0000085433   0.0000462217
   4.7487407883   0.0000001343   0.0000085901   0.0000461103
   4.7523492540   0.0000001281   0.0000086476   0.0000460014
   4.7559577196   0.0000001298   0.0000087016   0.0000458911
   4.7595661852   0.0000001695   0.0000087373   0.0000457760
   4.7631746509   0.0000002720   0.0000087426   0.0000456536
   4.7667831165   0.0000004524   0.0000087092   0.0000455227
   4.7703915822   0.0000007136   0.0000086349   0.0000453840
   4.7740000478   0.0000010454   0.0000085238   0.0000452396
   4.7776085135   0.0000014263   0.0000083857   0.0000450928
   4.7812169791   0.0000018270   0.0000082353   0.0000449480
   4.7848254448   0.0000022148   0.0000080894   0.0000448094
   4.7884339104   0.0000025583   0.0000079645   0.0000446812
   4.7920423760   0.0000028315   0.0000078748   0.0000445661
   4.7956508417   0.0000030183   0.0000078294   0.0000444655
   4.7992593073   0.0000031146   0.0000078313   0.0000443788
   4.8028677730   0.0000031301   0.0000078765   0.0000443035
   4.8064762386   0.0000030876   0.0000079543   0.0000442357
   4.8100847043   0.0000030190   0.0000080486   0.0000441700
   4.8136931699   0.0000029606   0.0000081406   0.0000441011
   4.8173016356   0.0000029466   0.0000082114   0.0000440242
   4.8209101012   0.0000030026   0.0000082460   0.0000439359
   4.8245185668   0.0000031413   0.0000082353   0.0000438351
   4.8281270325   0.0000033603   0.0000081781   0.0000437227
   4.8317354981   0.0000036426   0.0000080813   0.0000436022
   4.8353439638   0.0000039593   0.0000079589   0.0000434787
   4.8389524294   0.0000042743   0.0000078296   0.0000433585
   4.8425608951   0.0000045501   0.0000077139   0.0000432480
   4.8461693607   0.0000047538   0.0000076310   0.0000431527
   4.8497778264   0.0000048629   0.0000075951   0.0000430764
   4.8533862920   0.0000048699   0.0000076135   0.0000430201
   4.8569947576   0.0000047852   0.0000076843   0.0000429818
   4.8606032233   0.0000046358   0.0000077968   0.0000429565
   4.8642116889   0.0000044624   0.0000079324   0.0000429368
   4.8678201546   0.0000043122   0.0000080673   0.0000429140
   4.8714286202   0.0000042312   0.0000081766   0.0000428793
   4.8750370859   0.0000042559   0.0000082386   0.0000428251
   4.8786455515   0.0000044071   0.0000082382   0.0000427465
   4.8822540172   0.0000046860   0.0000081705   0.0000426422
   4.8858624828   0.0000050734   0.0000080412   0.0000425148
   4.8894709485   0.0000055324   0.0000078662   0.0000423709
   4.8930794141   0.0000060130   0.0000076695   0.0000422202
   4.8966878797   0.0000064593   0.0000074797   0.0000420746
   4.9002963454   0.0000068174   0.0000073253   0.0000419466
   4.9039048110   0.0000070444   0.0000072309   0.0000418471
   4.9075132767   0.0000071149   0.0000072129   0.0000417840
   4.9111217423   0.0000070259   0.0000072766   0.0000417608
   4.9147302080   0.0000067983   0.0000074156   0.0000417753
   4.9183386736   0.0000064734   0.0000076119   0.0000418203
   4.9219471393   0.0000061063   0.0000078389   0.0000418834
   4.9255556049   0.0000057577   0.0000080652   0.0000419491
   4.9291640705   0.0000054834   0.0000082596   0.0000420009
   4.9327725362   0.0000053269   0.0000083961   0.0000420230
   4.9363810018   0.0000053128   0.0000084578   0.0000420029
   4.9399894675   0.0000054439   0.0000084390   0.0000419337
   4.9435979331   0.0000057017   0.0000083468   0.0000418147
   4.9472063988   0.0000060495   0.0000081987   0.0000416524
   4.9508148644   0.0000064383   0.0000080205   0.0000414599
   4.9544233301   0.0000068148   0.0000078419   0.0000412555
   4.9580317957   0.0000071299   0.0000076913   0.0000410602
   4.9616402613   0.0000073468   0.0000075920   0.0000408952
   4.9652487270   0.0000074469   0.0000075582   0.0000407783
   4.9688571926   0.0000074321   0.0000075930   0.0000407218
   4.9724656583   0.0000073240   0.0000076887   0.0000407298
   4.9760741239   0.0000071589   0.0000078278   0.0000407979
   4.9796825896   0.0000069809   0.0000079868   0.0000409128
   4.9832910552   0.0000068336   0.0000081400   0.0000410540
   4.9868995209   0.0000067531   0.0000082639   0.0000411965
   4.9905079865   0.0000067620   0.0000083408   0.0000413137
   4.9941164521   0.0000068666   0.0000083615   0.0000413814
   4.9977249178   0.0000070562   0.0000083267   0.0000413814
   5.0013333834   0.0000073057   0.0000082464   0.0000413043
   5.0049418491   0.0000075798   0.0000081382   0.0000411513
   5.0085503147   0.0000078397   0.0000080238   0.0000409344
   5.0121587804   0.0000080495   0.0000079252   0.0000406755
   5.0157672460   0.0000081830   0.0000078609   0.0000404035
   5.0193757117   0.0000082281   0.0000078426   0.0000401501
   5.0229841773   0.0000081883   0.0000078734   0.0000399459
   5.0265926429   0.0000080818   0.0000079481   0.0000398157
   5.0302011086   0.0000079377   0.0000080542   0.0000397744
   5.0338095742   0.0000077904   0.0000081744   0.0000398251
   5.0374180399   0.0000076734   0.0000082903   0.0000399580
   5.0410265055   0.0000076135   0.0000083849   0.0000401514
   5.0446349712   0.0000076271   0.0000084457   0.0000403746
   5.0482434368   0.0000077169   0.0000084666   0.0000405923
   5.0518519025   0.0000078725   0.0000084484   0.0000407694
   5.0554603681   0.0000080716   0.0000083992   0.0000408764
   5.0590688337   0.0000082845   0.0000083325   0.0000408941
   5.0626772994   0.0000084786   0.0000082651   0.0000408162
   5.0662857650   0.0000086246   0.0000082141   0.0000406503
   5.0698942307   0.0000087009   0.0000081941   0.0000404175
   5.0735026963   0.0000086968   0.0000082143   0.0000401486
   5.0771111620   0.0000086142   0.0000082774   0.0000398797
   5.0807196276   0.0000084661   0.0000083789   0.0000396468
   5.0843280933   0.0000082742   0.0000085088   0.0000394797
   5.0879365589   0.0000080653   0.0000086528   0.0000393976
   5.0915450245   0.0000078673   0.0000087952   0.0000394062
   5.0951534902   0.0000077053   0.0000089210   0.0000394962
   5.0987619558   0.0000075989   0.0000090180   0.0000396452
   5.1023704215   0.0000075592   0.0000090783   0.0000398217
   5.1059788871   0.0000075885   0.0000090987   0.0000399896
   5.1095873528   0.0000076798   0.0000090815   0.0000401152
   5.1131958184   0.0000078192   0.0000090334   0.0000401721
   5.1168042841   0.0000079886   0.0000089647   0.0000401466
   5.1204127497   0.0000081687   0.0000088878   0.0000400393
   5.1240212154   0.0000083423   0.0000088154   0.0000398659
   5.1276296810   0.0000084963   0.0000087588   0.0000396540
   5.1312381466   0.0000086227   0.0000087262   0.0000394388
   5.1348466123   0.0000087185   0.0000087223   0.0000392567
   5.1384550779   0.0000087846   0.0000087479   0.0000391393
   5.1420635436   0.0000088253   0.0000087998   0.0000391070
   5.1456720092   0.0000088467   0.0000088725   0.0000391653
   5.1492804749   0.0000088558   0.0000089585   0.0000393034
   5.1528889405   0.0000088593   0.0000090496   0.0000394953
   5.1564974062   0.0000088629   0.0000091382   0.0000397041
   5.1601058718   0.0000088698   0.0000092177   0.0000398878
   5.1637143374   0.0000088803   0.0000092832   0.0000400070
   5.1673228031   0.0000088925   0.0000093320   0.0000400314
   5.1709312687   0.0000089022   0.0000093635   0.0000399454
   5.1745397344   0.0000089050   0.0000093794   0.0000397519
   5.1781482000   0.0000088971   0.0000093831   0.0000394717
   5.1817566657   0.0000088765   0.0000093793   0.0000391414
   5.1853651313   0.0000088432   0.0000093736   0.0000388073
   5.1889735970   0.0000087997   0.0000093717   0.0000385180
   5.1925820626   0.0000087503   0.0000093783   0.0000383171
   5.1961905282   0.0000087008   0.0000093969   0.0000382354
   5.1997989939   0.0000086577   0.0000094290   0.0000382857
   5.2034074595   0.0000086277   0.0000094741   0.0000384607
   5.2070159252   0.0000086167   0.0000095300   0.0000387336
   5.2106243908   0.0000086285   0.0000095934   0.0000390624
   5.2142328565   0.0000086641   0.0000096604   0.0000393962
   5.2178413221   0.0000087211   0.0000097277   0.0000396835
   5.2214497878   0.0000087939   0.0000097929   0.0000398802
   5.2250582534   0.0000088742   0.0000098542   0.0000399564
   5.2286667190   0.0000089525   0.0000099111   0.0000399006
   5.2322751847   0.0000090194   0.0000099638   0.0000397218
   5.2358836503   0.0000090670   0.0000100127   0.0000394467
   5.2394921160   0.0000090907   0.0000100588   0.0000391158
   5.2431005816   0.0000090895   0.0000101030   0.0000387762
   5.2467090473   0.0000090667   0.0000101456   0.0000384740
   5.2503175129   0.0000090294   0.0000101865   0.0000382474
   5.2539259786   0.0000089875   0.0000102244   0.0000381209
   5.2575344442   0.0000089515   0.0000102572   0.0000381021
   5.2611429098   0.0000089307   0.0000102826   0.0000381821
   5.2647513755   0.0000089312   0.0000102985   0.0000383373
   5.2683598411   0.0000089539   0.0000103043   0.0000385350
   5.2719683068   0.0000089951   0.0000103011   0.0000387387
   5.2755767724   0.0000090465   0.0000102929   0.0000389146
   5.2791852381   0.0000090973   0.0000102853   0.0000390372
   5.2827937037   0.0000091362   0.0000102854   0.0000390922
   5.2864021694   0.0000091536   0.0000103002   0.0000390782
   5.2900106350   0.0000091436   0.0000103356   0.0000390056
   5.2936191006   0.0000091053   0.0000103949   0.0000388934
   5.2972275663   0.0000090432   0.0000104784   0.0000387647
   5.3008360319   0.0000089669   0.0000105834   0.0000386425
   5.3044444976   0.0000088900   0.0000107040   0.0000385450
   5.3080529632   0.0000088274   0.0000108323   0.0000384826
   5.3116614289   0.0000087929   0.0000109595   0.0000384571
   5.3152698945   0.0000087958   0.0000110771   0.0000384619
   5.3188783602   0.0000088392   0.0000111779   0.0000384843
   5.3224868258   0.0000089186   0.0000112573   0.0000385089
   5.3260952914   0.0000090225   0.0000113137   0.0000385210
   5.3297037571   0.0000091351   0.0000113487   0.0000385099
   5.3333122227   0.0000092389   0.0000113662   0.0000384707
   5.3369206884   0.0000093183   0.0000113723   0.0000384053
   5.3405291540   0.0000093624   0.0000113732   0.0000383217
   5.3441376197   0.0000093668   0.0000113746   0.0000382323
   5.3477460853   0.0000093344   0.0000113804   0.0000381511
   5.3513545510   0.0000092743   0.0000113925   0.0000380909
   5.3549630166   0.0000091999   0.0000114102   0.0000380610
   5.3585714823   0.0000091264   0.0000114315   0.0000380652
   5.3621799479   0.0000090675   0.0000114539   0.0000381013
   5.3657884135   0.0000090326   0.0000114756   0.0000381621
   5.3693968792   0.0000090252   0.0000114966   0.0000382364
   5.3730053448   0.0000090419   0.0000115194   0.0000383117
   5.3766138105   0.0000090740   0.0000115484   0.0000383756
   5.3802222761   0.0000091088   0.0000115897   0.0000384188
   5.3838307418   0.0000091334   0.0000116490   0.0000384356
   5.3874392074   0.0000091375   0.0000117306   0.0000384246
   5.3910476731   0.0000091157   0.0000118360   0.0000383886
   5.3946561387   0.0000090694   0.0000119633   0.0000383334
   5.3982646043   0.0000090063   0.0000121071   0.0000382662
   5.4018730700   0.0000089394   0.0000122592   0.0000381944
