   0.0000000000   0.0000000000   0.0000000000   0.0000000000
   0.0144338626   0.0000000000   0.0000000000   0.0000000000
   0.0288677252   0.0000000000   0.0000000000   0.0000000000
   0.0433015877   0.0000000000   0.0000000000   0.0000000000
   0.0577354503   0.0000000000   0.0000000000   0.0000000000
   0.0721693129   0.0000000000  -0.0000000000  -0.0000000000
   0.0866031755   0.0000000000   0.0000000000   0.0000000000
   0.1010370380   0.0000000000  -0.0000000000   0.0000000000
   0.1154709006   0.0000000000  -0.0000000000   0.0000000000
   0.1299047632   0.0000000000  -0.0000000000   0.0000000000
   0.1443386258   0.0000000000  -0.0000000000   0.0000000000
   0.1587724884   0.0000000000   0.0000000000   0.0000000000
   0.1732063509  -0.0000000000   0.0000000000  -0.0000000000
   0.1876402135  -0.0000000000   0.0000000000  -0.0000000000
   0.2020740761  -0.0000000000  -0.0000000000  -0.0000000000
   0.2165079387   0.0000000000  -0.0000000000   0.0000000000
   0.2309418013   0.0000000000   0.0000000000   0.0000000000
   0.2453756638  -0.0000000000   0.0000000000   0.0000000000
   0.2598095264  -0.0000000000  -0.0000000000  -0.0000000000
   0.2742433890  -0.0000000000  -0.0000000000  -0.0000000000
   0.2886772516   0.0000000000  -0.0000000000   0.0000000000
   0.3031111141   0.0000000000   0.0000000000   0.0000000000
   0.3175449767  -0.0000000000   0.0000000000  -0.0000000000
   0.3319788393  -0.0000000000  -0.0000000000  -0.0000000000
   0.3464127019  -0.0000000000  -0.0000000000  -0.0000000000
   0.3608465645   0.0000000000   0.0000000000   0.0000000000
   0.3752804270   0.0000000000  -0.0000000000   0.0000000000
   0.3897142896  -0.0000000000  -0.0000000000  -0.0000000000
   0.4041481522  -0.0000000000   0.0000000000  -0.0000000000
   0.4185820148   0.0000000000   0.0000000000   0.0000000000
   0.4330158774   0.0000000000  -0.0000000000   0.0000000000
   0.4474497399  -0.0000000000  -0.0000000000  -0.0000000000
   0.4618836025  -0.0000000000  -0.0000000000  -0.0000000000
   0.4763174651  -0.0000000000   0.0000000000  -0.0000000000
   0.4907513277   0.0000000000   0.0000000000   0.0000000000
   0.5051851902   0.0000000000  -0.0000000000   0.0000000000
   0.5196190528  -0.0000000000  -0.0000000000  -0.0000000000
   0.5340529154  -0.0000000000   0.0000000000  -0.0000000000
   0.5484867780   0.0000000000   0.0000000000   0.0000000000
   0.5629206406   0.0000000000  -0.0000000000   0.0000000000
   0.5773545031   0.0000000000  -0.0000000000  -0.0000000000
   0.5917883657  -0.0000000000  -0.0000000000  -0.0000000000
   0.6062222283  -0.0000000000   0.0000000000  -0.0000000000
   0.6206560909   0.0000000000   0.0000000000   0.0000000000
   0.6350899535   0.0000000000  -0.0000000000   0.0000000000
   0.6495238160  -0.0000000000  -0.0000000000  -0.0000000000
   0.6639576786  -0.0000000000   0.0000000000  -0.0000000000
   0.6783915412   0.0000000000   0.0000000000   0.0000000000
   0.6928254038   0.0000000000   0.0000000000   0.0000000000
   0.7072592663  -0.0000000000  -0.0000000000  -0.0000000000
   0.7216931289  -0.0000000000  -0.0000000000  -0.0000000000
   0.7361269915   0.0000000000   0.0000000000   0.0000000000
   0.7505608541   0.0000000000   0.0000000000   0.0000000000
   0.7649947167  -0.0000000000   0.0000000000  -0.0000000000
   0.7794285792  -0.0000000000  -0.0000000000  -0.0000000000
   0.7938624418   0.0000000000  -0.0000000000   0.0000000000
   0.8082963044   0.0000000000   0.0000000000   0.0000000000
   0.8227301670  -0.0000000000   0.0000000000  -0.0000000000
   0.8371640296  -0.0000000000  -0.0000000000  -0.0000000000
   0.8515978921   0.0000000000  -0.0000000000   0.0000000000
   0.8660317547   0.0000000000   0.0000000000   0.0000000000
   0.8804656173  -0.0000000000   0.0000000000   0.0000000000
   0.8948994799  -0.0000000000  -0.0000000000  -0.0000000000
   0.9093333424  -0.0000000000  -0.0000000000  -0.0000000000
   0.9237672050   0.0000000000  -0.0000000000   0.0000000000
   0.9382010676   0.0000000000   0.0000000000   0.0000000000
   0.9526349302  -0.0000000000   0.0000000000  -0.0000000000
   0.9670687928  -0.0000000000  -0.0000000000  -0.0000000000
   0.9815026553   0.0000000000  -0.0000000000   0.0000000000
   0.9959365179   0.0000000000   0.0000000000   0.0000000000
   1.0103703805  -0.0000000000   0.0000000000  -0.0000000000
   1.0248042431  -0.0000000000  -0.0000000000  -0.0000000000
   1.0392381056  -0.0000000000  -0.0000000000  -0.0000000000
   1.0536719682   0.0000000000   0.0000000000   0.0000000000
   1.0681058308   0.0000000000   0.0000000000   0.0000000000
   1.0825396934  -0.0000000000  -0.0000000000  -0.0000000000
   1.0969735560  -0.0000000000  -0.0000000000  -0.0000000000
   1.1114074185   0.0000000000   0.0000000000   0.0000000000
   1.1258412811   0.0000000000   0.0000000000   0.0000000000
   1.1402751437  -0.0000000000   0.0000000000  -0.0000000000
   1.1547090063  -0.0000000000  -0.0000000000  -0.0000000000
   1.1691428689   0.0000000000   0.0000000000  -0.0000000000
   1.1835767314   0.0000000000   0.0000000000   0.0000000000
   1.1980105940   0.0000000000  -0.0000000000   0.0000000000
   1.2124444566  -0.0000000000  -0.0000000000  -0.0000000000
   1.2268783192  -0.0000000000  -0.0000000000  -0.0000000000
   1.2413121817   0.0000000000   0.0000000000   0.0000000000
   1.2557460443   0.0000000000   0.0000000000  -0.0000000000
   1.2701799069  -0.0000000000  -0.0000000000  -0.0000000000
   1.2846137695  -0.0000000000  -0.0000000000  -0.0000000000
   1.2990476321   0.0000000000  -0.0000000000   0.0000000000
   1.3134814946   0.0000000000  -0.0000000000   0.0000000000
   1.3279153572  -0.0000000000  -0.0000000000  -0.0000000000
   1.3423492198  -0.0000000000   0.0000000000  -0.0000000000
   1.3567830824  -0.0000000000   0.0000000000  -0.0000000000
   1.3712169450   0.0000000000   0.0000000000   0.0000000000
   1.3856508075   0.0000000000  -0.0000000000   0.0000000000
   1.4000846701   0.0000000000  -0.0000000000   0.0000000000
   1.4145185327   0.0000000000  -0.0000000000   0.0000000000
   1.4289523953   0.0000000000   0.0000000000   0.0000000000
   1.4433862578  -0.0000000000   0.0000000000  -0.0000000000
   1.4578201204  -0.0000000000   0.0000000000  -0.0000000000
   1.4722539830  -0.0000000000   0.0000000000  -0.0000000000
   1.4866878456   0.0000000000  -0.0000000000   0.0000000000
   1.5011217082   0.0000000000  -0.0000000000   0.0000000000
   1.5155555707   0.0000000000  -0.0000000000   0.0000000000
   1.5299894333  -0.0000000000   0.0000000000  -0.0000000000
   1.5444232959  -0.0000000000   0.0000000000  -0.0000000000
   1.5588571585  -0.0000000000   0.0000000000  -0.0000000000
   1.5732910211  -0.0000000000   0.0000000000  -0.0000000000
   1.5877248836   0.0000000000  -0.0000000000   0.0000000000
   1.6021587462   0.0000000000  -0.0000000000   0.0000000000
   1.6165926088   0.0000000000  -0.0000000000   0.0000000000
   1.6310264714   0.0000000000   0.0000000000   0.0000000000
   1.6454603339  -0.0000000000   0.0000000000  -0.0000000000
   1.6598941965  -0.0000000001   0.0000000000  -0.0000000001
   1.6743280591  -0.0000000001   0.0000000000  -0.0000000001
   1.6887619217   0.0000000000  -0.0000000000   0.0000000000
   1.7031957843   0.0000000001  -0.0000000001   0.0000000003
   1.7176296468   0.0000000003  -0.0000000002   0.0000000005
   1.7320635094   0.0000000003  -0.0000000001   0.0000000003
   1.7464973720  -0.0000000002   0.0000000002  -0.0000000004
   1.7609312346  -0.0000000010   0.0000000007  -0.0000000016
   1.7753650971  -0.0000000016   0.0000000009  -0.0000000023
   1.7897989597  -0.0000000010   0.0000000004  -0.0000000011
   1.8042328223   0.0000000016  -0.0000000013   0.0000000029
   1.8186666849   0.0000000056  -0.0000000036   0.0000000084
   1.8331005475   0.0000000077  -0.0000000043   0.0000000106
   1.8475344100   0.0000000032  -0.0000000009   0.0000000029
   1.8619682726  -0.0000000107   0.0000000075  -0.0000000171
   1.8764021352  -0.0000000286   0.0000000173  -0.0000000408
   1.8908359978  -0.0000000346   0.0000000191  -0.0000000458
   1.9052698604  -0.0000000081   0.0000000018  -0.0000000056
   1.9197037229   0.0000000576  -0.0000000365   0.0000000849
   1.9341375855   0.0000001334  -0.0000000778   0.0000001822
   1.9485714481   0.0000001471  -0.0000000816   0.0000001895
   1.9630053107   0.0000000175  -0.0000000046   0.0000000058
   1.9774391732  -0.0000002683   0.0000001572  -0.0000003727
   1.9918730358  -0.0000005725   0.0000003259  -0.0000007544
   2.0063068984  -0.0000006007   0.0000003403  -0.0000007593
   2.0207407610  -0.0000000507   0.0000000359  -0.0000000212
   2.0351746236   0.0000010928  -0.0000005983   0.0000014424
   2.0496084861   0.0000022766  -0.0000012698   0.0000029023
   2.0640423487   0.0000023977  -0.0000013855   0.0000029824
   2.0784762113   0.0000003633  -0.0000003364   0.0000003838
   2.0929100739  -0.0000038755   0.0000019634  -0.0000048607
   2.1073439365  -0.0000083885   0.0000045623  -0.0000103239
   2.1217777990  -0.0000093635   0.0000054535  -0.0000114102
   2.1362116616  -0.0000029571   0.0000024549  -0.0000036440
   2.1506455242   0.0000113934  -0.0000050909   0.0000134468
   2.1650793868   0.0000279757  -0.0000146189   0.0000329982
   2.1795132493   0.0000348678  -0.0000200327   0.0000411536
   2.1939471119   0.0000191245  -0.0000139831   0.0000232284
   2.2083809745  -0.0000236775   0.0000073392  -0.0000254639
   2.2228148371  -0.0000802298   0.0000389496  -0.0000896207
   2.2372486997  -0.0001178955   0.0000649894  -0.0001328109
   2.2516825622  -0.0000964396   0.0000632077  -0.0001110107
   2.2661164248   0.0000078988   0.0000165454   0.0000010174
   2.2805502874   0.0001764189  -0.0000723364   0.0001823914
   2.2949841500   0.0003370185  -0.0001718345   0.0003559619
   2.3094180126   0.0003829341  -0.0002261151   0.0004098665
   2.3238518751   0.0002224875  -0.0001772190   0.0002504313
   2.3382857377  -0.0001582671   0.0000014723  -0.0001340874
   2.3527196003  -0.0006529976   0.0002757416  -0.0006333531
   2.3671534629  -0.0010449607   0.0005435578  -0.0010297267
   2.3815873254  -0.0010812545   0.0006624725  -0.0010765348
   2.3960211880  -0.0005906985   0.0005078531  -0.0006150394
   2.4104550506   0.0004040740   0.0000409754   0.0003211662
   2.4248889132   0.0016371841  -0.0006442001   0.0014688657
   2.4393227758   0.0026483774  -0.0013228204   0.0023944711
   2.4537566383   0.0029237768  -0.0016984855   0.0026362820
   2.4681905009   0.0020792755  -0.0015039545   0.0018765466
   2.4826243635   0.0000152665  -0.0006066537   0.0000739812
   2.4970582261  -0.0030188590   0.0009230319  -0.0024972647
   2.5114920887  -0.0064757685   0.0028100607  -0.0053176095
   2.5259259512  -0.0096571306   0.0046435900  -0.0077733814
   2.5403598138  -0.0119030252   0.0059932173  -0.0093331014
   2.5547936764  -0.0127601632   0.0065319879  -0.0096877176
   2.5692275390  -0.0120791326   0.0061244150  -0.0088121225
   2.5836614015  -0.0100202721   0.0048524658  -0.0069371449
   2.5980952641  -0.0069801610   0.0029762577  -0.0044538545
   2.6125291267  -0.0034743593   0.0008492531  -0.0017932877
   2.6269629893  -0.0000191985  -0.0011788671   0.0006733926
   2.6413968519   0.0029551189  -0.0028391787   0.0026868476
   2.6558307144   0.0051494484  -0.0039809244   0.0041036873
   2.6702645770   0.0064083615  -0.0045683080   0.0048748685
   2.6846984396   0.0067180671  -0.0046504861   0.0050247513
   2.6991323022   0.0061997103  -0.0043238940   0.0046433298
   2.7135661647   0.0050938031  -0.0037015750   0.0038843112
   2.7280000273   0.0037235430  -0.0028948401   0.0029516401
   2.7424338899   0.0024311088  -0.0020047540   0.0020638167
   2.7568677525   0.0014977809  -0.0011183321   0.0014024567
   2.7713016151   0.0010733594  -0.0003062296   0.0010650608
   2.7857354776   0.0011415975   0.0003783464   0.0010421920
   2.8001693402   0.0015348796   0.0008987363   0.0012275323
   2.8146032028   0.0019917198   0.0012324156   0.0014549271
   2.8290370654   0.0022360931   0.0013691849   0.0015482074
   2.8434709280   0.0020539813   0.0013120805   0.0013692467
   2.8579047905   0.0013480302   0.0010810954   0.0008536556
   2.8723386531   0.0001601651   0.0007171392   0.0000276379
   2.8867725157  -0.0013399078   0.0002823074  -0.0009970756
   2.9012063783  -0.0028960144  -0.0001465033  -0.0020492936
   2.9156402408  -0.0042267465  -0.0004907906  -0.0029393675
   2.9300741034  -0.0050919805  -0.0006874435  -0.0035045511
   2.9445079660  -0.0053479621  -0.0007045057  -0.0036467114
   2.9589418286  -0.0049767699  -0.0005505748  -0.0033529438
   2.9733756912  -0.0040831938  -0.0002744113  -0.0026948552
   2.9878095537  -0.0028615982   0.0000458707  -0.0018079571
   3.0022434163  -0.0015436757   0.0003216646  -0.0008572094
   3.0166772789  -0.0003423481   0.0004760334   0.0000022710
   3.0311111415   0.0005934266   0.0004632751   0.0006593037
   3.0455450041   0.0012025964   0.0002804704   0.0010668841
   3.0599788666   0.0015108715  -0.0000322912   0.0012438313
   3.0744127292   0.0016074033  -0.0004030987   0.0012586781
   3.0888465918   0.0016076768  -0.0007475976   0.0012019594
   3.1032804544   0.0016140990  -0.0009910598   0.0011561232
   3.1177143169   0.0016856813  -0.0010871027   0.0011721043
   3.1321481795   0.0018248560  -0.0010282458   0.0012585389
   3.1465820421   0.0019837445  -0.0008459128   0.0013851051
   3.1610159047   0.0020860359  -0.0006003220   0.0014971968
   3.1754497673   0.0020562226  -0.0003632769   0.0015363417
   3.1898836298   0.0018466771  -0.0001986571   0.0014599535
   3.2043174924   0.0014548859  -0.0001459971   0.0012550145
   3.2187513550   0.0009268462  -0.0002116470   0.0009424956
   3.2331852176   0.0003466544  -0.0003697094   0.0005720155
   3.2476190802  -0.0001842883  -0.0005719064   0.0002087889
   3.2620529427  -0.0005726482  -0.0007628170  -0.0000831718
   3.2764868053  -0.0007561731  -0.0008955594  -0.0002567828
   3.2909206679  -0.0007179593  -0.0009433711  -0.0002922331
   3.3053545305  -0.0004881070  -0.0009043067  -0.0001994740
   3.3197883930  -0.0001329108  -0.0007985732  -0.0000129788
   3.3342222556   0.0002642227  -0.0006600550   0.0002187413
   3.3486561182   0.0006236329  -0.0005248874   0.0004451981
   3.3630899808   0.0008859222  -0.0004204406   0.0006242080
   3.3775238434   0.0010205754  -0.0003577923   0.0007284140
   3.3919577059   0.0010263050  -0.0003297579   0.0007476218
   3.4063915685   0.0009250472  -0.0003149215   0.0006875801
   3.4208254311   0.0007524018  -0.0002862417   0.0005662307
   3.4352592937   0.0005471756  -0.0002213014   0.0004084632
   3.4496931563   0.0003422507  -0.0001107343   0.0002403611
   3.4641270188   0.0001585370   0.0000379278   0.0000839306
   3.4785608814   0.0000031069   0.0002020669  -0.0000467495
   3.4929947440  -0.0001284673   0.0003505628  -0.0001472351
   3.5074286066  -0.0002468018   0.0004527642  -0.0002219548
   3.5218624691  -0.0003624951   0.0004869098  -0.0002811356
   3.5362963317  -0.0004810907   0.0004455090  -0.0003361037
   3.5507301943  -0.0006004728   0.0003363512  -0.0003941747
   3.5651640569  -0.0007109085   0.0001792510  -0.0004547300
   3.5795979195  -0.0007972227  -0.0000000838  -0.0005080440
   3.5940317820  -0.0008423384  -0.0001769038  -0.0005377103
   3.6084656446  -0.0008314353  -0.0003327863  -0.0005261878
   3.6228995072  -0.0007559764  -0.0004580227  -0.0004615701
   3.6373333698  -0.0006167768  -0.0005507305  -0.0003429288
   3.6517672323  -0.0004253118  -0.0006136320  -0.0001820265
   3.6662010949  -0.0002027455  -0.0006502129  -0.0000007200
   3.6806349575   0.0000233334  -0.0006619715   0.0001747769
   3.6950688201   0.0002239533  -0.0006477689   0.0003203888
   3.7095026827   0.0003746257  -0.0006052666   0.0004190453
   3.7239365452   0.0004607568  -0.0005335576   0.0004626339
   3.7383704078   0.0004810743  -0.0004357005   0.0004512575
   3.7528042704   0.0004475755  -0.0003200084   0.0003910948
   3.7672381330   0.0003811628  -0.0001994810   0.0002923362
   3.7816719956   0.0003036192  -0.0000894680   0.0001679992
   3.7961058581   0.0002284820  -0.0000042793   0.0000334358
   3.8105397207   0.0001547137   0.0000461570  -0.0000943649
   3.8249735833   0.0000667353   0.0000584719  -0.0001985926
   3.8394074459  -0.0000579844   0.0000361477  -0.0002658056
   3.8538413084  -0.0002361681  -0.0000120967  -0.0002897714
   3.8682751710  -0.0004661546  -0.0000751251  -0.0002744547
   3.8827090336  -0.0007214918  -0.0001422926  -0.0002345284
   3.8971428962  -0.0009543452  -0.0002054621  -0.0001924561
   3.9115767588  -0.0011081017  -0.0002597484  -0.0001724664
   3.9260106213  -0.0011344801  -0.0003033246  -0.0001930719
   3.9404444839  -0.0010086255  -0.0003370069  -0.0002605683
   3.9548783465  -0.0007368824  -0.0003641427  -0.0003657772
   3.9693122091  -0.0003553849  -0.0003907272  -0.0004851945
   3.9837460717   0.0000786018  -0.0004250945  -0.0005861766
   3.9981799342   0.0004983814  -0.0004764316  -0.0006345099
   4.0126137968   0.0008384748  -0.0005518704  -0.0006022084
   4.0270476594   0.0010421577  -0.0006527894  -0.0004737285
   4.0414815220   0.0010663522  -0.0007717052  -0.0002496234
   4.0559153845   0.0008858142  -0.0008913334   0.0000525332
   4.0703492471   0.0004981892  -0.0009868654   0.0003997047
   4.0847831097  -0.0000703952  -0.0010314195   0.0007471258
   4.0992169723  -0.0007617435  -0.0010033823   0.0010439399
   4.1136508349  -0.0014875933  -0.0008934581   0.0012403105
   4.1280846974  -0.0021397608  -0.0007090833   0.0012951538
   4.1425185600  -0.0026080891  -0.0004745708   0.0011831600
   4.1569524226  -0.0028023544  -0.0002267130   0.0008995314
   4.1713862852  -0.0026718723  -0.0000070805   0.0004610978
   4.1858201478  -0.0022165368   0.0001466856  -0.0000968347
   4.2002540103  -0.0014856091   0.0002080925  -0.0007275548
   4.2146878729  -0.0005646947   0.0001657352  -0.0013825812
   4.2291217355   0.0004447431   0.0000234206  -0.0020217382
   4.2435555981   0.0014469049  -0.0002027954  -0.0026212242
   4.2579894606   0.0023681862  -0.0004891439  -0.0031774888
   4.2724233232   0.0031650768  -0.0008086277  -0.0037056164
   4.2868571858   0.0038229038  -0.0011342971  -0.0042322621
   4.3012910484   0.0043474743  -0.0014408803  -0.0047846677
   4.3157249110   0.0047530470  -0.0017049913  -0.0053784658
   4.3301587735   0.0050502591  -0.0019045397  -0.0060074544
   4.3445926361   0.0052370969  -0.0020180744  -0.0066381545
   4.3590264987   0.0052951058  -0.0020246966  -0.0072108298
   4.3734603613   0.0051919024  -0.0019049411  -0.0076470822
   4.3878942239   0.0048896405  -0.0016427046  -0.0078625272
   4.4023280864   0.0043574708  -0.0012279299  -0.0077818002
   4.4167619490   0.0035846189  -0.0006594062  -0.0073525480
   4.4311958116   0.0025900894   0.0000531447  -0.0065552943
   4.4456296742   0.0014256578   0.0008884441  -0.0054071052
   4.4600635367   0.0001707113   0.0018148668  -0.0039585671
   4.4744973993  -0.0010799337   0.0027933042  -0.0022852644
   4.4889312619  -0.0022318582   0.0037809828  -0.0004762227
   4.5033651245  -0.0032060462   0.0047352678   0.0013777298
   4.5177989871  -0.0039490915   0.0056165593   0.0031931057
   4.5322328496  -0.0044364162   0.0063897719   0.0048989029
   4.5466667122  -0.0046686632   0.0070244342   0.0064376028
   4.5611005748  -0.0046634745   0.0074939568   0.0077630993
   4.5755344374  -0.0044459609   0.0077749202   0.0088373894
   4.5899682999  -0.0040410752   0.0078472107   0.0096279828
   4.6044021625  -0.0034700028   0.0076954844   0.0101075173
   4.6188360251  -0.0027510339   0.0073118543   0.0102561611
   4.6332698877  -0.0019037587   0.0066990866   0.0100663013
   4.6477037503  -0.0009543514   0.0058731956   0.0095480658
   4.6621376128   0.0000605106   0.0048643238   0.0087336762
   4.6765714754   0.0010929009   0.0037152228   0.0076786810
   4.6910053380   0.0020866663   0.0024773582   0.0064588023
   4.7054392006   0.0029835324   0.0012053883   0.0051622927
   4.7198730632   0.0037307018  -0.0000487691   0.0038790022
   4.7343069257   0.0042880563  -0.0012410048   0.0026883954
   4.7487407883   0.0046333336  -0.0023382699   0.0016492041
   4.7631746509   0.0047642287  -0.0033196079   0.0007930866
   4.7776085135   0.0046970447  -0.0041751154   0.0001236924
   4.7920423760   0.0044621867  -0.0049033836  -0.0003788218
   4.8064762386   0.0040974249  -0.0055081620  -0.0007491173
   4.8209101012   0.0036404160  -0.0059949930  -0.0010261006
   4.8353439638   0.0031222977  -0.0063684564  -0.0012430609
   4.8497778264   0.0025640271  -0.0066304758  -0.0014207927
   4.8642116889   0.0019764155  -0.0067799047  -0.0015650699
   4.8786455515   0.0013636531  -0.0068133384  -0.0016686301
   4.8930794141   0.0007289210  -0.0067268454  -0.0017166632
   4.9075132767   0.0000799637  -0.0065181359  -0.0016939976
   4.9219471393  -0.0005674448  -0.0061886462  -0.0015919243
   4.9363810018  -0.0011893754  -0.0057451059  -0.0014129101
   4.9508148644  -0.0017569386  -0.0052003320  -0.0011721596
   4.9652487270  -0.0022416229  -0.0045731725  -0.0008958663
   4.9796825896  -0.0026209633  -0.0038876604  -0.0006168032
   4.9941164521  -0.0028827779  -0.0031715190  -0.0003684782
   5.0085503147  -0.0030268555  -0.0024541920  -0.0001793078
   5.0229841773  -0.0030638935  -0.0017645915  -0.0000681299
   5.0374180399  -0.0030123313  -0.0011287552  -0.0000419276
   5.0518519025  -0.0028942245  -0.0005676125  -0.0000960197
   5.0662857650  -0.0027313485  -0.0000950670  -0.0002163523
   5.0807196276  -0.0025423728   0.0002833773  -0.0003830931
   5.0951534902  -0.0023414082   0.0005712003  -0.0005745581
   5.1095873528  -0.0021377542   0.0007804329  -0.0007706075
   5.1240212154  -0.0019364243   0.0009300727  -0.0009549390
   5.1384550779  -0.0017390584   0.0010433992  -0.0011160682
   5.1528889405  -0.0015450085   0.0011444840  -0.0012471196
   5.1673228031  -0.0013525375   0.0012544311  -0.0013447873
   5.1817566657  -0.0011600786   0.0013880150  -0.0014079318
   5.1961905282  -0.0009673818   0.0015513564  -0.0014362698
   5.2106243908  -0.0007762589   0.0017410779  -0.0014295072
   5.2250582534  -0.0005906652   0.0019450842  -0.0013870971
   5.2394921160  -0.0004160594   0.0021447927  -0.0013086177
   5.2539259786  -0.0002582605   0.0023183933  -0.0011945915
   5.2683598411  -0.0001222045   0.0024445618  -0.0010474500
   5.2827937037  -0.0000109997   0.0025060035  -0.0008723045
   5.2972275663   0.0000745103   0.0024922456  -0.0006772304
   5.3116614289   0.0001356988   0.0024012305  -0.0004728917
   5.3260952914   0.0001757986   0.0022394831  -0.0002714921
   5.3405291540   0.0001994043   0.0020208988  -0.0000852092
   5.3549630166   0.0002119072   0.0017644746   0.0000755910
   5.3693968792   0.0002188347   0.0014914856   0.0002039806
   5.3838307418   0.0002250658   0.0012226551   0.0002975535
   5.3982646043   0.0002339893   0.0009757740   0.0003586830
   5.4126984669   0.0002468061   0.0007640514   0.0003938487
   5.4271323295   0.0002622436   0.0005952880   0.0004121537
   5.4415661921   0.0002768892   0.0004718139   0.0004233526
   5.4560000547   0.0002861701   0.0003910416   0.0004358249
   5.4704339172   0.0002857623   0.0003464492   0.0004549290
   5.4848677798   0.0002730175   0.0003288156   0.0004820694
   5.4993016424   0.0002479362   0.0003275719   0.0005146371
   5.5137355050   0.0002133321   0.0003321629   0.0005467946
   5.5281693675   0.0001741074   0.0003333302   0.0005709042
   5.5426032301   0.0001358778   0.0003242073   0.0005792758
   5.5570370927   0.0001034353   0.0003010853   0.0005658606
   5.5714709553   0.0000795871   0.0002637071   0.0005275442
   5.5859048179   0.0000647414   0.0002150015   0.0004647946
   5.6003386804   0.0000572928   0.0001602849   0.0003815699
   5.6147725430   0.0000545476   0.0001060910   0.0002845557
   5.6292064056   0.0000537627   0.0000588886   0.0001819423
   5.6436402682   0.0000529140   0.0000239650   0.0000820315
   5.6580741308   0.0000510178   0.0000046914  -0.0000080243
   5.6725079933   0.0000480567   0.0000022620  -0.0000831132
   5.6869418559   0.0000447028   0.0000158660  -0.0001405561
   5.7013757185   0.0000420227   0.0000431595  -0.0001799942
   5.7158095811   0.0000412431   0.0000808600  -0.0002028761
   5.7302434436   0.0000435486   0.0001253080  -0.0002117237
   5.7446773062   0.0000498563   0.0001728906  -0.0002093800
   5.7591111688   0.0000605625   0.0002202854  -0.0001984211
   5.7735450314   0.0000753452   0.0002645370  -0.0001808397
   5.7879788940   0.0000931407   0.0003030224  -0.0001580166
   5.8024127565   0.0001123684   0.0003333833  -0.0001309025
   5.8168466191   0.0001313603   0.0003535048  -0.0001002871
   5.8312804817   0.0001488422   0.0003615989  -0.0000670317
   5.8457143443   0.0001642583   0.0003564003  -0.0000321888
   5.8601482069   0.0001777791   0.0003374324   0.0000030147
   5.8745820694   0.0001899577   0.0003052596   0.0000373123
   5.8890159320   0.0002011586   0.0002616331   0.0000696019
   5.9034497946   0.0002110011   0.0002094535   0.0000991576
   5.9178836572   0.0002180840   0.0001525184   0.0001257750
   5.9323175197   0.0002201648   0.0000950743   0.0001497843
   5.9467513823   0.0002147826   0.0000412490   0.0001718997
   5.9611852449   0.0002001171  -0.0000055184   0.0001929282
   5.9756191075   0.0001757584  -0.0000429148   0.0002134219
   5.9900529701   0.0001430856  -0.0000699564   0.0002333842
   6.0044868326   0.0001051097  -0.0000869192   0.0002521213
   6.0189206952   0.0000658542  -0.0000950522   0.0002682828
   6.0333545578   0.0000295113  -0.0000961862   0.0002800737
   6.0477884204  -0.0000003432  -0.0000923668   0.0002855769
   6.0622222830  -0.0000212774  -0.0000855957   0.0002831054
   6.0766561455  -0.0000322185  -0.0000776942   0.0002715098
   6.0910900081  -0.0000334167  -0.0000702432   0.0002503792
   6.1055238707  -0.0000262599  -0.0000645351   0.0002201101
   6.1199577333  -0.0000130093  -0.0000614950   0.0001818454
   6.1343915958   0.0000035257  -0.0000615696   0.0001373216
   6.1488254584   0.0000203798  -0.0000646222   0.0000886750
   6.1632593210   0.0000348743  -0.0000698857   0.0000382512
   6.1776931836   0.0000450436  -0.0000760113  -0.0000115557
   6.1921270462   0.0000499422  -0.0000812243  -0.0000584338
   6.2065609087   0.0000497391  -0.0000835630  -0.0001002636
   6.2209947713   0.0000455614  -0.0000811599  -0.0001352170
   6.2354286339   0.0000391341  -0.0000725183  -0.0001618448
   6.2498624965   0.0000323304  -0.0000567543  -0.0001791459
   6.2642963590   0.0000267707  -0.0000337850  -0.0001866089
   6.2787302216   0.0000235700  -0.0000044521  -0.0001842213
   6.2931640842   0.0000232600   0.0000294350  -0.0001724457
   6.3075979468   0.0000258376   0.0000651721  -0.0001521666
   6.3220318094   0.0000308634   0.0000993848  -0.0001246175
   6.3364656719   0.0000375571   0.0001284301  -0.0000913056
   6.3508995345   0.0000448937   0.0001489429  -0.0000539515
   6.3653333971   0.0000517418   0.0001584352  -0.0000144508
   6.3797672597   0.0000570720   0.0001557960   0.0000251518
   6.3942011223   0.0000602082   0.0001415346   0.0000627124
   6.4086349848   0.0000610277   0.0001176688   0.0000960972
   6.4230688474   0.0000600038   0.0000872646   0.0001233716
   6.4375027100   0.0000580303   0.0000537609   0.0001430443
   6.4519365726   0.0000560713   0.0000202830   0.0001543053
   6.4663704351   0.0000547672  -0.0000108466   0.0001571792
   6.4808042977   0.0000541656  -0.0000382773   0.0001525373
   6.4952381603   0.0000536992  -0.0000614784   0.0001419548
   6.5096720229   0.0000524306  -0.0000803842   0.0001274472
   6.5241058855   0.0000494630  -0.0000950135   0.0001111449
   6.5385397480   0.0000443433  -0.0001052286   0.0000949678
   6.5529736106   0.0000372848  -0.0001107220   0.0000803537
   6.5674074732   0.0000291161  -0.0001112092   0.0000680795
   6.5818413358   0.0000209844  -0.0001067166   0.0000582084
   6.5962751984   0.0000139520  -0.0000978135   0.0000501774
   6.6107090609   0.0000086615  -0.0000856628   0.0000430159
   6.6251429235   0.0000052071  -0.0000718502   0.0000356493
   6.6395767861   0.0000032362  -0.0000580453   0.0000272146
   6.6540106487   0.0000021966  -0.0000456215   0.0000173084
   6.6684445112   0.0000015840  -0.0000353678   0.0000061088
   6.6828783738   0.0000010695  -0.0000273868  -0.0000056555
   6.6973122364   0.0000004729  -0.0000211948  -0.0000168769
   6.7117460990  -0.0000003491  -0.0000159711  -0.0000263418
   6.7261799616  -0.0000015813  -0.0000108666  -0.0000330458
   6.7406138241  -0.0000034054  -0.0000052745  -0.0000364744
   6.7550476867  -0.0000058327   0.0000010050  -0.0000367702
   6.7694815493  -0.0000085134   0.0000077390  -0.0000347242
   6.7839154119  -0.0000106629   0.0000143628  -0.0000315702
   6.7983492745  -0.0000112044   0.0000201643  -0.0000286302
   6.8127831370  -0.0000091134   0.0000244891  -0.0000269163
   6.8272169996  -0.0000038358   0.0000269068  -0.0000268194
   6.8416508622   0.0000044063   0.0000272976  -0.0000279928
   6.8560847248   0.0000145732   0.0000258517  -0.0000294716
   6.8705185873   0.0000250679   0.0000229931  -0.0000299853
   6.8849524499   0.0000342049   0.0000192601  -0.0000283625
   6.8993863125   0.0000407009   0.0000151742  -0.0000238937
   6.9138201751   0.0000439978   0.0000111272  -0.0000165412
   6.9282540377   0.0000443012   0.0000073142  -0.0000069313
   6.9426879002   0.0000423478   0.0000037286   0.0000038588
   6.9571217628   0.0000390259   0.0000002179   0.0000146408
   6.9715556254   0.0000350312  -0.0000034184   0.0000244536
   6.9859894880   0.0000307082  -0.0000073312   0.0000327760
   7.0004233506   0.0000261219  -0.0000115589   0.0000395420
   7.0148572131   0.0000212795  -0.0000160193   0.0000449758
   7.0292910757   0.0000163486  -0.0000205423   0.0000493461
   7.0437249383   0.0000117287  -0.0000249143   0.0000527666
   7.0581588009   0.0000079331  -0.0000289078   0.0000551346
   7.0725926634   0.0000053547  -0.0000322907   0.0000562159
   7.0870265260   0.0000040623  -0.0000348315   0.0000558006
   7.1014603886   0.0000037505  -0.0000363217   0.0000538261
   7.1158942512   0.0000038705  -0.0000366198   0.0000503959
   7.1303281138   0.0000038653  -0.0000357060   0.0000456978
   7.1447619763   0.0000033818  -0.0000337211   0.0000398905
   7.1591958389   0.0000023620  -0.0000309685   0.0000330450
   7.1736297015   0.0000009901  -0.0000278700   0.0000251904
   7.1880635641  -0.0000004490  -0.0000248777   0.0000164465
   7.2024974266  -0.0000017146  -0.0000223548   0.0000071687
   7.2169312892  -0.0000026910  -0.0000204581  -0.0000019869
   7.2313651518  -0.0000033817  -0.0000190659  -0.0000101426
   7.2457990144  -0.0000038385  -0.0000178001  -0.0000164254
   7.2602328770  -0.0000040750  -0.0000161611  -0.0000202694
   7.2746667395  -0.0000040150  -0.0000137389  -0.0000216726
   7.2891006021  -0.0000035078  -0.0000104123  -0.0000212776
   7.3035344647  -0.0000024100  -0.0000064352  -0.0000202022
   7.3179683273  -0.0000006898  -0.0000023579  -0.0000196473
   7.3324021899   0.0000015063   0.0000011849  -0.0000204219
   7.3468360524   0.0000038787   0.0000037153  -0.0000225858
   7.3612699150   0.0000060921   0.0000050724  -0.0000253826
   7.3757037776   0.0000079314   0.0000054237  -0.0000275169
   7.3901376402   0.0000094061   0.0000051446  -0.0000276741
   7.4045715027   0.0000107334   0.0000046389  -0.0000250619
   7.4190053653   0.0000121972   0.0000041831  -0.0000197384
   7.4334392279   0.0000139508   0.0000038529  -0.0000125887
   7.4478730905   0.0000158669   0.0000035438  -0.0000049703
   7.4623069531   0.0000175189   0.0000030611   0.0000018027
   7.4767408156   0.0000183136   0.0000022312   0.0000069078
   7.4911746782   0.0000177226   0.0000009836   0.0000102156
   7.5056085408   0.0000155194  -0.0000006325   0.0000121950
   7.5200424034   0.0000119256  -0.0000024987   0.0000136096
   7.5344762660   0.0000076053  -0.0000045096   0.0000151708
   7.5489101285   0.0000035018  -0.0000066307   0.0000172969
   7.5633439911   0.0000005650  -0.0000088917   0.0000200454
   7.5777778537  -0.0000005423  -0.0000113170   0.0000231868
   7.5922117163   0.0000003395  -0.0000138423   0.0000263286
   7.6066455788   0.0000028034  -0.0000162788   0.0000290120
   7.6210794414   0.0000059865  -0.0000183548   0.0000307573
   7.6355133040   0.0000088178  -0.0000198137   0.0000310915
   7.6499471666   0.0000103169  -0.0000205059   0.0000296140
   7.6643810292   0.0000098547  -0.0000204231   0.0000261220
   7.6788148917   0.0000073086  -0.0000196609   0.0000207612
   7.6932487543   0.0000030888  -0.0000183483   0.0000141201
   7.7076826169  -0.0000019544  -0.0000166002   0.0000071828
   7.7221164795  -0.0000067138  -0.0000145255   0.0000011099
   7.7365503421  -0.0000100710  -0.0000122760  -0.0000031044
   7.7509842046  -0.0000111681  -0.0000100865  -0.0000049756
   7.7654180672  -0.0000096551  -0.0000082558  -0.0000047292
   7.7798519298  -0.0000058408  -0.0000070597  -0.0000032546
   7.7942857924  -0.0000006761  -0.0000066314  -0.0000018078
   7.8087196549   0.0000044675  -0.0000068740  -0.0000015675
   7.8231535175   0.0000081886  -0.0000074586  -0.0000032146
   7.8375873801   0.0000095028  -0.0000079189  -0.0000067005
   7.8520212427   0.0000081855  -0.0000078063  -0.0000112883
   7.8664551053   0.0000048692  -0.0000068437  -0.0000158366
   7.8808889678   0.0000008415  -0.0000050182  -0.0000191991
   7.8953228304  -0.0000023951  -0.0000025818  -0.0000205848
   7.9097566930  -0.0000036424   0.0000000335  -0.0000197592
   7.9241905556  -0.0000024132   0.0000023471  -0.0000170445
   7.9386244181   0.0000009204   0.0000039611  -0.0000131570
   7.9530582807   0.0000052814   0.0000046479  -0.0000089560
   7.9674921433   0.0000092745   0.0000043737  -0.0000051913
   7.9819260059   0.0000116587   0.0000032660  -0.0000023114
