   0.0000000000   0.0000000000   0.0000000000   0.0000000000
   0.0144338626   0.0000000000   0.0000000000   0.0000000000
   0.0288677252   0.0000000000  -0.0000000000   0.0000000000
   0.0433015877   0.0000000000  -0.0000000000   0.0000000000
   0.0577354503  -0.0000000000  -0.0000000000  -0.0000000000
   0.0721693129  -0.0000000000  -0.0000000000  -0.0000000000
   0.0866031755  -0.0000000000  -0.0000000000  -0.0000000000
   0.1010370380   0.0000000000   0.0000000000   0.0000000000
   0.1154709006   0.0000000000   0.0000000000   0.0000000000
   0.1299047632  -0.0000000000  -0.0000000000  -0.0000000000
   0.1443386258  -0.0000000000  -0.0000000000  -0.0000000000
   0.1587724884   0.0000000000   0.0000000000   0.0000000000
   0.1732063509   0.0000000001   0.0000000001   0.0000000001
   0.1876402135   0.0000000002   0.0000000002   0.0000000002
   0.2020740761  -0.0000000001  -0.0000000001  -0.0000000001
   0.2165079387  -0.0000000012  -0.0000000010  -0.0000000012
   0.2309418013  -0.0000000011  -0.0000000010  -0.0000000011
   0.2453756638   0.0000000048   0.0000000034   0.0000000048
   0.2598095264   0.0000000125   0.0000000096   0.0000000125
   0.2742433890  -0.0000000045  -0.0000000021  -0.0000000045
   0.2886772516  -0.0000000686  -0.0000000481  -0.0000000686
   0.3031111141  -0.0000000923  -0.0000000670  -0.0000000923
   0.3175449767   0.0000001710   0.0000001119   0.0000001710
   0.3319788393   0.0000007729   0.0000005086   0.0000007729
   0.3464127019   0.0000007473   0.0000004220   0.0000007473
   0.3608465645  -0.0000020188  -0.0000015918  -0.0000020189
   0.3752804270  -0.0000079929  -0.0000056347  -0.0000079929
   0.3897142896  -0.0000101175  -0.0000063203  -0.0000101172
   0.4041481522   0.0000084908   0.0000084822   0.0000084915
   0.4185820148   0.0000604746   0.0000469175   0.0000604751
   0.4330158774   0.0001184718   0.0000870427   0.0001184700
   0.4474497399   0.0000810699   0.0000526246   0.0000810641
   0.4618836025  -0.0002025102  -0.0001681457  -0.0002025160
   0.4763174651  -0.0007955005  -0.0006223098  -0.0007954929
   0.4907513277  -0.0014445580  -0.0011225119  -0.0014445234
   0.5051851902  -0.0013959056  -0.0011025646  -0.0013958573
   0.5196190528   0.0005414473   0.0003584087   0.0005414439
   0.5340529154   0.0055688545   0.0042505478   0.0055687107
   0.5484867780   0.0142201211   0.0111443169   0.0142198469
   0.5629206406   0.0257720498   0.0207160251   0.0257719105
   0.5773545031   0.0381201419   0.0315545317   0.0381206580
   0.5917883657   0.0482795381   0.0414022233   0.0482811088
   0.6062222283   0.0533353385   0.0477752902   0.0533375153
   0.6206560909   0.0514398971   0.0487370766   0.0514407805
   0.6350899535   0.0424671041   0.0435504250   0.0424636396
   0.6495238160   0.0281223382   0.0329980282   0.0281119806
   0.6639576786   0.0115110098   0.0192674064   0.0114942186
   0.6783915412  -0.0037025407   0.0054092674  -0.0037206174
   0.6928254038  -0.0143289112  -0.0054999467  -0.0143394059
   0.7072592663  -0.0185743544  -0.0112349969  -0.0185688162
   0.7216931289  -0.0165021068  -0.0110187456  -0.0164780300
   0.7361269915  -0.0098124604  -0.0056019875  -0.0097767723
   0.7505608541  -0.0010261090   0.0031818173  -0.0009936889
   0.7649947167   0.0075265923   0.0131435033   0.0075395195
   0.7794285792   0.0144175905   0.0223953075   0.0144019788
   0.7938624418   0.0192624857   0.0296886986   0.0192220957
   0.8082963044   0.0223835865   0.0344051959   0.0223343056
   0.8227301670   0.0243203476   0.0363486269   0.0242833294
   0.8371640296   0.0254789167   0.0355201204   0.0254710144
   0.8515978921   0.0260099790   0.0319791463   0.0260360835
   0.8660317547   0.0258377033   0.0258053641   0.0258882337
   0.8804656173   0.0247406074   0.0171387514   0.0247948378
   0.8948994799   0.0224509004   0.0062735760   0.0224846373
   0.9093333424   0.0187767759  -0.0062284000   0.0187717335
   0.9237672050   0.0137240691  -0.0194652559   0.0136758258
   0.9382010676   0.0075582341  -0.0322278482   0.0074796117
   0.9526349302   0.0007675861  -0.0431623529   0.0006851690
   0.9670687928  -0.0060475519  -0.0510192887  -0.0061035982
   0.9815026553  -0.0122933142  -0.0549022336  -0.0123024263
   0.9959365179  -0.0174605021  -0.0544384643  -0.0174216310
   1.0103703805  -0.0211652570  -0.0498387148  -0.0210979575
   1.0248042431  -0.0231810925  -0.0418538585  -0.0231166634
   1.0392381056  -0.0234725601  -0.0316497211  -0.0234397478
   1.0536719682  -0.0222086055  -0.0206181148  -0.0222214310
   1.0681058308  -0.0197291141  -0.0101463268  -0.0197826933
   1.0825396934  -0.0164670713  -0.0013856617  -0.0165422194
   1.0969735560  -0.0128601594   0.0049249514  -0.0129328380
   1.1114074185  -0.0092884243   0.0085332803  -0.0093387520
   1.1258412811  -0.0060490993   0.0096344690  -0.0060667151
   1.1402751437  -0.0033527932   0.0087475404  -0.0033383343
   1.1547090063  -0.0013209245   0.0065587340  -0.0012847642
   1.1691428689   0.0000191559   0.0037764575   0.0000602244
   1.1835767314   0.0007289645   0.0010210519   0.0007570471
   1.1980105940   0.0009333289  -0.0012456389   0.0009359968
   1.2124444566   0.0007809807  -0.0027524604   0.0007566844
   1.2268783192   0.0004107349  -0.0034150024   0.0003699806
   1.2413121817  -0.0000618620  -0.0033011288  -0.0001010083
   1.2557460443  -0.0005400111  -0.0025791691  -0.0005602555
   1.2701799069  -0.0009392228  -0.0014663061  -0.0009318673
   1.2846137695  -0.0011921463  -0.0001896359  -0.0011603030
   1.2990476321  -0.0012630984   0.0010392320  -0.0012190785
   1.3134814946  -0.0011589225   0.0020436502  -0.0011179706
   1.3279153572  -0.0009245945   0.0027016498  -0.0008986835
   1.3423492198  -0.0006243568   0.0029633762  -0.0006187484
   1.3567830824  -0.0003198699   0.0028570751  -0.0003328540
   1.3712169450  -0.0000568493   0.0024765625  -0.0000814419
   1.3856508075   0.0001372987   0.0019522455   0.0001109702
   1.4000846701   0.0002507455   0.0014161643   0.0002327785
   1.4145185327   0.0002858514   0.0009729929   0.0002835931
   1.4289523953   0.0002594420   0.0006838140   0.0002747293
   1.4433862578   0.0001998391   0.0005629953   0.0002278037
   1.4578201204   0.0001372639   0.0005851452   0.0001679428
   1.4722539830   0.0000910440   0.0006990321   0.0001136018
   1.4866878456   0.0000620738   0.0008455977   0.0000696498
   1.5011217082   0.0000366190   0.0009758917   0.0000291567
   1.5155555707  -0.0000007440   0.0010632823  -0.0000171787
   1.5299894333  -0.0000543300   0.0011054370  -0.0000710731
   1.5444232959  -0.0001136202   0.0011161003  -0.0001235241
   1.5588571585  -0.0001602244   0.0011119473  -0.0001601643
   1.5732910211  -0.0001792610   0.0011019449  -0.0001702576
   1.5877248836  -0.0001668295   0.0010841879  -0.0001525564
   1.6021587462  -0.0001298174   0.0010501284  -0.0001148294
   1.6165926088  -0.0000806358   0.0009921374  -0.0000691226
   1.6310264714  -0.0000320676   0.0009096225  -0.0000270805
   1.6454603339   0.0000050439   0.0008109654   0.0000022765
   1.6598941965   0.0000225484   0.0007112339   0.0000132320
   1.6743280591   0.0000167229   0.0006273147   0.0000045219
   1.6887619217  -0.0000088908   0.0005725032  -0.0000189326
   1.7031957843  -0.0000424610   0.0005522658  -0.0000459551
   1.7176296468  -0.0000675721   0.0005623991  -0.0000628204
   1.7320635094  -0.0000710261   0.0005902306  -0.0000598678
   1.7464973720  -0.0000501618   0.0006186962  -0.0000370772
   1.7609312346  -0.0000145765   0.0006321230  -0.0000045505
   1.7753650971   0.0000192125   0.0006216824   0.0000228478
   1.7897989597   0.0000367114   0.0005883032   0.0000333628
   1.8042328223   0.0000323352   0.0005416779   0.0000238616
   1.8186666849   0.0000105744   0.0004956850   0.0000001447
   1.8331005475  -0.0000179855   0.0004622847  -0.0000271016
   1.8475344100  -0.0000422495   0.0004467302  -0.0000474869
   1.8619682726  -0.0000544549   0.0004462059  -0.0000543822
   1.8764021352  -0.0000513363   0.0004521504  -0.0000459326
   1.8908359978  -0.0000338031   0.0004546698  -0.0000246158
   1.9052698604  -0.0000064887   0.0004467074   0.0000035806
   1.9197037229   0.0000228130   0.0004262782   0.0000303402
   1.9341375855   0.0000448467   0.0003964290   0.0000471954
   1.9485714481   0.0000521938   0.0003636115   0.0000487088
   1.9630053107   0.0000429275   0.0003353639   0.0000353005
   1.9774391732   0.0000222343   0.0003178842   0.0000137461
   1.9918730358   0.0000003916   0.0003138953  -0.0000055979
   2.0063068984  -0.0000121736   0.0003213920  -0.0000136606
   2.0207407610  -0.0000099218   0.0003340063  -0.0000068913
   2.0351746236   0.0000056094   0.0003432978   0.0000115317
   2.0496084861   0.0000274494   0.0003422456   0.0000339256
   2.0640423487   0.0000471829   0.0003283063   0.0000520754
   2.0784762113   0.0000586762   0.0003044129   0.0000605856
   2.0929100739   0.0000597624   0.0002773905   0.0000582181
   2.1073439365   0.0000518737   0.0002547295   0.0000473719
   2.1217777990   0.0000387565   0.0002414831   0.0000327139
   2.1362116616   0.0000252545   0.0002387247   0.0000197355
   2.1506455242   0.0000162718   0.0002438849   0.0000133584
   2.1650793868   0.0000155426   0.0002522785   0.0000164814
   2.1795132493   0.0000241948   0.0002588491   0.0000287455
   2.1939471119   0.0000398228   0.0002595624   0.0000462417
   2.2083809745   0.0000569815   0.0002523761   0.0000627376
   2.2228148371   0.0000693110   0.0002378275   0.0000721877
   2.2372486997   0.0000723861   0.0002190497   0.0000713960
   2.2516825622   0.0000657530   0.0002008997   0.0000614344
   2.2661164248   0.0000530078   0.0001882076   0.0000470535
   2.2805502874   0.0000399309   0.0001837753   0.0000344346
   2.2949841500   0.0000317930   0.0001871338   0.0000285050
   2.3094180126   0.0000312810   0.0001947865   0.0000311323
   2.3238518751   0.0000379146   0.0002018468   0.0000408602
   2.3382857377   0.0000488548   0.0002041827   0.0000539591
   2.3527196003   0.0000603335   0.0001999615   0.0000660203
   2.3671534629   0.0000689204   0.0001899660   0.0000733693
   2.3815873254   0.0000723066   0.0001768124   0.0000739840
   2.3960211880   0.0000697210   0.0001637191   0.0000679394
   2.4104550506   0.0000621456   0.0001534573   0.0000574239
   2.4248889132   0.0000522303   0.0001477415   0.0000462145
   2.4393227758   0.0000436317   0.0001469628   0.0000385098
   2.4537566383   0.0000397218   0.0001501211   0.0000373485
   2.4681905009   0.0000421209   0.0001549952   0.0000432678
   2.4826243635   0.0000498534   0.0001587198   0.0000539544
   2.4970582261   0.0000597178   0.0001587722   0.0000651953
   2.5114920887   0.0000677587   0.0001540222   0.0000727072
   2.5259259512   0.0000710486   0.0001452733   0.0000739152
   2.5403598138   0.0000688239   0.0001349131   0.0000688274
   2.5547936764   0.0000624849   0.0001258039   0.0000597284
   2.5692275390   0.0000546776   0.0001200243   0.0000500425
   2.5836614015   0.0000481087   0.0001181343   0.0000430147
   2.5980952641   0.0000446795   0.0001192501   0.0000407258
   2.6125291267   0.0000451298   0.0001216999   0.0000436295
   2.6269629893   0.0000490475   0.0001237698   0.0000505595
   2.6413968519   0.0000550476   0.0001241781   0.0000591027
   2.6558307144   0.0000610842   0.0001222420   0.0000662855
   2.6702645770   0.0000649830   0.0001179087   0.0000694981
   2.6846984396   0.0000651803   0.0001117738   0.0000674359
   2.6991323022   0.0000614148   0.0001050235   0.0000606868
   2.7135661647   0.0000549723   0.0000991522   0.0000516157
   2.7280000273   0.0000482323   0.0000954330   0.0000434810
   2.7424338899   0.0000436552   0.0000943564   0.0000391228
   2.7568677525   0.0000427149   0.0000953677   0.0000398293
   2.7713016151   0.0000453319   0.0000971076   0.0000449127
   2.7857354776   0.0000500627   0.0000980513   0.0000521369
   2.8001693402   0.0000548566   0.0000971887   0.0000587069
   2.8146032028   0.0000579185   0.0000943730   0.0000623089
   2.8290370654   0.0000582690   0.0000902041   0.0000617969
   2.8434709280   0.0000558754   0.0000856097   0.0000573893
   2.8579047905   0.0000514809   0.0000814294   0.0000504674
   2.8723386531   0.0000463261   0.0000782061   0.0000431247
   2.8867725157   0.0000418484   0.0000761795   0.0000375708
   2.9012063783   0.0000393314   0.0000753343   0.0000354713
   2.9156402408   0.0000395013   0.0000753980   0.0000373713
   2.9300741034   0.0000421886   0.0000758263   0.0000424255
   2.9445079660   0.0000462672   0.0000758945   0.0000486241
   2.9589418286   0.0000500045   0.0000749460   0.0000535092
   2.9733756912   0.0000517336   0.0000726956   0.0000551194
   2.9878095537   0.0000505469   0.0000693924   0.0000527476
   3.0022434163   0.0000466691   0.0000657152   0.0000471691
   3.0166772789   0.0000413406   0.0000624491   0.0000402616
   3.0311111415   0.0000362979   0.0000601373   0.0000342319
   3.0455450041   0.0000331183   0.0000589068   0.0000308151
   3.0599788666   0.0000326949   0.0000585235   0.0000307541
   3.0744127292   0.0000349781   0.0000585814   0.0000336751
   3.0888465918   0.0000389932   0.0000586634   0.0000383019
   3.1032804544   0.0000430924   0.0000583934   0.0000428766
   3.1177143169   0.0000454184   0.0000574274   0.0000456757
   3.1321481795   0.0000445378   0.0000554962   0.0000455314
   3.1465820421   0.0000400957   0.0000525545   0.0000422386
   3.1610159047   0.0000332103   0.0000489527   0.0000366913
   3.1754497673   0.0000263055   0.0000454639   0.0000306246
   3.1898836298   0.0000222664   0.0000430516   0.0000259916
   3.2043174924   0.0000231576   0.0000424333   0.0000242003
   3.2187513550   0.0000290592   0.0000436585   0.0000255480
   3.2331852176   0.0000376483   0.0000459459   0.0000291193
   3.2476190802   0.0000448800   0.0000479048   0.0000331953
   3.2620529427   0.0000466231   0.0000480667   0.0000359715
   3.2764868053   0.0000406082   0.0000455080   0.0000362589
   3.2909206679   0.0000278137   0.0000403123   0.0000338823
   3.3053545305   0.0000125654   0.0000336865   0.0000296587
   3.3197883930   0.0000011207   0.0000276558   0.0000250150
   3.3342222556  -0.0000008435   0.0000243907   0.0000214272
   3.3486561182   0.0000091193   0.0000253461   0.0000198845
   3.3630899808   0.0000285911   0.0000305107   0.0000205519
   3.3775238434   0.0000505488   0.0000381083   0.0000227304
   3.3919577059   0.0000656922   0.0000449949   0.0000251377
   3.4063915685   0.0000661276   0.0000477395   0.0000264216
   3.4208254311   0.0000489746   0.0000440458   0.0000257267
   3.4352592937   0.0000182904   0.0000339257   0.0000230731
   3.4496931563  -0.0000157623   0.0000200397   0.0000193614
   3.4641270188  -0.0000404702   0.0000069256   0.0000159723
   3.4785608814  -0.0000455732  -0.0000006747   0.0000141340
   3.4929947440  -0.0000276719   0.0000002675   0.0000143595
   3.5074286066   0.0000079194   0.0000097254   0.0000162305
   3.5218624691   0.0000488192   0.0000244569   0.0000186225
   3.5362963317   0.0000801830   0.0000391320   0.0000202398
   3.5507301943   0.0000904138   0.0000483031   0.0000201811
   3.5651640569   0.0000756257   0.0000484282   0.0000182714
   3.5795979195   0.0000410315   0.0000391520   0.0000150415
   3.5940317820  -0.0000012473   0.0000233737   0.0000114229
   3.6084656446  -0.0000369504   0.0000061188   0.0000083408
   3.6228995072  -0.0000550074  -0.0000073121   0.0000063988
   3.6373333698  -0.0000512934  -0.0000131938   0.0000057570
   3.6517672323  -0.0000294663  -0.0000105460   0.0000061996
   3.6662010949   0.0000011694  -0.0000012354   0.0000073049
   3.6806349575   0.0000296298   0.0000109392   0.0000086189
   3.6950688201   0.0000473042   0.0000217474   0.0000097633
   3.7095026827   0.0000505294   0.0000279902   0.0000104635
   3.7239365452   0.0000409318   0.0000283888   0.0000105227
   3.7383704078   0.0000237989   0.0000236544   0.0000097931
   3.7528042704   0.0000054871   0.0000158581   0.0000081863
   3.7672381330  -0.0000089268   0.0000074777   0.0000057378
   3.7816719956  -0.0000169033   0.0000005509   0.0000026944
   3.7961058581  -0.0000184219  -0.0000037840  -0.0000004452
   3.8105397207  -0.0000150958  -0.0000053154  -0.0000030026
   3.8249735833  -0.0000090871  -0.0000045062  -0.0000043261
   3.8394074459  -0.0000023545  -0.0000021713  -0.0000040648
   3.8538413084   0.0000036075   0.0000007722  -0.0000023808
   3.8682751710   0.0000077145   0.0000034587   0.0000000305
   3.8827090336   0.0000092265   0.0000051843   0.0000021582
   3.8971428962   0.0000078403   0.0000055172   0.0000030548
   3.9115767588   0.0000038823   0.0000043947   0.0000022082
   3.9260106213  -0.0000016155   0.0000021448  -0.0000002640
   3.9404444839  -0.0000071321  -0.0000006161  -0.0000036829
   3.9548783465  -0.0000111591  -0.0000031963  -0.0000070924
   3.9693122091  -0.0000127686  -0.0000050688  -0.0000096231
   3.9837460717  -0.0000119593  -0.0000060334  -0.0000107783
   3.9981799342  -0.0000095977  -0.0000062344  -0.0000105488
   4.0126137968  -0.0000069879  -0.0000060407  -0.0000093476
   4.0270476594  -0.0000052998  -0.0000058597  -0.0000078281
   4.0414815220  -0.0000051389  -0.0000059761  -0.0000066677
   4.0559153845  -0.0000064337  -0.0000064784  -0.0000063799
   4.0703492471  -0.0000086340  -0.0000072836  -0.0000071913
   4.0847831097  -0.0000110567  -0.0000082218  -0.0000089976
   4.0992169723  -0.0000131775  -0.0000091294  -0.0000114026
   4.1136508349  -0.0000147462  -0.0000099084  -0.0000138379
   4.1280846974  -0.0000157316  -0.0000105403  -0.0000157377
   4.1425185600  -0.0000161964  -0.0000110619  -0.0000167169
   4.1569524226  -0.0000162117  -0.0000115281  -0.0000166945
   4.1713862852  -0.0000158602  -0.0000119810  -0.0000159146
   4.1858201478  -0.0000152945  -0.0000124387  -0.0000148576
   4.2002540103  -0.0000147706  -0.0000129037  -0.0000140756
   4.2146878729  -0.0000145991  -0.0000133795  -0.0000140113
   4.2291217355  -0.0000150222  -0.0000138793  -0.0000148613
   4.2435555981  -0.0000160844  -0.0000144203  -0.0000165241
   4.2579894606  -0.0000175853  -0.0000150066  -0.0000186439
   4.2724233232  -0.0000191593  -0.0000156186  -0.0000207341
   4.2868571858  -0.0000204505  -0.0000162228  -0.0000223380
   4.3012910484  -0.0000212931  -0.0000167990  -0.0000231774
   4.3157249110  -0.0000217935  -0.0000173681  -0.0000232381
   4.3301587735  -0.0000222670  -0.0000179937  -0.0000227639
   4.3445926361  -0.0000230601  -0.0000187493  -0.0000221598
   4.3590264987  -0.0000243516  -0.0000196638  -0.0000218412
   4.3734603613  -0.0000260389  -0.0000206800  -0.0000220872
   4.3878942239  -0.0000277633  -0.0000216555  -0.0000229518
   4.4023280864  -0.0000290564  -0.0000224109  -0.0000242635
   4.4167619490  -0.0000295285  -0.0000228047  -0.0000257048
   4.4311958116  -0.0000290130  -0.0000227932  -0.0000269335
   4.4456296742  -0.0000276167  -0.0000224488  -0.0000277015
   4.4600635367  -0.0000256782  -0.0000219302  -0.0000279334
   4.4744973993  -0.0000236781  -0.0000214300  -0.0000277473
   4.4889312619  -0.0000221393  -0.0000211265  -0.0000274195
   4.5033651245  -0.0000215380  -0.0000211591  -0.0000273019
   4.5177989871  -0.0000222186  -0.0000216197  -0.0000277116
   4.5322328496  -0.0000243107  -0.0000225469  -0.0000288203
   4.5466667122  -0.0000276610  -0.0000239122  -0.0000305789
   4.5611005748  -0.0000318189  -0.0000256046  -0.0000327084
   4.5755344374  -0.0000361066  -0.0000274333  -0.0000347708
   4.5899682999  -0.0000397746  -0.0000291583  -0.0000363026
   4.6044021625  -0.0000421987  -0.0000305466  -0.0000369656
   4.6188360251  -0.0000430468  -0.0000314314  -0.0000366603
   4.6332698877  -0.0000423531  -0.0000317484  -0.0000355619
   4.6477037503  -0.0000404753  -0.0000315396  -0.0000340678
   4.6621376128  -0.0000379638  -0.0000309275  -0.0000326811
   4.6765714754  -0.0000354022  -0.0000300782  -0.0000318718
   4.6910053380  -0.0000332781  -0.0000291716  -0.0000319575
   4.7054392006  -0.0000319158  -0.0000283809  -0.0000330327
   4.7198730632  -0.0000314666  -0.0000278601  -0.0000349573
   4.7343069257  -0.0000319334  -0.0000277287  -0.0000374009
   4.7487407883  -0.0000332051  -0.0000280544  -0.0000399303
   4.7631746509  -0.0000350896  -0.0000288371  -0.0000421167
   4.7776085135  -0.0000373466  -0.0000300063  -0.0000436391
   4.7920423760  -0.0000397227  -0.0000314342  -0.0000443546
   4.8064762386  -0.0000419886  -0.0000329618  -0.0000443174
   4.8209101012  -0.0000439663  -0.0000344288  -0.0000437427
   4.8353439638  -0.0000455411  -0.0000356983  -0.0000429306
   4.8497778264  -0.0000466560  -0.0000366727  -0.0000421794
   4.8642116889  -0.0000472979  -0.0000373017  -0.0000417161
   4.8786455515  -0.0000474866  -0.0000375848  -0.0000416621
   4.8930794141  -0.0000472753  -0.0000375683  -0.0000420373
   4.9075132767  -0.0000467595  -0.0000373366  -0.0000427889
   4.9219471393  -0.0000460844  -0.0000369956  -0.0000438270
   4.9363810018  -0.0000454362  -0.0000366530  -0.0000450536
   4.9508148644  -0.0000450132  -0.0000363976  -0.0000463756
   4.9652487270  -0.0000449795  -0.0000362864  -0.0000477033
   4.9796825896  -0.0000454182  -0.0000363401  -0.0000489413
   4.9941164521  -0.0000463036  -0.0000365483  -0.0000499812
   5.0085503147  -0.0000475065  -0.0000368815  -0.0000507053
   5.0229841773  -0.0000488320  -0.0000373040  -0.0000510080
   5.0374180399  -0.0000500775  -0.0000377859  -0.0000508311
   5.0518519025  -0.0000510875  -0.0000383097  -0.0000502062
   5.0662857650  -0.0000517888  -0.0000388716  -0.0000492833
   5.0807196276  -0.0000521979  -0.0000394758  -0.0000483317
   5.0951534902  -0.0000524018  -0.0000401262  -0.0000477010
   5.1095873528  -0.0000525258  -0.0000408148  -0.0000477474
   5.1240212154  -0.0000526951  -0.0000415153  -0.0000487413
   5.1384550779  -0.0000530029  -0.0000421835  -0.0000507801
   5.1528889405  -0.0000534866  -0.0000427651  -0.0000537316
   5.1673228031  -0.0000541209  -0.0000432094  -0.0000572249
   5.1817566657  -0.0000548284  -0.0000434826  -0.0000606973
   5.1961905282  -0.0000555092  -0.0000435778  -0.0000634947
   5.2106243908  -0.0000560809  -0.0000435189  -0.0000650059
   5.2250582534  -0.0000565151  -0.0000433595  -0.0000648063
   5.2394921160  -0.0000568561  -0.0000431757  -0.0000627746
   5.2539259786  -0.0000572078  -0.0000430543  -0.0000591534
   5.2683598411  -0.0000576935  -0.0000430749  -0.0000545365
   5.2827937037  -0.0000584004  -0.0000432908  -0.0000497805
   5.2972275663  -0.0000593337  -0.0000437131  -0.0000458592
   5.3116614289  -0.0000603997  -0.0000443047  -0.0000436891
   5.3260952914  -0.0000614276  -0.0000449886  -0.0000439581
   5.3405291540  -0.0000622217  -0.0000456679  -0.0000469895
   5.3549630166  -0.0000626249  -0.0000462513  -0.0000526620
   5.3693968792  -0.0000625712  -0.0000466757  -0.0000603998
   5.3838307418  -0.0000621121  -0.0000469192  -0.0000692330
   5.3982646043  -0.0000614123  -0.0000470016  -0.0000779217
   5.4126984669  -0.0000607187  -0.0000469757  -0.0000851278
   5.4271323295  -0.0000603098  -0.0000469126  -0.0000896116
   5.4415661921  -0.0000604346  -0.0000468868  -0.0000904285
   5.4560000547  -0.0000612521  -0.0000469626  -0.0000870982
   5.4704339172  -0.0000627848  -0.0000471827  -0.0000797219
   5.4848677798  -0.0000649001  -0.0000475601  -0.0000690289
   5.4993016424  -0.0000673279  -0.0000480745  -0.0000563368
   5.5137355050  -0.0000697138  -0.0000486763  -0.0000434240
   5.5281693675  -0.0000716946  -0.0000492976  -0.0000323150
   5.5426032301  -0.0000729765  -0.0000498692  -0.0000250004
   5.5570370927  -0.0000733952  -0.0000503365  -0.0000231213
   5.5714709553  -0.0000729442  -0.0000506710  -0.0000276666
   5.5859048179  -0.0000717674  -0.0000508718  -0.0000387373
   5.6003386804  -0.0000701208  -0.0000509601  -0.0000554288
   5.6147725430  -0.0000683195  -0.0000509700  -0.0000758673
   5.6292064056  -0.0000666835  -0.0000509393  -0.0000974122
   5.6436402682  -0.0000654928  -0.0000509033  -0.0001170062
   5.6580741308  -0.0000649571  -0.0000508915  -0.0001316283
   5.6725079933  -0.0000651987  -0.0000509254  -0.0001387823
   5.6869418559  -0.0000662457  -0.0000510177  -0.0001369369
   5.7013757185  -0.0000680354  -0.0000511723  -0.0001258394
   5.7158095811  -0.0000704245  -0.0000513858  -0.0001066345
   5.7302434436  -0.0000732067  -0.0000516516  -0.0000817576
   5.7446773062  -0.0000761325  -0.0000519629  -0.0000546062
   5.7591111688  -0.0000789312  -0.0000523151  -0.0000290392
   5.7735450314  -0.0000813333  -0.0000527049  -0.0000087851
   5.7879788940  -0.0000830969  -0.0000531278   0.0000031422
   5.8024127565  -0.0000840371  -0.0000535749   0.0000049187
   5.8168466191  -0.0000840579  -0.0000540313  -0.0000038029
   5.8312804817  -0.0000831769  -0.0000544767  -0.0000218440
   5.8457143443  -0.0000815380  -0.0000548890  -0.0000466957
   5.8601482069  -0.0000794012  -0.0000552476  -0.0000749227
   5.8745820694  -0.0000771100  -0.0000555360  -0.0001027044
   5.8890159320  -0.0000750397  -0.0000557433  -0.0001264219
   5.9034497946  -0.0000735344  -0.0000558635  -0.0001431907
   5.9178836572  -0.0000728484  -0.0000558963  -0.0001512560
   5.9323175197  -0.0000731046  -0.0000558485  -0.0001501900
   5.9467513823  -0.0000742783  -0.0000557361  -0.0001408704
   5.9611852449  -0.0000762098  -0.0000555846  -0.0001252561
   5.9756191075  -0.0000786396  -0.0000554267  -0.0001060105
   5.9900529701  -0.0000812585  -0.0000552982  -0.0000860446
   6.0044868326  -0.0000837615  -0.0000552329  -0.0000680612
   6.0189206952  -0.0000858981  -0.0000552588  -0.0000541741
   6.0333545578  -0.0000875088  -0.0000553968  -0.0000456564
   6.0477884204  -0.0000885415  -0.0000556587  -0.0000428506
   6.0622222830  -0.0000890436  -0.0000560460  -0.0000452382
   6.0766561455  -0.0000891331  -0.0000565474  -0.0000516424
   6.0910900081  -0.0000889586  -0.0000571380  -0.0000605145
   6.1055238707  -0.0000886614  -0.0000577802  -0.0000702437
   6.1199577333  -0.0000883487  -0.0000584271  -0.0000794317
   6.1343915958  -0.0000880840  -0.0000590287  -0.0000870877
   6.1488254584  -0.0000878925  -0.0000595379  -0.0000927174
   6.1632593210  -0.0000877752  -0.0000599171  -0.0000963046
   6.1776931836  -0.0000877262  -0.0000601429  -0.0000982027
   6.1921270462  -0.0000877460  -0.0000602087  -0.0000989699
   6.2065609087  -0.0000878486  -0.0000601257  -0.0000991893
   6.2209947713  -0.0000880606  -0.0000599210  -0.0000993157
   6.2354286339  -0.0000884143  -0.0000596352  -0.0000995805
   6.2498624965  -0.0000889387  -0.0000593177  -0.0000999698
   6.2642963590  -0.0000896482  -0.0000590219  -0.0001002743
   6.2787302216  -0.0000905346  -0.0000587979  -0.0001001886
   6.2931640842  -0.0000915615  -0.0000586866  -0.0000994327
   6.3075979468  -0.0000926667  -0.0000587132  -0.0000978614
   6.3220318094  -0.0000937720  -0.0000588856  -0.0000955333
   6.3364656719  -0.0000947992  -0.0000591950  -0.0000927243
   6.3508995345  -0.0000956866  -0.0000596186  -0.0000898802
   6.3653333971  -0.0000963986  -0.0000601236  -0.0000875231
   6.3797672597  -0.0000969280  -0.0000606715  -0.0000861338
   6.3942011223  -0.0000972899  -0.0000612216  -0.0000860395
   6.4086349848  -0.0000975148  -0.0000617355  -0.0000873351
   6.4230688474  -0.0000976419  -0.0000621821  -0.0000898562
   6.4375027100  -0.0000977155  -0.0000625405  -0.0000932102
   6.4519365726  -0.0000977810  -0.0000628014  -0.0000968580
   6.4663704351  -0.0000978805  -0.0000629665  -0.0001002270
   6.4808042977  -0.0000980481  -0.0000630457  -0.0001028293
   6.4952381603  -0.0000983061  -0.0000630545  -0.0001043579
   6.5096720229  -0.0000986643  -0.0000630110  -0.0001047403
   6.5241058855  -0.0000991209  -0.0000629340  -0.0001041381
   6.5385397480  -0.0000996646  -0.0000628413  -0.0001028963
   6.5529736106  -0.0001002775  -0.0000627489  -0.0001014560
   6.5674074732  -0.0001009368  -0.0000626708  -0.0001002514
   6.5818413358  -0.0001016172  -0.0000626187  -0.0000996159
   6.5962751984  -0.0001022934  -0.0000626021  -0.0000997177
   6.6107090609  -0.0001029432  -0.0000626278  -0.0001005360
   6.6251429235  -0.0001035516  -0.0000627003  -0.0001018845
   6.6395767861  -0.0001041152  -0.0000628217  -0.0001034699
   6.6540106487  -0.0001046425  -0.0000629921  -0.0001049728
   6.6684445112  -0.0001051507  -0.0000632095  -0.0001061273
   6.6828783738  -0.0001056576  -0.0000634685  -0.0001067813
   6.6973122364  -0.0001061733  -0.0000637591  -0.0001069245
   6.7117460990  -0.0001066963  -0.0000640678  -0.0001066798
   6.7261799616  -0.0001072159  -0.0000643786  -0.0001062636
   6.7406138241  -0.0001077169  -0.0000646759  -0.0001059259
   6.7550476867  -0.0001081861  -0.0000649471  -0.0001058857
   6.7694815493  -0.0001086151  -0.0000651831  -0.0001062769
   6.7839154119  -0.0001090024  -0.0000653783  -0.0001071182
   6.7983492745  -0.0001093545  -0.0000655308  -0.0001083133
   6.8127831370  -0.0001096868  -0.0000656422  -0.0001096799
   6.8272169996  -0.0001100231  -0.0000657184  -0.0001109991
   6.8416508622  -0.0001103907  -0.0000657684  -0.0001120715
   6.8560847248  -0.0001108127  -0.0000658028  -0.0001127644
   6.8705185873  -0.0001113001  -0.0000658315  -0.0001130414
   6.8849524499  -0.0001118478  -0.0000658626  -0.0001129670
   6.8993863125  -0.0001124365  -0.0000659013  -0.0001126871
   6.9138201751  -0.0001130387  -0.0000659510  -0.0001123912
   6.9282540377  -0.0001136273  -0.0000660137  -0.0001122646
   6.9426879002  -0.0001141827  -0.0000660902  -0.0001124440
   6.9571217628  -0.0001146970  -0.0000661803  -0.0001129864
   6.9715556254  -0.0001151743  -0.0000662833  -0.0001138594
   6.9859894880  -0.0001156283  -0.0000663980  -0.0001149530
   7.0004233506  -0.0001160770  -0.0000665229  -0.0001161105
   7.0148572131  -0.0001165382  -0.0000666560  -0.0001171684
   7.0292910757  -0.0001170245  -0.0000667951  -0.0001179960
   7.0437249383  -0.0001175409  -0.0000669378  -0.0001185259
   7.0581588009  -0.0001180831  -0.0000670821  -0.0001187672
   7.0725926634  -0.0001186383  -0.0000672260  -0.0001188000
   7.0870265260  -0.0001191887  -0.0000673671  -0.0001187517
   7.1014603886  -0.0001197167  -0.0000675029  -0.0001187633
   7.1158942512  -0.0001202116  -0.0000676310  -0.0001189536
   7.1303281138  -0.0001206733  -0.0000677501  -0.0001193912
   7.1447619763  -0.0001211130  -0.0000678603  -0.0001200799
   7.1591958389  -0.0001215476  -0.0000679628  -0.0001209605
   7.1736297015  -0.0001219942  -0.0000680593  -0.0001219280
   7.1880635641  -0.0001224643  -0.0000681508  -0.0001228596
   7.2024974266  -0.0001229619  -0.0000682380  -0.0001236467
   7.2169312892  -0.0001234844  -0.0000683222  -0.0001242225
   7.2313651518  -0.0001240245  -0.0000684049  -0.0001245775
   7.2457990144  -0.0001245718  -0.0000684885  -0.0001247592
   7.2602328770  -0.0001251150  -0.0000685746  -0.0001248576
   7.2746667395  -0.0001256441  -0.0000686639  -0.0001249797
   7.2891006021  -0.0001261537  -0.0000687558  -0.0001252219
   7.3035344647  -0.0001266449  -0.0000688497  -0.0001256467
   7.3179683273  -0.0001271253  -0.0000689450  -0.0001262679
   7.3324021899  -0.0001276061  -0.0000690415  -0.0001270486
   7.3468360524  -0.0001280972  -0.0000691387  -0.0001279124
   7.3612699150  -0.0001286042  -0.0000692359  -0.0001287641
   7.3757037776  -0.0001291270  -0.0000693319  -0.0001295157
   7.3901376402  -0.0001296603  -0.0000694262  -0.0001301095
   7.4045715027  -0.0001301970  -0.0000695188  -0.0001305321
   7.4190053653  -0.0001307302  -0.0000696102  -0.0001308156
   7.4334392279  -0.0001312551  -0.0000697011  -0.0001310268
   7.4478730905  -0.0001317702  -0.0000697919  -0.0001312484
   7.4623069531  -0.0001322765  -0.0000698824  -0.0001315568
   7.4767408156  -0.0001327776  -0.0000699723  -0.0001320028
   7.4911746782  -0.0001332785  -0.0000700612  -0.0001325995
   7.5056085408  -0.0001337838  -0.0000701484  -0.0001333197
   7.5200424034  -0.0001342972  -0.0000702337  -0.0001341050
   7.5344762660  -0.0001348199  -0.0000703166  -0.0001348817
   7.5489101285  -0.0001353506  -0.0000703975  -0.0001355823
   7.5633439911  -0.0001358855  -0.0000704766  -0.0001361624
   7.5777778537  -0.0001364199  -0.0000705547  -0.0001366124
   7.5922117163  -0.0001369500  -0.0000706322  -0.0001369577
   7.6066455788  -0.0001374746  -0.0000707095  -0.0001372509
   7.6210794414  -0.0001379956  -0.0000707873  -0.0001375562
   7.6355133040  -0.0001385165  -0.0000708660  -0.0001379323
   7.6499471666  -0.0001390406  -0.0000709460  -0.0001384168
   7.6643810292  -0.0001395693  -0.0000710267  -0.0001390170
   7.6788148917  -0.0001401023  -0.0000711072  -0.0001397088
   7.6932487543  -0.0001406376  -0.0000711866  -0.0001404447
   7.7076826169  -0.0001411739  -0.0000712642  -0.0001411678
   7.7221164795  -0.0001417100  -0.0000713399  -0.0001418275
   7.7365503421  -0.0001422453  -0.0000714142  -0.0001423928
   7.7509842046  -0.0001427794  -0.0000714874  -0.0001428598
   7.7654180672  -0.0001433124  -0.0000715599  -0.0001432515
   7.7798519298  -0.0001438454  -0.0000716319  -0.0001436103
   7.7942857924  -0.0001443801  -0.0000717038  -0.0001439860
   7.8087196549  -0.0001449184  -0.0000717760  -0.0001444223
   7.8231535175  -0.0001454612  -0.0000718484  -0.0001449445
   7.8375873801  -0.0001460075  -0.0000719208  -0.0001455533
   7.8520212427  -0.0001465552  -0.0000719922  -0.0001462262
   7.8664551053  -0.0001471018  -0.0000720619  -0.0001469246
   7.8808889678  -0.0001476461  -0.0000721297  -0.0001476053
   7.8953228304  -0.0001481883  -0.0000721961  -0.0001482327
   7.9097566930  -0.0001487298  -0.0000722617  -0.0001487876
   7.9241905556  -0.0001492725  -0.0000723274  -0.0001492716
   7.9386244181  -0.0001498180  -0.0000723933  -0.0001497052
   7.9530582807  -0.0001503676  -0.0000724596  -0.0001501221
   7.9674921433  -0.0001509215  -0.0000725261  -0.0001505596
   7.9819260059  -0.0001514790  -0.0000725927  -0.0001510479
