   0.0000000000   0.0000000000   0.0000000000   0.0000000000
   0.0036084656   0.0000000000   0.0000000000   0.0000000000
   0.0072169313   0.0000000000   0.0000000000   0.0000000000
   0.0108253969   0.0000000000   0.0000000000   0.0000000000
   0.0144338626   0.0000000000   0.0000000000   0.0000000000
   0.0180423282   0.0000000000   0.0000000000   0.0000000000
   0.0216507939   0.0000000000   0.0000000000   0.0000000000
   0.0252592595   0.0000000000   0.0000000000   0.0000000000
   0.0288677252   0.0000000000   0.0000000000   0.0000000000
   0.0324761908   0.0000000000   0.0000000000   0.0000000000
   0.0360846564   0.0000000000   0.0000000000   0.0000000000
   0.0396931221   0.0000000000   0.0000000000   0.0000000000
   0.0433015877   0.0000000000   0.0000000000   0.0000000000
   0.0469100534   0.0000000000   0.0000000000   0.0000000000
   0.0505185190   0.0000000000   0.0000000000   0.0000000000
   0.0541269847   0.0000000000   0.0000000000   0.0000000000
   0.0577354503   0.0000000000   0.0000000000   0.0000000000
   0.0613439160   0.0000000000   0.0000000000   0.0000000000
   0.0649523816   0.0000000000   0.0000000000   0.0000000000
   0.0685608472   0.0000000000   0.0000000000   0.0000000000
   0.0721693129   0.0000000000   0.0000000000   0.0000000000
   0.0757777785   0.0000000000   0.0000000000   0.0000000000
   0.0793862442   0.0000000000   0.0000000000   0.0000000000
   0.0829947098   0.0000000000   0.0000000000   0.0000000000
   0.0866031755   0.0000000000   0.0000000000   0.0000000000
   0.0902116411   0.0000000000   0.0000000000   0.0000000000
   0.0938201068   0.0000000000   0.0000000000   0.0000000000
   0.0974285724   0.0000000000   0.0000000000   0.0000000000
   0.1010370380   0.0000000000   0.0000000000   0.0000000000
   0.1046455037   0.0000000000   0.0000000000   0.0000000000
   0.1082539693   0.0000000000   0.0000000000   0.0000000000
   0.1118624350  -0.0000000000   0.0000000000  -0.0000000000
   0.1154709006  -0.0000000000   0.0000000000  -0.0000000000
   0.1190793663  -0.0000000000   0.0000000000  -0.0000000000
   0.1226878319  -0.0000000000   0.0000000000  -0.0000000000
   0.1262962976  -0.0000000000   0.0000000000  -0.0000000000
   0.1299047632  -0.0000000000   0.0000000000  -0.0000000000
   0.1335132289  -0.0000000000   0.0000000000  -0.0000000000
   0.1371216945  -0.0000000000   0.0000000000  -0.0000000000
   0.1407301601  -0.0000000000   0.0000000000  -0.0000000000
   0.1443386258  -0.0000000000   0.0000000000  -0.0000000000
   0.1479470914  -0.0000000000   0.0000000000  -0.0000000000
   0.1515555571  -0.0000000000   0.0000000000  -0.0000000000
   0.1551640227  -0.0000000000   0.0000000000  -0.0000000000
   0.1587724884  -0.0000000000   0.0000000000  -0.0000000000
   0.1623809540  -0.0000000000   0.0000000000  -0.0000000000
   0.1659894197  -0.0000000000   0.0000000000  -0.0000000000
   0.1695978853  -0.0000000000   0.0000000000  -0.0000000000
   0.1732063509  -0.0000000000   0.0000000000  -0.0000000000
   0.1768148166   0.0000000000  -0.0000000000   0.0000000000
   0.1804232822   0.0000000000  -0.0000000000   0.0000000000
   0.1840317479   0.0000000000  -0.0000000000   0.0000000000
   0.1876402135   0.0000000000  -0.0000000000   0.0000000000
   0.1912486792   0.0000000000  -0.0000000000   0.0000000000
   0.1948571448   0.0000000000  -0.0000000000   0.0000000000
   0.1984656105  -0.0000000000   0.0000000000  -0.0000000000
   0.2020740761  -0.0000000000   0.0000000000  -0.0000000000
   0.2056825417  -0.0000000000   0.0000000000  -0.0000000000
   0.2092910074  -0.0000000000   0.0000000000  -0.0000000000
   0.2128994730  -0.0000000000   0.0000000000  -0.0000000000
   0.2165079387  -0.0000000000   0.0000000000  -0.0000000000
   0.2201164043   0.0000000000  -0.0000000000   0.0000000000
   0.2237248700   0.0000000000  -0.0000000000   0.0000000000
   0.2273333356   0.0000000000  -0.0000000000   0.0000000000
   0.2309418013   0.0000000000  -0.0000000000   0.0000000000
   0.2345502669   0.0000000000  -0.0000000000   0.0000000000
   0.2381587325   0.0000000000  -0.0000000000   0.0000000000
   0.2417671982  -0.0000000000   0.0000000000  -0.0000000000
   0.2453756638  -0.0000000000   0.0000000000  -0.0000000000
   0.2489841295  -0.0000000000   0.0000000000  -0.0000000000
   0.2525925951  -0.0000000000   0.0000000000  -0.0000000000
   0.2562010608  -0.0000000000   0.0000000000  -0.0000000000
   0.2598095264  -0.0000000000   0.0000000000  -0.0000000000
   0.2634179921  -0.0000000000  -0.0000000000  -0.0000000000
   0.2670264577   0.0000000000  -0.0000000000   0.0000000000
   0.2706349233   0.0000000000  -0.0000000000   0.0000000000
   0.2742433890   0.0000000000  -0.0000000000   0.0000000000
   0.2778518546   0.0000000000  -0.0000000000   0.0000000000
   0.2814603203   0.0000000000  -0.0000000000   0.0000000000
   0.2850687859   0.0000000000  -0.0000000000   0.0000000000
   0.2886772516  -0.0000000000   0.0000000000  -0.0000000000
   0.2922857172  -0.0000000000   0.0000000000  -0.0000000000
   0.2958941829  -0.0000000000   0.0000000000  -0.0000000000
   0.2995026485  -0.0000000000   0.0000000000  -0.0000000000
   0.3031111141  -0.0000000000   0.0000000000  -0.0000000000
   0.3067195798  -0.0000000000   0.0000000000  -0.0000000000
   0.3103280454  -0.0000000000   0.0000000000  -0.0000000000
   0.3139365111   0.0000000000  -0.0000000000   0.0000000000
   0.3175449767   0.0000000000  -0.0000000000   0.0000000000
   0.3211534424   0.0000000000  -0.0000000000   0.0000000000
   0.3247619080  -0.0000000000   0.0000000000  -0.0000000000
   0.3283703737  -0.0000000000   0.0000000000  -0.0000000000
   0.3319788393   0.0000000000  -0.0000000000   0.0000000000
   0.3355873049   0.0000000000  -0.0000000000   0.0000000000
   0.3391957706   0.0000000000  -0.0000000000   0.0000000000
   0.3428042362  -0.0000000000   0.0000000000  -0.0000000000
   0.3464127019  -0.0000000000   0.0000000000  -0.0000000000
   0.3500211675  -0.0000000000   0.0000000000  -0.0000000000
   0.3536296332   0.0000000000  -0.0000000000   0.0000000000
   0.3572380988   0.0000000000  -0.0000000000   0.0000000000
   0.3608465645   0.0000000000  -0.0000000000   0.0000000000
   0.3644550301  -0.0000000000   0.0000000000  -0.0000000000
   0.3680634958  -0.0000000000   0.0000000000  -0.0000000000
   0.3716719614   0.0000000000  -0.0000000000  -0.0000000000
   0.3752804270   0.0000000000  -0.0000000000   0.0000000000
   0.3788888927   0.0000000000  -0.0000000000   0.0000000000
   0.3824973583  -0.0000000000   0.0000000000  -0.0000000000
   0.3861058240  -0.0000000000   0.0000000000  -0.0000000000
   0.3897142896  -0.0000000000   0.0000000000  -0.0000000000
   0.3933227553   0.0000000000  -0.0000000000   0.0000000000
   0.3969312209   0.0000000000  -0.0000000000   0.0000000000
   0.4005396866   0.0000000000  -0.0000000000   0.0000000000
   0.4041481522  -0.0000000000   0.0000000000  -0.0000000000
   0.4077566178  -0.0000000000   0.0000000000  -0.0000000000
   0.4113650835   0.0000000000  -0.0000000000   0.0000000000
   0.4149735491   0.0000000000  -0.0000000000   0.0000000000
   0.4185820148   0.0000000000  -0.0000000000   0.0000000000
   0.4221904804  -0.0000000000   0.0000000000  -0.0000000000
   0.4257989461  -0.0000000000   0.0000000000  -0.0000000000
   0.4294074117  -0.0000000000   0.0000000000  -0.0000000000
   0.4330158774   0.0000000000  -0.0000000000   0.0000000000
   0.4366243430   0.0000000000  -0.0000000000   0.0000000000
   0.4402328086  -0.0000000000   0.0000000000   0.0000000000
   0.4438412743  -0.0000000000   0.0000000000  -0.0000000000
   0.4474497399  -0.0000000000   0.0000000000  -0.0000000000
   0.4510582056   0.0000000000  -0.0000000000   0.0000000000
   0.4546666712   0.0000000000  -0.0000000000   0.0000000000
   0.4582751369   0.0000000000  -0.0000000000   0.0000000000
   0.4618836025  -0.0000000000   0.0000000000  -0.0000000000
   0.4654920682  -0.0000000000   0.0000000000  -0.0000000000
   0.4691005338   0.0000000000  -0.0000000000   0.0000000000
   0.4727089994   0.0000000000  -0.0000000000   0.0000000000
   0.4763174651   0.0000000000  -0.0000000000   0.0000000000
   0.4799259307  -0.0000000000   0.0000000000  -0.0000000000
   0.4835343964  -0.0000000000   0.0000000000  -0.0000000000
   0.4871428620  -0.0000000000   0.0000000000  -0.0000000000
   0.4907513277   0.0000000000  -0.0000000000   0.0000000000
   0.4943597933   0.0000000000  -0.0000000000   0.0000000000
   0.4979682590  -0.0000000000   0.0000000000  -0.0000000000
   0.5015767246  -0.0000000000   0.0000000000  -0.0000000000
   0.5051851902  -0.0000000000   0.0000000000  -0.0000000000
   0.5087936559   0.0000000000  -0.0000000000   0.0000000000
   0.5124021215   0.0000000000  -0.0000000000   0.0000000000
   0.5160105872  -0.0000000000  -0.0000000000   0.0000000000
   0.5196190528  -0.0000000000   0.0000000000  -0.0000000000
   0.5232275185  -0.0000000000   0.0000000000  -0.0000000000
   0.5268359841   0.0000000000  -0.0000000000  -0.0000000000
   0.5304444498   0.0000000000  -0.0000000000   0.0000000000
   0.5340529154  -0.0000000000  -0.0000000000   0.0000000000
   0.5376613810  -0.0000000000   0.0000000000  -0.0000000000
   0.5412698467   0.0000000000   0.0000000000  -0.0000000000
   0.5448783123   0.0000000000   0.0000000000  -0.0000000000
   0.5484867780   0.0000000000  -0.0000000000   0.0000000000
   0.5520952436  -0.0000000000  -0.0000000000   0.0000000000
   0.5557037093  -0.0000000000  -0.0000000000   0.0000000000
   0.5593121749   0.0000000000   0.0000000000  -0.0000000000
   0.5629206406   0.0000000000   0.0000000000  -0.0000000000
   0.5665291062   0.0000000000  -0.0000000000  -0.0000000000
   0.5701375718  -0.0000000000  -0.0000000000   0.0000000000
   0.5737460375  -0.0000000000  -0.0000000000   0.0000000000
   0.5773545031   0.0000000000   0.0000000000  -0.0000000000
   0.5809629688   0.0000000000   0.0000000000  -0.0000000000
   0.5845714344   0.0000000000   0.0000000000  -0.0000000000
   0.5881799001  -0.0000000000  -0.0000000000   0.0000000000
   0.5917883657  -0.0000000000  -0.0000000000   0.0000000000
   0.5953968314   0.0000000000   0.0000000000  -0.0000000000
   0.5990052970   0.0000000000   0.0000000000  -0.0000000000
   0.6026137627   0.0000000000   0.0000000000  -0.0000000000
   0.6062222283  -0.0000000000  -0.0000000000   0.0000000000
   0.6098306939  -0.0000000000  -0.0000000000   0.0000000000
   0.6134391596   0.0000000000  -0.0000000000   0.0000000000
   0.6170476252   0.0000000000   0.0000000000  -0.0000000000
   0.6206560909   0.0000000000   0.0000000000  -0.0000000000
   0.6242645565  -0.0000000000  -0.0000000000   0.0000000000
   0.6278730222  -0.0000000000  -0.0000000000   0.0000000000
   0.6314814878  -0.0000000000  -0.0000000000   0.0000000000
   0.6350899535   0.0000000000   0.0000000000  -0.0000000000
   0.6386984191   0.0000000000   0.0000000000  -0.0000000000
   0.6423068847  -0.0000000000  -0.0000000000   0.0000000000
   0.6459153504  -0.0000000000  -0.0000000000   0.0000000000
   0.6495238160  -0.0000000000  -0.0000000000   0.0000000000
   0.6531322817   0.0000000000   0.0000000000  -0.0000000000
   0.6567407473   0.0000000000   0.0000000000  -0.0000000000
   0.6603492130  -0.0000000000  -0.0000000000   0.0000000000
   0.6639576786  -0.0000000000  -0.0000000000   0.0000000000
   0.6675661443  -0.0000000000  -0.0000000000   0.0000000000
   0.6711746099   0.0000000000   0.0000000000  -0.0000000000
   0.6747830755   0.0000000000   0.0000000000  -0.0000000000
   0.6783915412  -0.0000000000   0.0000000000  -0.0000000000
   0.6820000068  -0.0000000000  -0.0000000000   0.0000000000
   0.6856084725  -0.0000000000  -0.0000000000   0.0000000000
   0.6892169381   0.0000000000   0.0000000000  -0.0000000000
   0.6928254038   0.0000000000   0.0000000000  -0.0000000000
   0.6964338694   0.0000000000   0.0000000000  -0.0000000000
   0.7000423351  -0.0000000000  -0.0000000000   0.0000000000
   0.7036508007  -0.0000000000  -0.0000000000   0.0000000000
   0.7072592663   0.0000000000   0.0000000000  -0.0000000000
   0.7108677320   0.0000000000   0.0000000000  -0.0000000000
   0.7144761976   0.0000000000   0.0000000000  -0.0000000000
   0.7180846633  -0.0000000000  -0.0000000000   0.0000000000
   0.7216931289  -0.0000000000  -0.0000000000   0.0000000000
   0.7253015946   0.0000000000   0.0000000000  -0.0000000000
   0.7289100602   0.0000000000   0.0000000000  -0.0000000000
   0.7325185259   0.0000000000   0.0000000000  -0.0000000000
   0.7361269915  -0.0000000000  -0.0000000000   0.0000000000
   0.7397354571  -0.0000000000  -0.0000000000   0.0000000000
   0.7433439228   0.0000000000  -0.0000000000  -0.0000000000
   0.7469523884   0.0000000000   0.0000000000  -0.0000000000
   0.7505608541   0.0000000000   0.0000000000  -0.0000000000
   0.7541693197  -0.0000000000  -0.0000000000   0.0000000000
   0.7577777854  -0.0000000000  -0.0000000000   0.0000000000
   0.7613862510   0.0000000000  -0.0000000000   0.0000000000
   0.7649947167   0.0000000000   0.0000000000  -0.0000000000
   0.7686031823   0.0000000000   0.0000000000  -0.0000000000
   0.7722116479  -0.0000000000  -0.0000000000   0.0000000000
   0.7758201136  -0.0000000000  -0.0000000000   0.0000000000
   0.7794285792  -0.0000000000  -0.0000000000   0.0000000000
   0.7830370449   0.0000000000   0.0000000000  -0.0000000000
   0.7866455105   0.0000000000   0.0000000000  -0.0000000000
   0.7902539762  -0.0000000000  -0.0000000000   0.0000000000
   0.7938624418  -0.0000000000  -0.0000000000   0.0000000000
   0.7974709075  -0.0000000000  -0.0000000000   0.0000000000
   0.8010793731   0.0000000000   0.0000000000  -0.0000000000
   0.8046878387   0.0000000000   0.0000000000  -0.0000000000
   0.8082963044  -0.0000000000  -0.0000000000   0.0000000000
   0.8119047700  -0.0000000000  -0.0000000000   0.0000000000
   0.8155132357  -0.0000000000  -0.0000000000   0.0000000000
   0.8191217013   0.0000000000   0.0000000000  -0.0000000000
   0.8227301670   0.0000000000   0.0000000000  -0.0000000000
   0.8263386326  -0.0000000000   0.0000000000   0.0000000000
   0.8299470983  -0.0000000000  -0.0000000000   0.0000000000
   0.8335555639  -0.0000000000  -0.0000000000   0.0000000000
   0.8371640296   0.0000000000   0.0000000000  -0.0000000000
   0.8407724952   0.0000000000   0.0000000000  -0.0000000000
   0.8443809608   0.0000000000   0.0000000000  -0.0000000000
   0.8479894265  -0.0000000000  -0.0000000000   0.0000000000
   0.8515978921  -0.0000000000  -0.0000000000   0.0000000000
   0.8552063578   0.0000000000   0.0000000000  -0.0000000000
   0.8588148234   0.0000000000   0.0000000000  -0.0000000000
   0.8624232891   0.0000000000   0.0000000000  -0.0000000000
   0.8660317547  -0.0000000000  -0.0000000000   0.0000000000
   0.8696402204  -0.0000000000  -0.0000000000   0.0000000000
   0.8732486860   0.0000000000   0.0000000000  -0.0000000000
   0.8768571516   0.0000000000   0.0000000000  -0.0000000000
   0.8804656173   0.0000000000   0.0000000000  -0.0000000000
   0.8840740829  -0.0000000000  -0.0000000000   0.0000000000
   0.8876825486  -0.0000000000  -0.0000000000   0.0000000000
   0.8912910142   0.0000000000   0.0000000000  -0.0000000000
   0.8948994799   0.0000000000   0.0000000000  -0.0000000000
   0.8985079455   0.0000000000   0.0000000000  -0.0000000000
   0.9021164112  -0.0000000000  -0.0000000000   0.0000000000
   0.9057248768  -0.0000000000  -0.0000000000   0.0000000000
   0.9093333424   0.0000000000  -0.0000000000  -0.0000000000
   0.9129418081   0.0000000000   0.0000000000  -0.0000000000
   0.9165502737   0.0000000000   0.0000000000  -0.0000000000
   0.9201587394  -0.0000000000  -0.0000000000   0.0000000000
   0.9237672050  -0.0000000000  -0.0000000000   0.0000000000
   0.9273756707   0.0000000000  -0.0000000000  -0.0000000000
   0.9309841363   0.0000000000   0.0000000000  -0.0000000000
   0.9345926020   0.0000000000   0.0000000000  -0.0000000000
   0.9382010676  -0.0000000000  -0.0000000000   0.0000000000
   0.9418095332  -0.0000000000  -0.0000000000   0.0000000000
   0.9454179989  -0.0000000000  -0.0000000000   0.0000000000
   0.9490264645   0.0000000000   0.0000000000  -0.0000000000
   0.9526349302   0.0000000000   0.0000000000  -0.0000000000
   0.9562433958  -0.0000000000  -0.0000000000   0.0000000000
   0.9598518615  -0.0000000000  -0.0000000000   0.0000000000
   0.9634603271  -0.0000000000  -0.0000000000   0.0000000000
   0.9670687928   0.0000000000   0.0000000000  -0.0000000000
   0.9706772584   0.0000000000   0.0000000000  -0.0000000000
   0.9742857240   0.0000000000  -0.0000000000  -0.0000000000
   0.9778941897  -0.0000000000  -0.0000000000   0.0000000000
   0.9815026553  -0.0000000000  -0.0000000000   0.0000000000
   0.9851111210   0.0000000000   0.0000000000  -0.0000000000
   0.9887195866   0.0000000000   0.0000000000  -0.0000000000
   0.9923280523   0.0000000000   0.0000000000  -0.0000000000
   0.9959365179  -0.0000000000  -0.0000000000   0.0000000000
   0.9995449836  -0.0000000000  -0.0000000000   0.0000000000
   1.0031534492   0.0000000000   0.0000000000  -0.0000000000
   1.0067619148   0.0000000000   0.0000000000  -0.0000000000
   1.0103703805  -0.0000000000   0.0000000000   0.0000000000
   1.0139788461  -0.0000000000  -0.0000000000   0.0000000000
   1.0175873118  -0.0000000000  -0.0000000000   0.0000000000
   1.0211957774   0.0000000000  -0.0000000000  -0.0000000000
   1.0248042431   0.0000000000   0.0000000000  -0.0000000000
   1.0284127087  -0.0000000000   0.0000000000   0.0000000000
   1.0320211744  -0.0000000000  -0.0000000000   0.0000000000
   1.0356296400  -0.0000000000  -0.0000000000   0.0000000000
   1.0392381056   0.0000000000  -0.0000000000  -0.0000000000
   1.0428465713   0.0000000000   0.0000000000  -0.0000000000
   1.0464550369   0.0000000000   0.0000000000  -0.0000000000
   1.0500635026  -0.0000000000  -0.0000000000   0.0000000000
   1.0536719682  -0.0000000000  -0.0000000000   0.0000000000
   1.0572804339  -0.0000000000   0.0000000000   0.0000000000
   1.0608888995   0.0000000000   0.0000000000  -0.0000000000
   1.0644973652   0.0000000000   0.0000000000  -0.0000000000
   1.0681058308   0.0000000000  -0.0000000000  -0.0000000000
   1.0717142965  -0.0000000000  -0.0000000000   0.0000000000
   1.0753227621  -0.0000000000   0.0000000000   0.0000000000
   1.0789312277  -0.0000000000   0.0000000000  -0.0000000000
   1.0825396934   0.0000000000   0.0000000000  -0.0000000000
   1.0861481590   0.0000000000  -0.0000000000  -0.0000000000
   1.0897566247   0.0000000000  -0.0000000000   0.0000000000
   1.0933650903  -0.0000000000  -0.0000000000   0.0000000000
   1.0969735560  -0.0000000000   0.0000000000   0.0000000000
   1.1005820216  -0.0000000000   0.0000000000   0.0000000000
   1.1041904873  -0.0000000000   0.0000000000   0.0000000000
   1.1077989529   0.0000000000  -0.0000000000  -0.0000000000
   1.1114074185   0.0000000000  -0.0000000000  -0.0000000000
   1.1150158842   0.0000000000   0.0000000000  -0.0000000000
   1.1186243498   0.0000000000   0.0000000000  -0.0000000000
   1.1222328155  -0.0000000000   0.0000000000   0.0000000000
   1.1258412811  -0.0000000000  -0.0000000000   0.0000000000
   1.1294497468  -0.0000000000  -0.0000000000  -0.0000000000
   1.1330582124   0.0000000000  -0.0000000000  -0.0000000000
   1.1366666781   0.0000000000   0.0000000000  -0.0000000000
   1.1402751437   0.0000000000   0.0000000000   0.0000000000
   1.1438836093  -0.0000000000   0.0000000000   0.0000000000
   1.1474920750  -0.0000000000   0.0000000000   0.0000000000
   1.1511005406  -0.0000000000   0.0000000000  -0.0000000000
   1.1547090063   0.0000000000   0.0000000000  -0.0000000000
   1.1583174719   0.0000000000  -0.0000000000  -0.0000000000
   1.1619259376   0.0000000000  -0.0000000000   0.0000000000
   1.1655344032  -0.0000000000  -0.0000000000   0.0000000000
   1.1691428689  -0.0000000000   0.0000000000   0.0000000000
   1.1727513345  -0.0000000000   0.0000000000  -0.0000000000
   1.1763598001   0.0000000000   0.0000000000  -0.0000000000
   1.1799682658   0.0000000000  -0.0000000000  -0.0000000000
   1.1835767314   0.0000000000  -0.0000000000  -0.0000000000
   1.1871851971  -0.0000000000   0.0000000000   0.0000000000
   1.1907936627  -0.0000000000   0.0000000000   0.0000000000
   1.1944021284  -0.0000000000   0.0000000000   0.0000000000
   1.1980105940  -0.0000000000  -0.0000000000  -0.0000000000
   1.2016190597   0.0000000000  -0.0000000000  -0.0000000000
   1.2052275253   0.0000000000  -0.0000000000  -0.0000000000
   1.2088359909   0.0000000000   0.0000000000  -0.0000000000
   1.2124444566  -0.0000000000   0.0000000000   0.0000000000
   1.2160529222  -0.0000000000   0.0000000000   0.0000000000
   1.2196613879  -0.0000000000  -0.0000000000   0.0000000000
   1.2232698535   0.0000000000  -0.0000000000  -0.0000000000
   1.2268783192   0.0000000000  -0.0000000000  -0.0000000000
   1.2304867848   0.0000000000  -0.0000000000  -0.0000000000
   1.2340952505  -0.0000000000   0.0000000000   0.0000000000
   1.2377037161  -0.0000000000   0.0000000000   0.0000000000
   1.2413121817  -0.0000000000   0.0000000000   0.0000000000
   1.2449206474   0.0000000000   0.0000000000  -0.0000000000
   1.2485291130   0.0000000000  -0.0000000000  -0.0000000000
   1.2521375787   0.0000000000  -0.0000000000  -0.0000000000
   1.2557460443   0.0000000000  -0.0000000000   0.0000000000
   1.2593545100  -0.0000000000   0.0000000000   0.0000000000
   1.2629629756  -0.0000000000   0.0000000000   0.0000000000
   1.2665714413  -0.0000000000   0.0000000000  -0.0000000000
   1.2701799069   0.0000000000  -0.0000000000  -0.0000000000
   1.2737883725   0.0000000000  -0.0000000000  -0.0000000000
   1.2773968382   0.0000000000  -0.0000000000  -0.0000000000
   1.2810053038  -0.0000000000   0.0000000000   0.0000000000
   1.2846137695  -0.0000000000   0.0000000000   0.0000000000
   1.2882222351  -0.0000000000   0.0000000000   0.0000000000
   1.2918307008  -0.0000000000  -0.0000000000  -0.0000000000
   1.2954391664   0.0000000000  -0.0000000000  -0.0000000000
   1.2990476321   0.0000000000  -0.0000000000  -0.0000000000
   1.3026560977   0.0000000000   0.0000000000  -0.0000000000
   1.3062645634  -0.0000000000   0.0000000000   0.0000000000
   1.3098730290  -0.0000000000   0.0000000000   0.0000000000
   1.3134814946  -0.0000000000   0.0000000000   0.0000000000
   1.3170899603   0.0000000000  -0.0000000000  -0.0000000000
   1.3206984259   0.0000000000  -0.0000000000  -0.0000000000
   1.3243068916   0.0000000000  -0.0000000000  -0.0000000000
   1.3279153572  -0.0000000000  -0.0000000000   0.0000000000
   1.3315238229  -0.0000000000   0.0000000000   0.0000000000
   1.3351322885  -0.0000000000   0.0000000000   0.0000000000
   1.3387407542  -0.0000000000   0.0000000000  -0.0000000000
   1.3423492198   0.0000000000  -0.0000000000  -0.0000000000
   1.3459576854   0.0000000000  -0.0000000000  -0.0000000000
   1.3495661511   0.0000000000  -0.0000000000   0.0000000000
   1.3531746167  -0.0000000000   0.0000000000   0.0000000000
   1.3567830824  -0.0000000000   0.0000000000   0.0000000000
   1.3603915480  -0.0000000000   0.0000000000   0.0000000000
   1.3640000137   0.0000000000  -0.0000000000  -0.0000000000
   1.3676084793   0.0000000000  -0.0000000000  -0.0000000000
   1.3712169450   0.0000000000  -0.0000000000  -0.0000000000
   1.3748254106   0.0000000000   0.0000000000   0.0000000000
   1.3784338762  -0.0000000000   0.0000000000   0.0000000000
   1.3820423419  -0.0000000000   0.0000000000   0.0000000000
   1.3856508075  -0.0000000000   0.0000000000  -0.0000000000
   1.3892592732   0.0000000000  -0.0000000000  -0.0000000000
   1.3928677388   0.0000000000  -0.0000000000  -0.0000000000
   1.3964762045   0.0000000000  -0.0000000000  -0.0000000000
   1.4000846701  -0.0000000000   0.0000000000   0.0000000000
   1.4036931358  -0.0000000000   0.0000000000   0.0000000000
   1.4073016014  -0.0000000000   0.0000000000   0.0000000000
   1.4109100670   0.0000000000  -0.0000000000  -0.0000000000
   1.4145185327   0.0000000000  -0.0000000000  -0.0000000000
   1.4181269983   0.0000000000  -0.0000000000  -0.0000000000
   1.4217354640   0.0000000000  -0.0000000000   0.0000000000
   1.4253439296  -0.0000000000   0.0000000000   0.0000000000
   1.4289523953  -0.0000000000   0.0000000000   0.0000000000
   1.4325608609  -0.0000000000   0.0000000000  -0.0000000000
   1.4361693266   0.0000000000  -0.0000000000  -0.0000000000
   1.4397777922   0.0000000000  -0.0000000000  -0.0000000000
   1.4433862578   0.0000000000  -0.0000000000  -0.0000000000
   1.4469947235  -0.0000000000   0.0000000000   0.0000000000
   1.4506031891  -0.0000000000   0.0000000000   0.0000000000
   1.4542116548  -0.0000000000   0.0000000000   0.0000000000
   1.4578201204  -0.0000000000   0.0000000000  -0.0000000000
   1.4614285861   0.0000000000  -0.0000000000  -0.0000000000
   1.4650370517   0.0000000000  -0.0000000000  -0.0000000000
   1.4686455174   0.0000000000  -0.0000000000  -0.0000000000
   1.4722539830  -0.0000000000   0.0000000000   0.0000000000
   1.4758624486  -0.0000000000   0.0000000000   0.0000000000
   1.4794709143  -0.0000000000   0.0000000000   0.0000000000
   1.4830793799   0.0000000000  -0.0000000000  -0.0000000000
   1.4866878456   0.0000000000  -0.0000000000  -0.0000000000
   1.4902963112   0.0000000000  -0.0000000000  -0.0000000000
   1.4939047769   0.0000000000  -0.0000000000   0.0000000000
   1.4975132425  -0.0000000000   0.0000000000   0.0000000000
   1.5011217082  -0.0000000000   0.0000000000   0.0000000000
   1.5047301738  -0.0000000000   0.0000000000  -0.0000000000
   1.5083386394  -0.0000000000   0.0000000000  -0.0000000000
   1.5119471051   0.0000000000  -0.0000000000  -0.0000000000
   1.5155555707   0.0000000000  -0.0000000000   0.0000000000
   1.5191640364   0.0000000000  -0.0000000000   0.0000000000
   1.5227725020  -0.0000000000   0.0000000000   0.0000000000
   1.5263809677  -0.0000000000   0.0000000000  -0.0000000000
   1.5299894333  -0.0000000000   0.0000000000  -0.0000000000
   1.5335978990   0.0000000000   0.0000000000  -0.0000000000
   1.5372063646   0.0000000000  -0.0000000000   0.0000000000
   1.5408148303   0.0000000000  -0.0000000000   0.0000000000
   1.5444232959   0.0000000000  -0.0000000000   0.0000000000
   1.5480317615  -0.0000000000   0.0000000000  -0.0000000000
   1.5516402272  -0.0000000000   0.0000000000  -0.0000000000
   1.5552486928  -0.0000000000   0.0000000000  -0.0000000000
   1.5588571585   0.0000000000  -0.0000000000   0.0000000000
   1.5624656241   0.0000000000  -0.0000000000   0.0000000000
   1.5660740898   0.0000000000  -0.0000000000   0.0000000000
   1.5696825554  -0.0000000000   0.0000000000  -0.0000000000
   1.5732910211  -0.0000000000   0.0000000000  -0.0000000000
   1.5768994867  -0.0000000000   0.0000000000  -0.0000000000
   1.5805079523   0.0000000000  -0.0000000000   0.0000000000
   1.5841164180   0.0000000000  -0.0000000000   0.0000000000
   1.5877248836   0.0000000000  -0.0000000000   0.0000000000
   1.5913333493  -0.0000000000   0.0000000000  -0.0000000000
   1.5949418149  -0.0000000000   0.0000000000  -0.0000000000
   1.5985502806  -0.0000000000   0.0000000000  -0.0000000000
   1.6021587462   0.0000000000  -0.0000000000   0.0000000000
   1.6057672119   0.0000000000  -0.0000000000   0.0000000000
   1.6093756775   0.0000000000  -0.0000000000   0.0000000000
   1.6129841431  -0.0000000000   0.0000000000  -0.0000000000
   1.6165926088  -0.0000000000   0.0000000000  -0.0000000000
   1.6202010744  -0.0000000000   0.0000000000  -0.0000000000
   1.6238095401   0.0000000000  -0.0000000000   0.0000000000
   1.6274180057   0.0000000000  -0.0000000000   0.0000000000
   1.6310264714   0.0000000000  -0.0000000000   0.0000000000
   1.6346349370  -0.0000000000   0.0000000000  -0.0000000000
   1.6382434027  -0.0000000000   0.0000000000  -0.0000000000
   1.6418518683  -0.0000000000   0.0000000000  -0.0000000000
   1.6454603339   0.0000000000  -0.0000000000   0.0000000000
   1.6490687996   0.0000000000  -0.0000000000   0.0000000000
   1.6526772652   0.0000000000  -0.0000000000   0.0000000000
   1.6562857309  -0.0000000000   0.0000000000  -0.0000000000
   1.6598941965  -0.0000000000   0.0000000000  -0.0000000000
   1.6635026622  -0.0000000000   0.0000000000  -0.0000000000
   1.6671111278   0.0000000000  -0.0000000000   0.0000000000
   1.6707195935   0.0000000000  -0.0000000000   0.0000000000
   1.6743280591   0.0000000000  -0.0000000000   0.0000000000
   1.6779365247  -0.0000000000  -0.0000000000  -0.0000000000
   1.6815449904  -0.0000000000   0.0000000000  -0.0000000000
   1.6851534560  -0.0000000000   0.0000000000  -0.0000000000
   1.6887619217   0.0000000000   0.0000000000   0.0000000000
   1.6923703873   0.0000000000  -0.0000000000   0.0000000000
   1.6959788530   0.0000000000  -0.0000000000   0.0000000000
   1.6995873186   0.0000000000  -0.0000000000   0.0000000000
   1.7031957843  -0.0000000000   0.0000000000  -0.0000000000
   1.7068042499  -0.0000000000   0.0000000000  -0.0000000000
   1.7104127155  -0.0000000000   0.0000000000  -0.0000000000
   1.7140211812   0.0000000000  -0.0000000000   0.0000000000
   1.7176296468   0.0000000000  -0.0000000000   0.0000000000
   1.7212381125   0.0000000000  -0.0000000000   0.0000000000
   1.7248465781  -0.0000000000   0.0000000000  -0.0000000000
   1.7284550438  -0.0000000000   0.0000000000  -0.0000000000
   1.7320635094  -0.0000000000   0.0000000000  -0.0000000000
   1.7356719751   0.0000000000  -0.0000000000   0.0000000000
   1.7392804407   0.0000000000  -0.0000000000   0.0000000000
   1.7428889063   0.0000000000  -0.0000000000   0.0000000000
   1.7464973720  -0.0000000000   0.0000000000  -0.0000000000
   1.7501058376  -0.0000000000   0.0000000000  -0.0000000000
   1.7537143033  -0.0000000000   0.0000000000  -0.0000000000
   1.7573227689   0.0000000000  -0.0000000000   0.0000000000
   1.7609312346   0.0000000000  -0.0000000000   0.0000000000
   1.7645397002   0.0000000000  -0.0000000000   0.0000000000
   1.7681481659  -0.0000000000  -0.0000000000  -0.0000000000
   1.7717566315  -0.0000000000   0.0000000000  -0.0000000000
   1.7753650971  -0.0000000000   0.0000000000  -0.0000000000
   1.7789735628  -0.0000000000   0.0000000000  -0.0000000000
   1.7825820284   0.0000000000  -0.0000000000   0.0000000000
   1.7861904941   0.0000000000  -0.0000000000   0.0000000000
   1.7897989597   0.0000000000  -0.0000000000   0.0000000000
   1.7934074254  -0.0000000000   0.0000000000  -0.0000000000
   1.7970158910  -0.0000000000   0.0000000000  -0.0000000000
   1.8006243567  -0.0000000000   0.0000000000  -0.0000000000
   1.8042328223   0.0000000000  -0.0000000000   0.0000000000
   1.8078412880   0.0000000000  -0.0000000000   0.0000000000
   1.8114497536   0.0000000000  -0.0000000000   0.0000000000
   1.8150582192  -0.0000000000   0.0000000000  -0.0000000000
   1.8186666849  -0.0000000000   0.0000000000  -0.0000000000
   1.8222751505  -0.0000000000   0.0000000000  -0.0000000000
   1.8258836162   0.0000000000   0.0000000000   0.0000000000
   1.8294920818   0.0000000000  -0.0000000000   0.0000000000
   1.8331005475   0.0000000000  -0.0000000000   0.0000000000
   1.8367090131   0.0000000000  -0.0000000000   0.0000000000
   1.8403174788  -0.0000000000   0.0000000000  -0.0000000000
   1.8439259444  -0.0000000000   0.0000000000  -0.0000000000
   1.8475344100  -0.0000000000   0.0000000000  -0.0000000000
   1.8511428757   0.0000000000  -0.0000000000   0.0000000000
   1.8547513413   0.0000000000  -0.0000000000   0.0000000000
   1.8583598070   0.0000000000  -0.0000000000   0.0000000000
   1.8619682726  -0.0000000000   0.0000000000  -0.0000000000
   1.8655767383  -0.0000000000   0.0000000000  -0.0000000000
   1.8691852039  -0.0000000000   0.0000000000  -0.0000000000
   1.8727936696   0.0000000000   0.0000000000   0.0000000000
   1.8764021352   0.0000000000  -0.0000000000   0.0000000000
   1.8800106008   0.0000000000  -0.0000000000   0.0000000000
   1.8836190665   0.0000000000  -0.0000000000   0.0000000000
   1.8872275321  -0.0000000000   0.0000000000  -0.0000000000
   1.8908359978  -0.0000000000   0.0000000000  -0.0000000000
   1.8944444634  -0.0000000000   0.0000000000  -0.0000000000
   1.8980529291   0.0000000000  -0.0000000000   0.0000000000
   1.9016613947   0.0000000000  -0.0000000000   0.0000000000
   1.9052698604   0.0000000000  -0.0000000000   0.0000000000
   1.9088783260  -0.0000000000   0.0000000000  -0.0000000000
   1.9124867916  -0.0000000000   0.0000000000  -0.0000000000
   1.9160952573  -0.0000000000   0.0000000000  -0.0000000000
   1.9197037229   0.0000000000   0.0000000000   0.0000000000
   1.9233121886   0.0000000000  -0.0000000000   0.0000000000
   1.9269206542   0.0000000000  -0.0000000000   0.0000000000
   1.9305291199   0.0000000000  -0.0000000000   0.0000000000
   1.9341375855  -0.0000000000   0.0000000000  -0.0000000000
   1.9377460512  -0.0000000000   0.0000000000  -0.0000000000
   1.9413545168  -0.0000000000   0.0000000000  -0.0000000000
   1.9449629824   0.0000000000  -0.0000000000   0.0000000000
   1.9485714481   0.0000000000  -0.0000000000   0.0000000000
   1.9521799137   0.0000000000  -0.0000000000   0.0000000000
   1.9557883794  -0.0000000000  -0.0000000000  -0.0000000000
   1.9593968450  -0.0000000000   0.0000000000  -0.0000000000
   1.9630053107  -0.0000000000   0.0000000000  -0.0000000000
   1.9666137763  -0.0000000000   0.0000000000  -0.0000000000
   1.9702222420   0.0000000000  -0.0000000000   0.0000000000
   1.9738307076   0.0000000000  -0.0000000000   0.0000000000
   1.9774391732   0.0000000000  -0.0000000000   0.0000000000
   1.9810476389  -0.0000000000   0.0000000000  -0.0000000000
   1.9846561045  -0.0000000000   0.0000000000  -0.0000000000
   1.9882645702  -0.0000000000   0.0000000000  -0.0000000000
   1.9918730358   0.0000000000   0.0000000000   0.0000000000
   1.9954815015   0.0000000000  -0.0000000000   0.0000000000
   1.9990899671   0.0000000000  -0.0000000000   0.0000000000
   2.0026984328   0.0000000000  -0.0000000000   0.0000000000
   2.0063068984  -0.0000000000   0.0000000000  -0.0000000000
   2.0099153640  -0.0000000000   0.0000000000  -0.0000000000
   2.0135238297  -0.0000000000   0.0000000000  -0.0000000000
   2.0171322953   0.0000000000  -0.0000000000   0.0000000000
   2.0207407610   0.0000000000  -0.0000000000   0.0000000000
   2.0243492266   0.0000000000  -0.0000000000   0.0000000000
   2.0279576923   0.0000000000  -0.0000000000   0.0000000000
   2.0315661579  -0.0000000000   0.0000000000  -0.0000000000
   2.0351746236  -0.0000000000   0.0000000000  -0.0000000000
   2.0387830892  -0.0000000000   0.0000000000  -0.0000000000
   2.0423915549   0.0000000000  -0.0000000000   0.0000000000
   2.0460000205   0.0000000000  -0.0000000000   0.0000000000
   2.0496084861   0.0000000000  -0.0000000000   0.0000000000
   2.0532169518  -0.0000000000  -0.0000000000  -0.0000000000
   2.0568254174  -0.0000000000   0.0000000000  -0.0000000000
   2.0604338831  -0.0000000000   0.0000000000  -0.0000000000
   2.0640423487  -0.0000000000   0.0000000000  -0.0000000000
   2.0676508144   0.0000000000  -0.0000000000   0.0000000000
   2.0712592800   0.0000000000  -0.0000000000   0.0000000000
   2.0748677457   0.0000000000  -0.0000000000   0.0000000000
   2.0784762113  -0.0000000000  -0.0000000000  -0.0000000000
   2.0820846769  -0.0000000000   0.0000000000  -0.0000000000
   2.0856931426  -0.0000000000   0.0000000000  -0.0000000000
   2.0893016082  -0.0000000000   0.0000000000  -0.0000000000
   2.0929100739   0.0000000000  -0.0000000000   0.0000000000
   2.0965185395   0.0000000000  -0.0000000000   0.0000000000
   2.1001270052   0.0000000000  -0.0000000000   0.0000000000
   2.1037354708  -0.0000000000  -0.0000000000  -0.0000000000
   2.1073439365  -0.0000000000   0.0000000000  -0.0000000000
   2.1109524021  -0.0000000000   0.0000000000  -0.0000000000
   2.1145608677  -0.0000000000   0.0000000000  -0.0000000000
   2.1181693334   0.0000000000  -0.0000000000   0.0000000000
   2.1217777990   0.0000000000  -0.0000000000   0.0000000000
   2.1253862647   0.0000000000  -0.0000000000   0.0000000000
   2.1289947303  -0.0000000000  -0.0000000000  -0.0000000000
   2.1326031960  -0.0000000000   0.0000000000  -0.0000000000
   2.1362116616  -0.0000000000   0.0000000000  -0.0000000000
   2.1398201273  -0.0000000000   0.0000000000  -0.0000000000
   2.1434285929   0.0000000000  -0.0000000000   0.0000000000
   2.1470370585   0.0000000000  -0.0000000000   0.0000000000
   2.1506455242   0.0000000000  -0.0000000000   0.0000000000
   2.1542539898  -0.0000000000  -0.0000000000  -0.0000000000
   2.1578624555  -0.0000000001   0.0000000000  -0.0000000001
   2.1614709211  -0.0000000001   0.0000000000  -0.0000000001
   2.1650793868  -0.0000000000   0.0000000000  -0.0000000001
   2.1686878524   0.0000000001  -0.0000000000   0.0000000001
   2.1722963181   0.0000000002  -0.0000000001   0.0000000002
   2.1759047837   0.0000000002  -0.0000000001   0.0000000002
   2.1795132493  -0.0000000000  -0.0000000000   0.0000000000
   2.1831217150  -0.0000000003   0.0000000001  -0.0000000004
   2.1867301806  -0.0000000006   0.0000000003  -0.0000000007
   2.1903386463  -0.0000000004   0.0000000003  -0.0000000004
   2.1939471119   0.0000000003  -0.0000000000   0.0000000003
   2.1975555776   0.0000000011  -0.0000000004   0.0000000013
   2.2011640432   0.0000000013  -0.0000000007   0.0000000016
   2.2047725089   0.0000000004  -0.0000000005   0.0000000005
   2.2083809745  -0.0000000015   0.0000000004  -0.0000000017
   2.2119894401  -0.0000000031   0.0000000014  -0.0000000037
   2.2155979058  -0.0000000027   0.0000000017  -0.0000000034
   2.2192063714   0.0000000004   0.0000000006   0.0000000003
   2.2228148371   0.0000000050  -0.0000000017   0.0000000058
   2.2264233027   0.0000000077  -0.0000000037   0.0000000092
   2.2300317684   0.0000000048  -0.0000000035   0.0000000061
   2.2336402340  -0.0000000041   0.0000000000  -0.0000000045
   2.2372486997  -0.0000000144   0.0000000056  -0.0000000170
   2.2408571653  -0.0000000175   0.0000000093  -0.0000000212
   2.2444656309  -0.0000000066   0.0000000067  -0.0000000087
   2.2480740966   0.0000000161  -0.0000000033   0.0000000185
   2.2516825622   0.0000000370  -0.0000000159   0.0000000443
   2.2552910279   0.0000000365  -0.0000000214   0.0000000450
   2.2588994935   0.0000000039  -0.0000000111   0.0000000066
   2.2625079592  -0.0000000493   0.0000000143  -0.0000000578
   2.2661164248  -0.0000000878   0.0000000407  -0.0000001062
   2.2697248905  -0.0000000710   0.0000000461  -0.0000000887
   2.2733333561   0.0000000146   0.0000000151   0.0000000134
   2.2769418218   0.0000001310  -0.0000000445   0.0000001560
   2.2805502874   0.0000001957  -0.0000000969   0.0000002392
   2.2841587530   0.0000001298  -0.0000000947   0.0000001645
   2.2877672187  -0.0000000751  -0.0000000133  -0.0000000827
   2.2913756843  -0.0000003168   0.0000001186  -0.0000003814
   2.2949841500  -0.0000004157   0.0000002174  -0.0000005123
   2.2985926156  -0.0000002264   0.0000001877  -0.0000002913
   2.3022010813   0.0000002309  -0.0000000060   0.0000002655
   2.3058095469   0.0000007129  -0.0000002842   0.0000008664
   2.3094180126   0.0000008509  -0.0000004655   0.0000010563
   2.3130264782   0.0000003875  -0.0000003648   0.0000005060
   2.3166349438  -0.0000005762   0.0000000624  -0.0000006773
   2.3202434095  -0.0000015115   0.0000006279  -0.0000018518
   2.3238518751  -0.0000016948   0.0000009587  -0.0000021171
   2.3274603408  -0.0000006809   0.0000007073  -0.0000008978
   2.3310688064   0.0000012530  -0.0000001763   0.0000014938
   2.3346772721   0.0000030380  -0.0000012908   0.0000037483
   2.3382857377   0.0000033075  -0.0000019083   0.0000041531
   2.3418942034   0.0000012898  -0.0000013863   0.0000017030
   2.3455026690  -0.0000024170   0.0000003332  -0.0000029102
   2.3491111346  -0.0000057917   0.0000024709  -0.0000071904
   2.3527196003  -0.0000063378   0.0000036706  -0.0000079913
   2.3563280659  -0.0000026838   0.0000027568  -0.0000035196
   2.3599365316   0.0000040904  -0.0000003818   0.0000049583
   2.3635449972   0.0000104103  -0.0000043645   0.0000129984
   2.3671534629   0.0000118670  -0.0000067828   0.0000150157
   2.3707619285   0.0000059393  -0.0000055074   0.0000077169
   2.3743703942  -0.0000057649  -0.0000001972  -0.0000070066
   2.3779788598  -0.0000173821   0.0000069446  -0.0000218202
   2.3815873254  -0.0000214303   0.0000118767  -0.0000272064
   2.3851957911  -0.0000131871   0.0000108121  -0.0000170156
   2.3888042567   0.0000055923   0.0000026979   0.0000067245
   2.3924127224   0.0000261553  -0.0000094111   0.0000330059
   2.3960211880   0.0000364798  -0.0000192144   0.0000464779
   2.3996296537   0.0000278475  -0.0000202298   0.0000358202
   2.4032381193   0.0000008052  -0.0000096519   0.0000014676
   2.4068465850  -0.0000332204   0.0000091748  -0.0000421433
   2.4104550506  -0.0000564106   0.0000274123  -0.0000721748
   2.4140635162  -0.0000535481   0.0000346981  -0.0000688959
   2.4176719819  -0.0000210200   0.0000246928  -0.0000273655
   2.4212804475   0.0000292969  -0.0000007075   0.0000373654
   2.4248889132   0.0000741169  -0.0000310404   0.0000953331
   2.4284973788   0.0000894885  -0.0000515186   0.0001154683
   2.4321058445   0.0000630988  -0.0000500939   0.0000815917
   2.4357143101   0.0000017817  -0.0000239089   0.0000023192
   2.4393227758  -0.0000699849   0.0000182412  -0.0000907107
   2.4429312414  -0.0001203253   0.0000589546  -0.0001560612
   2.4465397070  -0.0001242384   0.0000795783  -0.0001610993
   2.4501481727  -0.0000751618   0.0000685276  -0.0000971673
   2.4537566383   0.0000115078   0.0000267524   0.0000157162
   2.4573651040   0.0001043003  -0.0000320698   0.0001364950
   2.4609735696   0.0001679988  -0.0000865764   0.0002191961
   2.4645820353   0.0001769145  -0.0001157136   0.0002303178
   2.4681905009   0.0001239037  -0.0001064084   0.0001606200
   2.4717989666   0.0000224007  -0.0000581724   0.0000277346
   2.4754074322  -0.0000981926   0.0000165876  -0.0001299114
   2.4790158978  -0.0002013107   0.0000961536  -0.0002645857
   2.4826243635  -0.0002532384   0.0001555434  -0.0003322361
   2.4862328291  -0.0002319815   0.0001733172  -0.0003039667
   2.4898412948  -0.0001335405   0.0001376580  -0.0001742342
   2.4934497604   0.0000252891   0.0000505672   0.0000352941
   2.4970582261   0.0002081726  -0.0000706950   0.0002770415
   2.5006666917   0.0003646660  -0.0001954400   0.0004843340
   2.5042751574   0.0004390035  -0.0002845475   0.0005828868
   2.5078836230   0.0003802799  -0.0002976708   0.0005044806
   2.5114920887   0.0001513808  -0.0002009257   0.0001992086
   2.5151005543  -0.0002656246   0.0000269077  -0.0003570359
   2.5187090199  -0.0008685609   0.0003911350  -0.0011613442
   2.5223174856  -0.0016379693   0.0008812670  -0.0021879260
   2.5259259512  -0.0025419254   0.0014738390  -0.0033949741
   2.5295344169  -0.0035411431   0.0021366825  -0.0047315538
   2.5331428825  -0.0045934983   0.0028334936  -0.0061431074
   2.5367513482  -0.0056579403   0.0035280631  -0.0075757281
   2.5403598138  -0.0066979423   0.0041879858  -0.0089800267
   2.5439682795  -0.0076841763   0.0047877292  -0.0103148222
   2.5475767451  -0.0085956082   0.0053106738  -0.0115497457
   2.5511852107  -0.0094183856   0.0057495286  -0.0126653304
   2.5547936764  -0.0101428824   0.0061047616  -0.0136499850
   2.5584021420  -0.0107604191   0.0063814116  -0.0144950262
   2.5620106077  -0.0112615723   0.0065854526  -0.0151904159
   2.5656190733  -0.0116370897   0.0067211998  -0.0157237668
   2.5692275390  -0.0118806939   0.0067907182  -0.0160832921
   2.5728360046  -0.0119916224   0.0067950494  -0.0162627536
   2.5764444703  -0.0119747182   0.0067359698  -0.0162648355
   2.5800529359  -0.0118374274   0.0066166790  -0.0161000185
   2.5836614015  -0.0115852303   0.0064405792  -0.0157807848
   2.5872698672  -0.0112183735   0.0062087331  -0.0153142491
   2.5908783328  -0.0107322654   0.0059177851  -0.0146979442
   2.5944867985  -0.0101217709   0.0055602495  -0.0139222026
   2.5980952641  -0.0093871977   0.0051278710  -0.0129788364
   2.6017037298  -0.0085385661   0.0046168637  -0.0118717203
   2.6053121954  -0.0075955682   0.0040323550  -0.0106229877
   2.6089206611  -0.0065829697   0.0033893207  -0.0092703022
   2.6125291267  -0.0055236758   0.0027089140  -0.0078554220
   2.6161375923  -0.0044328856   0.0020115942  -0.0064094820
   2.6197460580  -0.0033161415   0.0013104474  -0.0049429976
   2.6233545236  -0.0021721350   0.0006083307  -0.0034467567
   2.6269629893  -0.0009989614  -0.0000993465  -0.0019041886
   2.6305714549   0.0001988704  -0.0008173822  -0.0003094022
   2.6341799206   0.0014055590  -0.0015427976   0.0013184974
   2.6377883862   0.0025932966  -0.0022604389   0.0029327803
   2.6413968519   0.0037262924  -0.0029447554   0.0044702602
   2.6450053175   0.0047684789  -0.0035671630   0.0058712088
   2.6486137831   0.0056924316  -0.0041055015   0.0070984526
   2.6522222488   0.0064862701  -0.0045510613   0.0081466469
   2.6558307144   0.0071556189  -0.0049099841   0.0090379018
   2.6594391801   0.0077192743  -0.0051986930   0.0098066898
   2.6630476457   0.0081996541  -0.0054357701   0.0104815885
   2.6666561114   0.0086114243  -0.0056339382   0.0110717122
   2.6702645770   0.0089527453  -0.0057951311   0.0115621960
   2.6738730427   0.0092027146  -0.0059097576   0.0119183812
   2.6774815083   0.0093261335  -0.0059594542   0.0120952388
   2.6810899739   0.0092838637  -0.0059217951   0.0120482586
   2.6846984396   0.0090451180  -0.0057756643   0.0117436529
   2.6883069052   0.0085977743  -0.0055066155   0.0111672770
   2.6919153709   0.0079539939  -0.0051117923   0.0103317533
   2.6955238365   0.0071501980  -0.0046036191   0.0092801349
   2.6991323022   0.0062419590  -0.0040109577   0.0080836237
   2.7027407678   0.0052952608  -0.0033764961   0.0068318573
   2.7063492335   0.0043760407  -0.0027501629   0.0056171695
   2.7099576991   0.0035401896  -0.0021799826   0.0045174220
   2.7135661647   0.0028262001  -0.0017030825   0.0035833266
   2.7171746304   0.0022521101  -0.0013397106   0.0028344866
   2.7207830960   0.0018171450  -0.0010919277   0.0022644395
   2.7243915617   0.0015068735  -0.0009467352   0.0018510374
   2.7280000273   0.0012995584  -0.0008817943   0.0015667941
   2.7316084930   0.0011713983  -0.0008713705   0.0013851315
   2.7352169586   0.0010995075  -0.0008907754   0.0012816811
   2.7388254243   0.0010630153  -0.0009188083   0.0012327946
   2.7424338899   0.0010435646  -0.0009387396   0.0012144787
   2.7460423556   0.0010262492  -0.0009387180   0.0012037863
   2.7496508212   0.0010010077  -0.0009121570   0.0011824030
   2.7532592868   0.0009636057  -0.0008580711   0.0011403710
   2.7568677525   0.0009152982  -0.0007809495   0.0010776332
   2.7604762181   0.0008610331  -0.0006897830   0.0010022880
   2.7640846838   0.0008069463  -0.0005961916   0.0009261917
   2.7676931494   0.0007581905  -0.0005119896   0.0008598079
   2.7713016151   0.0007177042  -0.0004467532   0.0008083955
   2.7749100807   0.0006858661  -0.0004059643   0.0007708662
   2.7785185464   0.0006607081  -0.0003901525   0.0007414231
   2.7821270120   0.0006385964  -0.0003952152   0.0007129869
   2.7857354776   0.0006155648  -0.0004138252   0.0006808044
   2.7893439433   0.0005892459  -0.0004375541   0.0006446694
   2.7929524089   0.0005606023  -0.0004591125   0.0006088161
   2.7965608746   0.0005341236  -0.0004740243   0.0005795498
   2.8001693402   0.0005156272  -0.0004811925   0.0005616884
   2.8037778059   0.0005083526  -0.0004821834   0.0005554809
   2.8073862715   0.0005096746  -0.0004795512   0.0005555553
   2.8109947372   0.0005110549  -0.0004749482   0.0005526162
   2.8146032028   0.0005021513  -0.0004679117   0.0005373836
   2.8182116684   0.0004771439  -0.0004559754   0.0005051609
   2.8218201341   0.0004393205  -0.0004361583   0.0004589306
   2.8254285997   0.0004004698  -0.0004071696   0.0004092743
   2.8290370654   0.0003747082  -0.0003711805   0.0003706297
   2.8326455310   0.0003701012  -0.0003340604   0.0003550258
   2.8362539967   0.0003832457  -0.0003036364   0.0003658432
   2.8398624623   0.0004004253  -0.0002865636   0.0003946123
   2.8434709280   0.0004049097  -0.0002852583   0.0004229579
   2.8470793936   0.0003860967  -0.0002965142   0.0004296376
   2.8506878592   0.0003450887  -0.0003126946   0.0004000466
   2.8542963249   0.0002936389  -0.0003250751   0.0003338688
   2.8579047905   0.0002475465  -0.0003277152   0.0002468449
   2.8615132562   0.0002187309  -0.0003198844   0.0001651105
   2.8651217218   0.0002104463  -0.0003058062   0.0001141922
   2.8687301875   0.0002176072  -0.0002919457   0.0001076743
   2.8723386531   0.0002309529  -0.0002833977   0.0001410687
   2.8759471188   0.0002419631  -0.0002813752   0.0001940512
   2.8795555844   0.0002459083  -0.0002830913   0.0002400850
   2.8831640500   0.0002423032  -0.0002839181   0.0002587229
   2.8867725157   0.0002336965  -0.0002804352   0.0002445610
   2.8903809813   0.0002241138  -0.0002725644   0.0002086113
   2.8939894470   0.0002177588  -0.0002636171   0.0001717596
   2.8975979126   0.0002178053  -0.0002583193   0.0001538640
   2.9012063783   0.0002250636  -0.0002599880   0.0001639506
   2.9048148439   0.0002368938  -0.0002684072   0.0001960237
   2.9084233096   0.0002471689  -0.0002794629   0.0002319516
   2.9120317752   0.0002477321  -0.0002865923   0.0002493921
   2.9156402408   0.0002307999  -0.0002831685   0.0002305521
   2.9192487065   0.0001909676  -0.0002645602   0.0001676283
   2.9228571721   0.0001256314  -0.0002289070   0.0000628053
   2.9264656378   0.0000337348  -0.0001764076  -0.0000764801
   2.9300741034  -0.0000860569  -0.0001077123  -0.0002440724
   2.9336825691  -0.0002362740  -0.0000224353  -0.0004398811
   2.9372910347  -0.0004199248   0.0000813195  -0.0006705366
   2.9408995004  -0.0006386850   0.0002061139  -0.0009458163
   2.9445079660  -0.0008913444   0.0003534446  -0.0012729366
   2.9481164316  -0.0011736165   0.0005220698  -0.0016518137
   2.9517248973  -0.0014793671   0.0007073499  -0.0020737341
   2.9553333629  -0.0018023010   0.0009020524  -0.0025239373
   2.9589418286  -0.0021369221   0.0010982974  -0.0029865006
   2.9625502942  -0.0024782396   0.0012896988  -0.0034487941
   2.9661587599  -0.0028206754   0.0014726281  -0.0039032437
   2.9697672255  -0.0031571721   0.0016459861  -0.0043458420
   2.9733756912  -0.0034792610   0.0018096689  -0.0047727318
   2.9769841568  -0.0037780958   0.0019626085  -0.0051771498
   2.9805926225  -0.0040457960   0.0021014822  -0.0055485806
   2.9842010881  -0.0042763385   0.0022208057  -0.0058745234
   2.9878095537  -0.0044656590   0.0023143803  -0.0061437518
   2.9914180194  -0.0046111710   0.0023773624  -0.0063491963
   2.9950264850  -0.0047111491   0.0024079217  -0.0064889189
   2.9986349507  -0.0047642776   0.0024076669  -0.0065647451
   3.0022434163  -0.0047693831   0.0023806126  -0.0065793428
   3.0058518820  -0.0047252749   0.0023311342  -0.0065333115
   3.0094603476  -0.0046307658   0.0022618254  -0.0064238635
   3.0130688133  -0.0044850910   0.0021722412  -0.0062459663
   3.0166772789  -0.0042887981   0.0020591507  -0.0059956173
   3.0202857445  -0.0040447420   0.0019182676  -0.0056737233
   3.0238942102  -0.0037584463   0.0017467308  -0.0052884360
   3.0275026758  -0.0034372138   0.0015451895  -0.0048542221
   3.0311111415  -0.0030880744   0.0013184542  -0.0043874430
   3.0347196071  -0.0027155236   0.0010743097  -0.0039001662
   3.0383280728  -0.0023203902   0.0008209863  -0.0033952671
   3.0419365384  -0.0019006914   0.0005644830  -0.0028656842
   3.0455450041  -0.0014542328   0.0003070410  -0.0022988406
   3.0491534697  -0.0009816868   0.0000474934  -0.0016845897
   3.0527619353  -0.0004885986  -0.0002167302  -0.0010230454
   3.0563704010   0.0000146310  -0.0004869767  -0.0003284607
   3.0599788666   0.0005146811  -0.0007613946   0.0003728855
   3.0635873323   0.0009982079  -0.0010344850   0.0010500029
   3.0671957979   0.0014544920  -0.0012982657   0.0016765080
   3.0708042636   0.0018769457  -0.0015444065   0.0022379376
   3.0744127292   0.0022631414  -0.0017663571   0.0027340982
   3.0780211949   0.0026135211  -0.0019606137   0.0031757422
   3.0816296605   0.0029292945  -0.0021267229   0.0035772165
   3.0852381261   0.0032102556  -0.0022661537   0.0039482218
   3.0888465918   0.0034533354  -0.0023805905   0.0042880039
   3.0924550574   0.0036525470  -0.0024703932   0.0045842423
   3.0960635231   0.0038004917  -0.0025339031   0.0048170620
   3.0996719887   0.0038909185  -0.0025679347   0.0049666040
   3.1032804544   0.0039212844  -0.0025692956   0.0050211417
   3.1068889200   0.0038941972  -0.0025366869   0.0049824020
   3.1104973857   0.0038171101  -0.0024721079   0.0048658055
   3.1141058513   0.0037004462  -0.0023810679   0.0046954645
   3.1177143169   0.0035550230  -0.0022714555   0.0044961103
   3.1213227826   0.0033898798  -0.0021515634   0.0042855259
   3.1249312482   0.0032113078  -0.0020281626   0.0040707821
   3.1285397139   0.0030232508  -0.0019054442   0.0038496676
   3.1321481795   0.0028286149  -0.0017851600   0.0036161555
   3.1357566452   0.0026306891  -0.0016676765   0.0033668895
   3.1393651108   0.0024339414  -0.0015532656   0.0031054633
   3.1429735765   0.0022438529  -0.0014429671   0.0028426814
   3.1465820421   0.0020659472  -0.0013386969   0.0025931299
   3.1501905077   0.0019045384  -0.0012427056   0.0023700574
   3.1537989734   0.0017617858  -0.0011567700   0.0021810055
   3.1574074390   0.0016374249  -0.0010815298   0.0020258930
   3.1610159047   0.0015291998  -0.0010162346   0.0018979649
   3.1646243703   0.0014337524  -0.0009589582   0.0017868866
   3.1682328360   0.0013476235  -0.0009071818   0.0016826553
   3.1718413016   0.0012680767  -0.0008585430   0.0015789233
   3.1754497673   0.0011935558  -0.0008115021   0.0014746157
   3.1790582329   0.0011236824  -0.0007656819   0.0013733132
   3.1826666985   0.0010588121  -0.0007217335   0.0012806835
   3.1862751642   0.0009993221  -0.0006807736   0.0012010928
   3.1898836298   0.0009449638  -0.0006436518   0.0011350033
   3.1934920955   0.0008946340  -0.0006104233   0.0010784759
   3.1971005611   0.0008467274  -0.0005803075   0.0010250465
   3.2007090268   0.0007998802  -0.0005521431   0.0009689457
   3.2043174924   0.0007536438  -0.0005250571   0.0009078753
   3.2079259581   0.0007086570  -0.0004989340   0.0008438441
   3.2115344237   0.0006662096  -0.0004744106   0.0007817441
   3.2151428894   0.0006274987  -0.0004524245   0.0007266380
   3.2187513550   0.0005930517  -0.0004336197   0.0006813399
   3.2223598206   0.0005626187  -0.0004179690   0.0006454702
   3.2259682863   0.0005354793  -0.0004047947   0.0006161624
   3.2295767519   0.0005108487  -0.0003931023   0.0005896942
   3.2331852176   0.0004881000  -0.0003819757   0.0005630549
   3.2367936832   0.0004667521  -0.0003708136   0.0005348036
   3.2404021489   0.0004463789  -0.0003593543   0.0005051293
   3.2440106145   0.0004266032  -0.0003475817   0.0004753639
   3.2476190802   0.0004071855  -0.0003356342   0.0004472393
   3.2512275458   0.0003880826  -0.0003237535   0.0004220910
   3.2548360114   0.0003693774  -0.0003122322   0.0004002106
   3.2584444771   0.0003511253  -0.0003013195   0.0003806107
   3.2620529427   0.0003332674  -0.0002911192   0.0003614149
   3.2656614084   0.0003157100  -0.0002815679   0.0003408020
   3.2692698740   0.0002985067  -0.0002725399   0.0003180480
   3.2728783397   0.0002819648  -0.0002640165   0.0002940326
   3.2764868053   0.0002665458  -0.0002561768   0.0002708277
   3.2800952710   0.0002526005  -0.0002493083   0.0002505525
   3.2837037366   0.0002401331  -0.0002435803   0.0002341861
   3.2873122022   0.0002287794  -0.0002388481   0.0002210850
   3.2909206679   0.0002180320  -0.0002346597   0.0002094979
   3.2945291335   0.0002075621  -0.0002304889   0.0001977100
   3.2981375992   0.0001974147  -0.0002260424   0.0001850509
   3.3017460648   0.0001879467  -0.0002214190   0.0001721322
   3.3053545305   0.0001795455  -0.0002170024   0.0001602318
   3.3089629961   0.0001723142  -0.0002131611   0.0001503063
   3.3125714618   0.0001659228  -0.0002099695   0.0001423075
   3.3161799274   0.0001597219  -0.0002071379   0.0001352031
   3.3197883930   0.0001530492  -0.0002041858   0.0001276027
   3.3233968587   0.0001455497  -0.0002007249   0.0001185272
   3.3270053243   0.0001373238  -0.0001966661   0.0001078574
   3.3306137900   0.0001288375  -0.0001922452   0.0000962892
   3.3342222556   0.0001206690  -0.0001878942   0.0000849382
   3.3378307213   0.0001132545  -0.0001840609   0.0000748665
   3.3414391869   0.0001067610  -0.0001810669   0.0000667194
   3.3450476526   0.0001011049  -0.0001790258   0.0000605173
   3.3486561182   0.0000960448  -0.0001778088   0.0000556073
   3.3522645838   0.0000912687  -0.0001770587   0.0000508248
   3.3558730495   0.0000864644  -0.0001762822   0.0000449286
   3.3594815151   0.0000814116  -0.0001750354   0.0000372297
   3.3630899808   0.0000761049  -0.0001731419   0.0000281130
   3.3666984464   0.0000708331  -0.0001708212   0.0000190626
   3.3703069121   0.0000661017  -0.0001686123   0.0000120092
   3.3739153777   0.0000623673  -0.0001670933   0.0000082540
   3.3775238434   0.0000597117  -0.0001665398   0.0000075818
   3.3811323090   0.0000576850  -0.0001667267   0.0000081614
   3.3847407746   0.0000554747  -0.0001670113   0.0000073902
   3.3883492403   0.0000523406  -0.0001666625   0.0000032493
   3.3919577059   0.0000480492  -0.0001652527  -0.0000046032
   3.3955661716   0.0000430187  -0.0001628891  -0.0000146225
   3.3991746372   0.0000380769  -0.0001601648  -0.0000241464
   3.4027831029   0.0000339977  -0.0001578684  -0.0000306931
   3.4063915685   0.0000311138  -0.0001566170  -0.0000331022
   3.4100000342   0.0000292224  -0.0001565946  -0.0000319989
   3.4136084998   0.0000277775  -0.0001574983  -0.0000294576
   3.4172169654   0.0000261907  -0.0001586903  -0.0000280987
   3.4208254311   0.0000240502  -0.0001594668  -0.0000300233
   3.4244338967   0.0000211969  -0.0001593345  -0.0000359713
   3.4280423624   0.0000177175  -0.0001582002  -0.0000449810
   3.4316508280   0.0000139282  -0.0001564158  -0.0000546867
   3.4352592937   0.0000103382  -0.0001546580  -0.0000622105
   3.4388677593   0.0000075190  -0.0001536692  -0.0000653719
   3.4424762250   0.0000058548  -0.0001539393  -0.0000637388
   3.4460846906   0.0000052809  -0.0001554543  -0.0000589991
   3.4496931563   0.0000052056  -0.0001576404  -0.0000543653
   3.4533016219   0.0000047397  -0.0001595656  -0.0000531769
   3.4569100875   0.0000031556  -0.0001603420  -0.0000573147
   3.4605185532   0.0000003061  -0.0001595509  -0.0000662137
   3.4641270188  -0.0000032700  -0.0001574767  -0.0000770167
   3.4677354845  -0.0000066415  -0.0001550103  -0.0000858458
   3.4713439501  -0.0000089944  -0.0001532522  -0.0000895946
   3.4749524158  -0.0000100433  -0.0001530054  -0.0000873735
   3.4785608814  -0.0000101150  -0.0001544107  -0.0000809204
   3.4821693471  -0.0000099071  -0.0001568990  -0.0000738140
   3.4857778127  -0.0000101186  -0.0001594688  -0.0000698883
   3.4893862783  -0.0000111754  -0.0001611370  -0.0000715862
   3.4929947440  -0.0000131448  -0.0001613498  -0.0000789535
   3.4966032096  -0.0000157869  -0.0001601869  -0.0000896512
   3.5002116753  -0.0000186513  -0.0001583042  -0.0000999316
   3.5038201409  -0.0000211827  -0.0001566627  -0.0001061633
   3.5074286066  -0.0000228721  -0.0001561543  -0.0001063158
   3.5110370722  -0.0000234654  -0.0001572498  -0.0001008359
   3.5146455379  -0.0000231455  -0.0001597895  -0.0000925552
   3.5182540035  -0.0000225396  -0.0001630069  -0.0000856064
   3.5218624691  -0.0000224711  -0.0001658080  -0.0000837201
   3.5254709348  -0.0000235452  -0.0001672237  -0.0000885791
   3.5290794004  -0.0000258045  -0.0001668514  -0.0000989624
   3.5326878661  -0.0000286805  -0.0001650717  -0.0001111372
   3.5362963317  -0.0000312845  -0.0001629088  -0.0001204139
   3.5399047974  -0.0000328685  -0.0001615798  -0.0001232121
   3.5435132630  -0.0000331816  -0.0001619418  -0.0001186975
   3.5471217287  -0.0000325425  -0.0001641072  -0.0001092089
   3.5507301943  -0.0000316321  -0.0001674093  -0.0000992578
   3.5543386599  -0.0000311658  -0.0001707188  -0.0000935571
   3.5579471256  -0.0000316208  -0.0001729439  -0.0000949835
   3.5615555912  -0.0000331035  -0.0001734818  -0.0001033729
   3.5651640569  -0.0000353516  -0.0001724404  -0.0001156389
   3.5687725225  -0.0000378283  -0.0001705679  -0.0001271008
   3.5723809882  -0.0000398886  -0.0001689455  -0.0001334232
   3.5759894538  -0.0000410026  -0.0001685685  -0.0001323695
   3.5795979195  -0.0000409827  -0.0001699609  -0.0001246980
   3.5832063851  -0.0000401100  -0.0001729596  -0.0001138778
   3.5868148507  -0.0000390609  -0.0001767512  -0.0001047333
   3.5904233164  -0.0000386269  -0.0001801722  -0.0001015143
   3.5940317820  -0.0000393465  -0.0001821763  -0.0001061255
   3.5976402477  -0.0000412391  -0.0001822857  -0.0001172405
   3.6012487133  -0.0000437868  -0.0001808225  -0.0001307304
   3.6048571790  -0.0000461738  -0.0001787985  -0.0001413164
   3.6084656446  -0.0000476574  -0.0001774912  -0.0001448016
   3.6120741103  -0.0000478883  -0.0001778911  -0.0001399220
   3.6156825759  -0.0000470430  -0.0001802701  -0.0001289645
   3.6192910415  -0.0000457293  -0.0001840676  -0.0001168324
   3.6228995072  -0.0000447267  -0.0001881383  -0.0001089519
   3.6265079728  -0.0000446715  -0.0001912430  -0.0001089490
   3.6301164385  -0.0000458081  -0.0001925619  -0.0001171270
   3.6337249041  -0.0000478965  -0.0001920173  -0.0001303820
   3.6373333698  -0.0000503124  -0.0001902870  -0.0001435458
   3.6409418354  -0.0000523024  -0.0001885209  -0.0001515352
   3.6445503011  -0.0000532933  -0.0001878844  -0.0001514035
   3.6481587667  -0.0000531228  -0.0001891039  -0.0001434876
   3.6517672323  -0.0000520964  -0.0001921847  -0.0001312458
   3.6553756980  -0.0000508529  -0.0001964014  -0.0001198852
   3.6589841636  -0.0000501047  -0.0002005707  -0.0001143103
   3.6625926293  -0.0000503619  -0.0002035109  -0.0001171636
   3.6662010949  -0.0000517415  -0.0002045176  -0.0001277132
   3.6698095606  -0.0000539215  -0.0002036668  -0.0001420584
   3.6734180262  -0.0000562528  -0.0002018087  -0.0001546389
   3.6770264919  -0.0000579987  -0.0002002374  -0.0001604967
   3.6806349575  -0.0000586287  -0.0002001599  -0.0001573739
   3.6842434232  -0.0000580558  -0.0002021848  -0.0001467294
   3.6878518888  -0.0000567024  -0.0002060568  -0.0001331859
   3.6914603544  -0.0000553388  -0.0002107571  -0.0001226042
   3.6950688201  -0.0000547473  -0.0002149316  -0.0001196139
   3.6986772857  -0.0000553689  -0.0002174580  -0.0001256801
   3.7022857514  -0.0000571121  -0.0002179055  -0.0001385349
   3.7058942170  -0.0000594177  -0.0002166968  -0.0001531767
   3.7095026827  -0.0000615304  -0.0002149185  -0.0001639564
   3.7131111483  -0.0000628268  -0.0002138733  -0.0001668484
   3.7167196140  -0.0000630410  -0.0002145650  -0.0001610024
   3.7203280796  -0.0000623184  -0.0002173158  -0.0001490160
   3.7239365452  -0.0000611235  -0.0002216507  -0.0001358877
   3.7275450109  -0.0000600698  -0.0002264839  -0.0001270751
   3.7311534765  -0.0000597281  -0.0002305340  -0.0001263792
   3.7347619422  -0.0000604390  -0.0002328212  -0.0001344338
   3.7383704078  -0.0000621680  -0.0002330592  -0.0001483866
   3.7419788735  -0.0000644684  -0.0002317879  -0.0001629526
   3.7455873391  -0.0000666141  -0.0002301762  -0.0001724943
   3.7491958048  -0.0000678927  -0.0002295584  -0.0001733293
   3.7528042704  -0.0000679376  -0.0002308856  -0.0001652994
   3.7564127360  -0.0000669228  -0.0002343261  -0.0001518947
   3.7600212017  -0.0000654952  -0.0002391917  -0.0001388318
   3.7636296673  -0.0000644704  -0.0002442261  -0.0001316803
   3.7672381330  -0.0000644563  -0.0002481279  -0.0001335647
   3.7708465986  -0.0000656038  -0.0002500798  -0.0001439222
   3.7744550643  -0.0000675930  -0.0002500620  -0.0001588061
   3.7780635299  -0.0000698185  -0.0002488362  -0.0001725426
   3.7816719956  -0.0000716472  -0.0002476255  -0.0001800074
   3.7852804612  -0.0000726297  -0.0002476341  -0.0001786015
   3.7888889268  -0.0000726167  -0.0002495929  -0.0001691978
   3.7924973925  -0.0000717893  -0.0002534925  -0.0001557589
   3.7961058581  -0.0000706167  -0.0002585903  -0.0001438081
   3.7997143238  -0.0000697292  -0.0002636871  -0.0001383206
   3.8033227894  -0.0000697057  -0.0002675794  -0.0001417977
   3.8069312551  -0.0000708271  -0.0002695264  -0.0001532477
   3.8105397207  -0.0000729128  -0.0002695535  -0.0001685032
   3.8141481864  -0.0000753536  -0.0002684610  -0.0001818163
   3.8177566520  -0.0000773620  -0.0002675183  -0.0001881481
   3.8213651176  -0.0000783297  -0.0002679553  -0.0001852310
   3.8249735833  -0.0000781069  -0.0002704621  -0.0001745262
   3.8285820489  -0.0000770584  -0.0002749076  -0.0001606433
   3.8321905146  -0.0000758766  -0.0002803992  -0.0001494545
   3.8357989802  -0.0000752670  -0.0002856517  -0.0001457066
   3.8394074459  -0.0000756661  -0.0002895050  -0.0001511362
   3.8430159115  -0.0000771063  -0.0002913743  -0.0001638442
   3.8466243772  -0.0000792474  -0.0002914608  -0.0001791266
   3.8502328428  -0.0000815245  -0.0002906539  -0.0001913663
   3.8538413084  -0.0000833445  -0.0002901808  -0.0001962061
   3.8574497741  -0.0000842776  -0.0002911408  -0.0001921801
   3.8610582397  -0.0000842059  -0.0002940974  -0.0001812275
   3.8646667054  -0.0000833862  -0.0002988685  -0.0001679355
   3.8682751710  -0.0000823852  -0.0003045921  -0.0001577994
   3.8718836367  -0.0000818816  -0.0003100459  -0.0001551312
   3.8754921023  -0.0000823934  -0.0003141102  -0.0001613858
   3.8791005680  -0.0000840447  -0.0003162034  -0.0001745538
   3.8827090336  -0.0000864891  -0.0003165195  -0.0001898996
   3.8863174992  -0.0000890409  -0.0003159635  -0.0002018021
   3.8899259649  -0.0000909628  -0.0003158017  -0.0002059900
   3.8935344305  -0.0000917770  -0.0003171612  -0.0002012613
   3.8971428962  -0.0000914620  -0.0003205816  -0.0001899657
   3.9007513618  -0.0000904512  -0.0003258040  -0.0001770413
   3.9043598275  -0.0000894504  -0.0003318811  -0.0001680145
   3.9079682931  -0.0000891605  -0.0003375595  -0.0001668009
   3.9115767588  -0.0000900224  -0.0003417725  -0.0001742038
   3.9151852244  -0.0000920703  -0.0003440474  -0.0001876798
   3.9187936901  -0.0000949305  -0.0003446717  -0.0002024034
   3.9224021557  -0.0000979513  -0.0003445674  -0.0002131633
   3.9260106213  -0.0001004143  -0.0003449329  -0.0002163459
   3.9296190870  -0.0001017656  -0.0003467919  -0.0002112769
   3.9332275526  -0.0001018024  -0.0003506142  -0.0002004563
   3.9368360183  -0.0001007579  -0.0003561419  -0.0001886164
   3.9404444839  -0.0000992482  -0.0003624820  -0.0001809384
   3.9440529496  -0.0000980837  -0.0003684363  -0.0001810649
   3.9476614152  -0.0000979979  -0.0003729538  -0.0001896486
   3.9512698809  -0.0000993910  -0.0003755408  -0.0002040207
   3.9548783465  -0.0001021922  -0.0003764679  -0.0002191614
   3.9584868121  -0.0001058990  -0.0003766808  -0.0002296412
   3.9620952778  -0.0001097757  -0.0003774364  -0.0002317785
   3.9657037434  -0.0001131142  -0.0003798062  -0.0002251365
   3.9693122091  -0.0001154400  -0.0003842465  -0.0002127382
   3.9729206747  -0.0001165864  -0.0003904174  -0.0001999093
   3.9765291404  -0.0001166428  -0.0003973229  -0.0001922312
   3.9801376060  -0.0001158474  -0.0004037069  -0.0001934274
   3.9837460717  -0.0001145053  -0.0004085380  -0.0002039916
   3.9873545373  -0.0001129695  -0.0004113903  -0.0002210311
   3.9909630029  -0.0001116603  -0.0004125842  -0.0002393204
   3.9945714686  -0.0001110730  -0.0004130554  -0.0002531430
   3.9981799342  -0.0001117354  -0.0004140125  -0.0002582651
   4.0017883999  -0.0001141142  -0.0004165110  -0.0002533834
   4.0053968655  -0.0001184899  -0.0004210825  -0.0002405750
   4.0090053312  -0.0001248207  -0.0004275416  -0.0002245994
   4.0126137968  -0.0001326132  -0.0004350411  -0.0002112810
   4.0162222625  -0.0001408348  -0.0004423675  -0.0002055271
   4.0198307281  -0.0001479434  -0.0004483844  -0.0002096957
   4.0234391937  -0.0001521198  -0.0004524584  -0.0002229101
   4.0270476594  -0.0001517376  -0.0004546963  -0.0002415587
   4.0306561250  -0.0001459830  -0.0004558891  -0.0002607297
   4.0342645907  -0.0001354145  -0.0004571818  -0.0002759617
   4.0378730563  -0.0001222038  -0.0004596158  -0.0002845979
   4.0414815220  -0.0001098767  -0.0004637381  -0.0002862710
   4.0450899876  -0.0001025507  -0.0004694377  -0.0002824657
   4.0486984533  -0.0001038488  -0.0004760546  -0.0002755085
   4.0523069189  -0.0001157854  -0.0004826902  -0.0002675173
   4.0559153845  -0.0001379327  -0.0004885767  -0.0002597738
   4.0595238502  -0.0001671075  -0.0004933642  -0.0002527251
   4.0631323158  -0.0001977175  -0.0004972309  -0.0002465212
   4.0667407815  -0.0002227829  -0.0005007898  -0.0002417656
   4.0703492471  -0.0002355022  -0.0005048275  -0.0002400650
   4.0739577128  -0.0002310581  -0.0005099593  -0.0002440143
   4.0775661784  -0.0002082138  -0.0005163227  -0.0002564520
   4.0811746441  -0.0001702076  -0.0005234381  -0.0002791201
   4.0847831097  -0.0001245801  -0.0005303211  -0.0003111814
   4.0883915753  -0.0000818443  -0.0005358416  -0.0003482548
   4.0920000410  -0.0000532455  -0.0005392074  -0.0003825889
   4.0956085066  -0.0000481219  -0.0005403754  -0.0004046512
   4.0992169723  -0.0000714872  -0.0005402033  -0.0004058687
   4.1028254379  -0.0001224059  -0.0005402546  -0.0003817200
   4.1064339036  -0.0001935665  -0.0005423147  -0.0003341054
   4.1100423692  -0.0002722346  -0.0005477933  -0.0002720464
   4.1136508349  -0.0003425111  -0.0005572237  -0.0002102564
   4.1172593005  -0.0003885445  -0.0005700227  -0.0001658037
   4.1208677661  -0.0003980838  -0.0005845792  -0.0001537004
   4.1244762318  -0.0003655898  -0.0005986389  -0.0001826131
   4.1280846974  -0.0002941269  -0.0006098797  -0.0002519038
   4.1316931631  -0.0001954868  -0.0006165299  -0.0003508972
   4.1353016287  -0.0000883857  -0.0006178677  -0.0004607100
   4.1389100944   0.0000049707  -0.0006144601  -0.0005583112
   4.1425185600   0.0000632886  -0.0006080601  -0.0006218626
   4.1461270257   0.0000706751  -0.0006011835  -0.0006359982
   4.1497354913   0.0000202989  -0.0005964886  -0.0005956699
   4.1533439570  -0.0000835653  -0.0005961513  -0.0005075577
   4.1569524226  -0.0002256287  -0.0006014153  -0.0003887152
   4.1605608882  -0.0003819497  -0.0006124165  -0.0002628710
   4.1641693539  -0.0005242267  -0.0006282692  -0.0001553944
   4.1677778195  -0.0006252303  -0.0006473208  -0.0000881713
   4.1713862852  -0.0006642654  -0.0006674669  -0.0000755117
   4.1749947508  -0.0006314896  -0.0006864501  -0.0001218144
   4.1786032165  -0.0005301429  -0.0007021269  -0.0002212288
   4.1822116821  -0.0003762093  -0.0007127120  -0.0003591262
   4.1858201478  -0.0001955933  -0.0007170134  -0.0005148976
   4.1894286134  -0.0000194157  -0.0007146432  -0.0006654567
   4.1930370790   0.0001216033  -0.0007061699  -0.0007888168
   4.1966455447   0.0002025588  -0.0006931696  -0.0008672069
   4.2002540103   0.0002085379  -0.0006781360  -0.0008893601
   4.2038624760   0.0001368143  -0.0006642212  -0.0008518023
   4.2074709416  -0.0000032447  -0.0006547988  -0.0007591347
   4.2110794073  -0.0001923576  -0.0006528804  -0.0006233987
   4.2146878729  -0.0004049600  -0.0006604732  -0.0004626370
   4.2182963386  -0.0006134052  -0.0006780291  -0.0002987649
   4.2219048042  -0.0007918606  -0.0007041569  -0.0001549038
   4.2255132698  -0.0009192652  -0.0007357312  -0.0000524274
   4.2291217355  -0.0009810890  -0.0007684228  -0.0000080972
   4.2327302011  -0.0009699969  -0.0007975436  -0.0000317411
   4.2363386668  -0.0008857624  -0.0008189883  -0.0001248804
   4.2399471324  -0.0007348320  -0.0008300256  -0.0002805238
   4.2435555981  -0.0005298356  -0.0008297442  -0.0004840945
   4.2471640637  -0.0002891213  -0.0008190681  -0.0007152233
   4.2507725294  -0.0000361610  -0.0008003825  -0.0009500339
   4.2543809950   0.0002014893  -0.0007769088  -0.0011635629
   4.2579894606   0.0003940253  -0.0007520149  -0.0013320780
   4.2615979263   0.0005122342  -0.0007286453  -0.0014351928
   4.2652063919   0.0005312603  -0.0007090032  -0.0014577681
   4.2688148576   0.0004348509  -0.0006945302  -0.0013916135
   4.2724233232   0.0002193084  -0.0006861255  -0.0012369485
   4.2760317889  -0.0001037902  -0.0006844577  -0.0010034825
   4.2796402545  -0.0005069613  -0.0006901834  -0.0007108463
   4.2832487202  -0.0009487848  -0.0007039251  -0.0003880215
   4.2868571858  -0.0013784631  -0.0007259642  -0.0000714192
   4.2904656514  -0.0017423793  -0.0007557459   0.0001985737
   4.2940741171  -0.0019915930  -0.0007913909   0.0003824271
   4.2976825827  -0.0020889678  -0.0008294437   0.0004470999
   4.3012910484  -0.0020146688  -0.0008650192   0.0003715031
   4.3048995140  -0.0017690922  -0.0008923859   0.0001506584
   4.3085079797  -0.0013728022  -0.0009058790  -0.0002024431
   4.3121164453  -0.0008636472  -0.0009009341  -0.0006578175
   4.3157249110  -0.0002917569  -0.0008749847  -0.0011721935
   4.3193333766   0.0002865211  -0.0008280006  -0.0016946954
   4.3229418422   0.0008145788  -0.0007625248  -0.0021733036
   4.3265503079   0.0012403909  -0.0006831975  -0.0025607407
   4.3301587735   0.0015195993  -0.0005958830  -0.0028186255
   4.3337672392   0.0016166680  -0.0005066278  -0.0029192000
   4.3373757048   0.0015043880  -0.0004207245  -0.0028445677
   4.3409841705   0.0011623372  -0.0003421192  -0.0025840170
   4.3445926361   0.0005750390  -0.0002732914  -0.0021304909
   4.3482011018  -0.0002694872  -0.0002155792  -0.0014774503
   4.3518095674  -0.0013802812  -0.0001697854  -0.0006172191
   4.3554180330  -0.0027628701  -0.0001368284   0.0004585907
   4.3590264987  -0.0044176202  -0.0001182133   0.0017566215
   4.3626349643  -0.0063373136  -0.0001161784   0.0032779429
   4.3662434300  -0.0085044408  -0.0001334898   0.0050139082
   4.3698518956  -0.0108887930  -0.0001729518   0.0069428062
   4.3734603613  -0.0134459397  -0.0002367730   0.0090281836
   4.3770688269  -0.0161170603  -0.0003259434   0.0112192753
   4.3806772926  -0.0188304102  -0.0004397657   0.0134535063
   4.3842857582  -0.0215044524  -0.0005756362   0.0156606282
   4.3878942238  -0.0240524347  -0.0007291085   0.0177678039
   4.3915026895  -0.0263879608  -0.0008942056   0.0197048741
   4.3951111551  -0.0284309316  -0.0010638967   0.0214091024
   4.3987196208  -0.0301131268  -0.0012306345   0.0228288821
   4.4023280864  -0.0313827000  -0.0013868678   0.0239261163
   4.4059365521  -0.0322069737  -0.0015254857   0.0246772222
   4.4095450177  -0.0325731543  -0.0016401899   0.0250728694
   4.4131534834  -0.0324869122  -0.0017258072   0.0251166491
   4.4167619490  -0.0319691175  -0.0017785414   0.0248228802
   4.4203704147  -0.0310513174  -0.0017961360   0.0242137606
   4.4239788803  -0.0297707169  -0.0017778997   0.0233161118
   4.4275873459  -0.0281654434  -0.0017245570   0.0221580486
   4.4311958116  -0.0262707567  -0.0016379228   0.0207660008
   4.4348042772  -0.0241166287  -0.0015204458   0.0191625271
   4.4384127429  -0.0217268440  -0.0013747043   0.0173652664
   4.4420212085  -0.0191195018  -0.0012029514   0.0153871516
   4.4456296742  -0.0163085977  -0.0010067958   0.0132377445
   4.4492381398  -0.0133062697  -0.0007870719   0.0109253323
   4.4528466055  -0.0101253019  -0.0005439125   0.0084593161
   4.4564550711  -0.0067815764  -0.0002769911   0.0058524415
   4.4600635367  -0.0032962892   0.0000141376   0.0031225480
   4.4636720024   0.0003021640   0.0003296912   0.0002936788
   4.4672804680   0.0039767036   0.0006693903  -0.0026034443
   4.4708889337   0.0076806049   0.0010323115  -0.0055314570
   4.4744973993   0.0113572628   0.0014168497  -0.0084467325
   4.4781058650   0.0149409276   0.0018207304  -0.0112999840
   4.4817143306   0.0183586256   0.0022409920  -0.0140370939
   4.4853227963   0.0215333335   0.0026738876  -0.0166003269
   4.4889312619   0.0243882551   0.0031147139  -0.0189301836
   4.4925397275   0.0268517917   0.0035576417  -0.0209681172
   4.4961481932   0.0288625948   0.0039956585  -0.0226601314
   4.4997566588   0.0303739934   0.0044207332  -0.0239609660
   4.5033651245   0.0313571563   0.0048242585  -0.0248382637
   4.5069735901   0.0318025764   0.0051977501  -0.0252759478
   4.5105820558   0.0317197925   0.0055336978  -0.0252761001
   4.5141905214   0.0311356095   0.0058263995  -0.0248589049
   4.5177989871   0.0300913367   0.0060725905  -0.0240606380
   4.5214074527   0.0286396610   0.0062717096  -0.0229300934
   4.5250159183   0.0268416852   0.0064257217  -0.0215241447
   4.5286243840   0.0247644335   0.0065385330  -0.0199032592
   4.5322328496   0.0224788383   0.0066151434  -0.0181277028
   4.5358413153   0.0200579780   0.0066607616  -0.0162549127
   4.5394497809   0.0175752136   0.0066801160  -0.0143381408
   4.5430582466   0.0151019181   0.0066771294  -0.0124260954
   4.5466667122   0.0127046929   0.0066550076  -0.0105630346
   4.5502751779   0.0104422452   0.0066166539  -0.0087887085
   4.5538836435   0.0083623692   0.0065652207  -0.0071377249
   4.5574921091   0.0064996199   0.0065045662  -0.0056382669
   4.5611005748   0.0048742248   0.0064394269  -0.0043104747
   4.5647090404   0.0034925487   0.0063752093  -0.0031650616
   4.5683175061   0.0023490643   0.0063174356  -0.0022027597
   4.5719259717   0.0014294169   0.0062709916  -0.0014149793
   4.5755344374   0.0007139050   0.0062393958  -0.0007857050
   4.5791429030   0.0001806351   0.0062243104  -0.0002942787
   4.5827513687  -0.0001922475   0.0062254431   0.0000815347
   4.5863598343  -0.0004255360   0.0062408743   0.0003628757
   4.5899682999  -0.0005390470   0.0062677103   0.0005680557
   4.5935767656  -0.0005523739   0.0063028635   0.0007120221
   4.5971852312  -0.0004856882   0.0063437242   0.0008069263
   4.6007936969  -0.0003599970   0.0063885330   0.0008633799
   4.6044021625  -0.0001965079   0.0064363626   0.0008917919
   4.6080106282  -0.0000151247   0.0064867576   0.0009031982
   4.6116190938   0.0001675259   0.0065391871   0.0009092225
   4.6152275595   0.0003399015   0.0065925306   0.0009211630
   4.6188360251   0.0004965375   0.0066447937   0.0009485616
   4.6224444907   0.0006378131   0.0066931703   0.0009978199
   4.6260529564   0.0007684598   0.0067344422   0.0010714130
   4.6296614220   0.0008951882   0.0067655892   0.0011680187
   4.6332698877   0.0010240961   0.0067844086   0.0012835387
   4.6368783533   0.0011585864   0.0067899386   0.0014126691
   4.6404868190   0.0012983655   0.0067825392   0.0015505121
   4.6440952846   0.0014397504   0.0067635972   0.0016937377
   4.6477037503   0.0015771096   0.0067349382   0.0018409918
   4.6513122159   0.0017049164   0.0066981222   0.0019925186
   4.6549206816   0.0018197186   0.0066538309   0.0021492273
   4.6585291472   0.0019213748   0.0066015259   0.0023116124
   4.6621376128   0.0020131723   0.0065394688   0.0024789681
   4.6657460785   0.0021008281   0.0064650823   0.0026492167
   4.6693545441   0.0021907488   0.0063755277   0.0028194288
   4.6729630098   0.0022881621   0.0062683142   0.0029868287
   4.6765714754   0.0023957364   0.0061417623   0.0031498616
   4.6801799411   0.0025131000   0.0059952006   0.0033088496
   4.6837884067   0.0026373347   0.0058288750   0.0034659087
   4.6873968724   0.0027641840   0.0056436418   0.0036240930
   4.6910053380   0.0028895015   0.0054405741   0.0037860561
   4.6946138036   0.0030104301   0.0052206186   0.0039527308
   4.6982222693   0.0031259416   0.0049843984   0.0041225418
   4.7018307349   0.0032366189   0.0047321925   0.0042914794
   4.7054392006   0.0033438352   0.0044640537   0.0044540489
   4.7090476662   0.0034486946   0.0041799861   0.0046048044
   4.7126561319   0.0035511728   0.0038800942   0.0047399653
   4.7162645975   0.0036498095   0.0035646363   0.0048585783
   4.7198730632   0.0037420870   0.0032339706   0.0049628207
   4.7234815288   0.0038253506   0.0028884297   0.0050573046
   4.7270899944   0.0038978975   0.0025282023   0.0051475623
   4.7306984601   0.0039597763   0.0021533049   0.0052381725
   4.7343069257   0.0040129358   0.0017636942   0.0053311352
   4.7379153914   0.0040606108   0.0013595070   0.0054250460
   4.7415238570   0.0041061304   0.0009413520   0.0055153686
   4.7451323227   0.0041515637   0.0005105378   0.0055957260
   4.7487407883   0.0041966940   0.0000691325   0.0056597725
   4.7523492540   0.0042387086  -0.0003801959   0.0057030052
   4.7559577196   0.0042727504  -0.0008345317   0.0057239094
   4.7595661852   0.0042931889  -0.0012911560   0.0057240855
   4.7631746509   0.0042952228  -0.0017479489   0.0057073735
   4.7667831165   0.0042763030  -0.0022036216   0.0056783227
   4.7703915822   0.0042369043  -0.0026577017   0.0056405569
   4.7740000478   0.0041803748  -0.0031102658   0.0055955783
   4.7776085135   0.0041118892  -0.0035614963   0.0055423890
   4.7812169791   0.0040368435  -0.0040111912   0.0054780218
   4.7848254448   0.0039592260  -0.0044583802   0.0053987732
   4.7884339104   0.0038805157  -0.0049011710   0.0053016926
   4.7920423760   0.0037994733  -0.0053368780   0.0051857936
   4.7956508417   0.0037128632  -0.0057623911   0.0050525417
   4.7992593073   0.0036168164  -0.0061746596   0.0049054346
   4.8028677730   0.0035083238  -0.0065711281   0.0047488244
   4.8064762386   0.0033863295  -0.0069499831   0.0045864241
   4.8100847043   0.0032520618  -0.0073101459   0.0044200602
   4.8136931699   0.0031085261  -0.0076510380   0.0042491374
   4.8173016356   0.0029593786  -0.0079722294   0.0040710043
   4.8209101012   0.0028076063  -0.0082731101   0.0038820716
   4.8245185668   0.0026544926  -0.0085527090   0.0036792713
   4.8281270325   0.0024992404  -0.0088097233   0.0034613409
   4.8317354981   0.0023393933  -0.0090427442   0.0032295012
   4.8353439638   0.0021719125  -0.0092505920   0.0029873136
   4.8389524294   0.0019945271  -0.0094326355   0.0027397768
   4.8425608951   0.0018068666  -0.0095889702   0.0024919653
   4.8461693607   0.0016109526  -0.0097203749   0.0022476581
   4.8497778264   0.0014108557  -0.0098280464   0.0020084122
   4.8533862920   0.0012116257  -0.0099131926   0.0017733900
   4.8569947576   0.0010178718  -0.0099766233   0.0015399992
   4.8606032233   0.0008324867  -0.0100184872   0.0013051187
   4.8642116889   0.0006559508  -0.0100382526   0.0010664731
   4.8678201546   0.0004864364  -0.0100349456   0.0008236693
   4.8714286202   0.0003206563  -0.0100075661   0.0005785355
   4.8750370859   0.0001551564  -0.0099555410   0.0003346663
   4.8786455515  -0.0000123808  -0.0098790627   0.0000963645
   4.8822540172  -0.0001822481  -0.0097792039  -0.0001326302
   4.8858624828  -0.0003525270  -0.0096577777  -0.0003501788
   4.8894709485  -0.0005196598  -0.0095169951  -0.0005562133
   4.8930794141  -0.0006795905  -0.0093590348  -0.0007525045
   4.8966878797  -0.0008290885  -0.0091856669  -0.0009418354
   4.9002963454  -0.0009667955  -0.0089980501  -0.0011268704
   4.9039048110  -0.0010936244  -0.0087967640  -0.0013091039
   4.9075132767  -0.0012123628  -0.0085820596  -0.0014882400
   4.9111217423  -0.0013266150  -0.0083542343  -0.0016622109
   4.9147302080  -0.0014394591  -0.0081139952  -0.0018278280
   4.9183386736  -0.0015522970  -0.0078626756  -0.0019818387
   4.9219471393  -0.0016643014  -0.0076022198  -0.0021220158
   4.9255556049  -0.0017726511  -0.0073349363  -0.0022478942
   4.9291640705  -0.0018734674  -0.0070631036  -0.0023608949
   4.9327725362  -0.0019631269  -0.0067885663  -0.0024638008
   4.9363810018  -0.0020394993  -0.0065124631  -0.0025597816
   4.9399894675  -0.0021026878  -0.0062351807  -0.0026513194
   4.9435979331  -0.0021550130  -0.0059565453  -0.0027394082
   4.9472063988  -0.0022002360  -0.0056761860  -0.0028232903
   4.9508148644  -0.0022422804  -0.0053939434  -0.0029007996
   4.9544233301  -0.0022838941  -0.0051101908  -0.0029691729
   4.9580317957  -0.0023257266  -0.0048259603  -0.0030260471
   4.9616402613  -0.0023661584  -0.0045428377  -0.0030703059
   4.9652487270  -0.0024019539  -0.0042626593  -0.0031025007
   4.9688571926  -0.0024295045  -0.0039871130  -0.0031247132
   4.9724656583  -0.0024462109  -0.0037173780  -0.0031399120
   4.9760741239  -0.0024515007  -0.0034539281  -0.0031510254
   4.9796825896  -0.0024471152  -0.0031965673  -0.0031600461
   4.9832910552  -0.0024365681  -0.0029446864  -0.0031674748
   4.9868995209  -0.0024239797  -0.0026976494  -0.0031722919
   4.9905079865  -0.0024127086  -0.0024551694  -0.0031724573
   4.9941164521  -0.0024042648  -0.0022175382  -0.0031657536
   4.9977249178  -0.0023978814  -0.0019856301  -0.0031506678
   5.0013333834  -0.0023908845  -0.0017606814  -0.0031270037
   5.0049418491  -0.0023797234  -0.0015439302  -0.0030960216
   5.0085503147  -0.0023612941  -0.0013362434  -0.0030600772
   5.0121587804  -0.0023340919  -0.0011378619  -0.0030219009
   5.0157672460  -0.0022987905  -0.0009483460  -0.0029837738
   5.0193757117  -0.0022580509  -0.0007667395  -0.0029468732
   5.0229841773  -0.0022156330  -0.0005918951  -0.0029109939
   5.0265926429  -0.0021751339  -0.0004228547  -0.0028747230
   5.0302011086  -0.0021387995  -0.0002591574  -0.0028360042
   5.0338095742  -0.0021068283  -0.0001009713  -0.0027929019
   5.0374180399  -0.0020774008   0.0000509965  -0.0027443181
   5.0410265055  -0.0020474074   0.0001957815  -0.0026904241
   5.0446349712  -0.0020136040   0.0003325348  -0.0026326618
   5.0482434368  -0.0019737843   0.0004608542  -0.0025733117
   5.0518519025  -0.0019275677   0.0005809567  -0.0025147757
   5.0554603681  -0.0018765434   0.0006936323  -0.0024588211
   5.0590688337  -0.0018237425   0.0008000032  -0.0024060473
   5.0626772994  -0.0017726290   0.0009011783  -0.0023557561
   5.0662857650  -0.0017259578   0.0009979268  -0.0023062594
   5.0698942307  -0.0016848812   0.0010904808  -0.0022555097
   5.0735026963  -0.0016485992   0.0011785268  -0.0022018350
   5.0771111620  -0.0016146676   0.0012613825  -0.0021445317
   5.0807196276  -0.0015798598   0.0013382943  -0.0020841277
   5.0843280933  -0.0015412955   0.0014087556  -0.0020222343
   5.0879365589  -0.0014974526   0.0014727407  -0.0019610387
   5.0915450245  -0.0014487147   0.0015307746  -0.0019025996
   5.0951534902  -0.0013972625   0.0015838163  -0.0018481770
   5.0987619558  -0.0013463411   0.0016329894  -0.0017978208
   5.1023704215  -0.0012991567   0.0016792558  -0.0017503660
   5.1059788871  -0.0012577841   0.0017231444  -0.0017038453
   5.1095873528  -0.0012224648   0.0017646328  -0.0016561857
   5.1131958184  -0.0011915377   0.0018032230  -0.0016059447
   5.1168042841  -0.0011620230   0.0018381799  -0.0015528265
   5.1204127497  -0.0011306594   0.0018688454  -0.0014977914
   5.1240212154  -0.0010950389   0.0018949133  -0.0014427247
   5.1276296810  -0.0010544515   0.0019165740  -0.0013897863
   5.1312381466  -0.0010101487   0.0019344842  -0.0013406749
   5.1348466123  -0.0009649270   0.0019495803  -0.0012960608
   5.1384550779  -0.0009221658   0.0019628043  -0.0012553770
   5.1420635436  -0.0008846460   0.0019748327  -0.0012170305
   5.1456720092  -0.0008535657   0.0019858980  -0.0011789553
   5.1492804749  -0.0008281065   0.0019957592  -0.0011393199
   5.1528889405  -0.0008057182   0.0020038300  -0.0010971524
   5.1564974062  -0.0007830254   0.0020094243  -0.0010526726
   5.1601058718  -0.0007570311   0.0020120339  -0.0010072177
   5.1637143374  -0.0007261803   0.0020115424  -0.0009627805
   5.1673228031  -0.0006908997   0.0020082978  -0.0009213180
   5.1709312687  -0.0006534251   0.0020030185  -0.0008840701
   5.1745397344  -0.0006169912   0.0019965682  -0.0008511309
   5.1781482000  -0.0005846805   0.0019896847  -0.0008214240
   5.1817566657  -0.0005583453   0.0019827610  -0.0007930880
   5.1853651313  -0.0005379752   0.0019757533  -0.0007641283
   5.1889735970  -0.0005217234   0.0019682401  -0.0007331002
   5.1925820626  -0.0005065710   0.0019596040  -0.0006995868
   5.1961905282  -0.0004893926   0.0019492672  -0.0006643138
   5.1997989939  -0.0004680454   0.0019369038  -0.0006288786
   5.2034074595  -0.0004421027   0.0019225624  -0.0005951952
   5.2070159252  -0.0004129733   0.0019066636  -0.0005648479
   5.2106243908  -0.0003833730   0.0018898751  -0.0005385625
   5.2142328565  -0.0003563446   0.0018729056  -0.0005159663
   5.2178413221  -0.0003341836   0.0018562837  -0.0004957113
   5.2214497878  -0.0003176545   0.0018401979  -0.0004759232
   5.2250582534  -0.0003057661   0.0018244548  -0.0004548301
   5.2286667190  -0.0002961623   0.0018085695  -0.0004313612
   5.2322751847  -0.0002859676   0.0017919562  -0.0004055096
   5.2358836503  -0.0002727763   0.0017741464  -0.0003783296
   5.2394921160  -0.0002554445   0.0017549578  -0.0003515663
   5.2431005816  -0.0002344294   0.0017345553  -0.0003270468
   5.2467090473  -0.0002115863   0.0017133943  -0.0003060485
   5.2503175129  -0.0001895089   0.0016920714  -0.0002888633
   5.2539259786  -0.0001706442   0.0016711392  -0.0002747043
   5.2575344442  -0.0001564757   0.0016509424  -0.0002619782
   5.2611429098  -0.0001470428   0.0016315235  -0.0002488222
   5.2647513755  -0.0001409480   0.0016126217  -0.0002337261
   5.2683598411  -0.0001358470   0.0015937655  -0.0002160323
   5.2719683068  -0.0001292479   0.0015744338  -0.0001961546
   5.2755767724  -0.0001193484   0.0015542354  -0.0001754398
   5.2791852381  -0.0001056247   0.0015330496  -0.0001557132
   5.2827937037  -0.0000889786   0.0015110763  -0.0001386513
   5.2864021694  -0.0000714037   0.0014887759  -0.0001251949
   5.2900106350  -0.0000552956   0.0014667166  -0.0001152080
   5.2936191006  -0.0000426456   0.0014453861  -0.0001075130
   5.2972275663  -0.0000343844   0.0014250330  -0.0001002975
   5.3008360319  -0.0000300869   0.0014055935  -0.0000917484
   5.3044444976  -0.0000281247   0.0013867239  -0.0000806844
   5.3080529632  -0.0000262137   0.0013679227  -0.0000669581
   5.3116614289  -0.0000221747   0.0013486996  -0.0000514886
   5.3152698945  -0.0000146605   0.0013287376  -0.0000359221
   5.3188783602  -0.0000036064   0.0013080000  -0.0000220493
   5.3224868258   0.0000097510   0.0012867486  -0.0000111884
   5.3260952914   0.0000233007   0.0012654661  -0.0000037397
   5.3297037571   0.0000347860   0.0012447016   0.0000009410
   5.3333122227   0.0000425846   0.0012248874   0.0000043157
   5.3369206884   0.0000462637   0.0012061890   0.0000081619
   5.3405291540   0.0000467166   0.0011884439   0.0000139660
   5.3441376197   0.0000458379   0.0011712166   0.0000224176
   5.3477460853   0.0000458598   0.0011539513   0.0000331808
   5.3513545510   0.0000485878   0.0011361688   0.0000450247
   5.3549630166   0.0000548017   0.0011176343   0.0000562662
   5.3585714823   0.0000640181   0.0010984375   0.0000653641
   5.3621799479   0.0000746843   0.0010789592   0.0000714526
   5.3657884135   0.0000847245   0.0010597401   0.0000746232
   5.3693968792   0.0000922499   0.0010412985   0.0000758668
   5.3730053448   0.0000961903   0.0010239584   0.0000767110
   5.3766138105   0.0000966396   0.0010077422   0.0000786909
   5.3802222761   0.0000948018   0.0009923616   0.0000828413
   5.3838307418   0.0000925609   0.0009773123   0.0000893749
   5.3874392074   0.0000918306   0.0009620425   0.0000976419
   5.3910476731   0.0000939114   0.0009461436   0.0001063689
   5.3946561387   0.0000990769   0.0009294948   0.0001140927
   5.3982646043   0.0001065231   0.0009123104   0.0001196437
   5.4018730700   0.0001146792   0.0008950677   0.0001225251
