   0.0000000000   0.0000000000   0.0000000000   0.0000000000
   0.0144338626   0.0000000000   0.0000000000   0.0000000000
   0.0288677252  -0.0000000000  -0.0000000000  -0.0000000000
   0.0433015877  -0.0000000000  -0.0000000000  -0.0000000000
   0.0577354503  -0.0000000000  -0.0000000000  -0.0000000000
   0.0721693129  -0.0000000000  -0.0000000000  -0.0000000000
   0.0866031755  -0.0000000000  -0.0000000000  -0.0000000000
   0.1010370380  -0.0000000000  -0.0000000000  -0.0000000000
   0.1154709006  -0.0000000000  -0.0000000001  -0.0000000000
   0.1299047632  -0.0000000001  -0.0000000002  -0.0000000001
   0.1443386258  -0.0000000001  -0.0000000002  -0.0000000001
   0.1587724884  -0.0000000000   0.0000000001  -0.0000000000
   0.1732063509   0.0000000002   0.0000000008   0.0000000002
   0.1876402135  -0.0000000001   0.0000000009  -0.0000000001
   0.2020740761  -0.0000000018  -0.0000000016  -0.0000000018
   0.2165079387  -0.0000000028  -0.0000000056  -0.0000000028
   0.2309418013   0.0000000050  -0.0000000024   0.0000000050
   0.2453756638   0.0000000266   0.0000000174   0.0000000266
   0.2598095264   0.0000000324   0.0000000353   0.0000000324
   0.2742433890  -0.0000000618  -0.0000000126  -0.0000000618
   0.2886772516  -0.0000002990  -0.0000001652  -0.0000002990
   0.3031111141  -0.0000004201  -0.0000002559  -0.0000004201
   0.3175449767   0.0000002930   0.0000001527   0.0000002930
   0.3319788393   0.0000024030   0.0000012716   0.0000024030
   0.3464127019   0.0000045664   0.0000019623   0.0000045664
   0.3608465645   0.0000020208  -0.0000007582   0.0000020208
   0.3752804270  -0.0000110477  -0.0000091164  -0.0000110477
   0.3897142896  -0.0000322903  -0.0000179279  -0.0000322903
   0.4041481522  -0.0000394057  -0.0000089384  -0.0000394057
   0.4185820148   0.0000084105   0.0000416672   0.0000084105
   0.4330158774   0.0001364931   0.0001321830   0.0001364931
   0.4474497399   0.0002896368   0.0001904410   0.0002896368
   0.4618836025   0.0002828942   0.0000577854   0.0002828942
   0.4763174651  -0.0001464620  -0.0004376982  -0.0001464620
   0.4907513277  -0.0011236981  -0.0012926133  -0.0011236981
   0.5051851902  -0.0023089640  -0.0020907748  -0.0023089640
   0.5196190528  -0.0026596429  -0.0018813695  -0.0026596429
   0.5340529154  -0.0005483732   0.0006504678  -0.0005483732
   0.5484867780   0.0056333454   0.0066734762   0.0056333454
   0.5629206406   0.0165638439   0.0165343048   0.0165638439
   0.5773545031   0.0312351008   0.0292552410   0.0312351008
   0.5917883657   0.0468415450   0.0425187286   0.0468415450
   0.6062222283   0.0594997771   0.0532257958   0.0594997771
   0.6206560909   0.0655306545   0.0584298700   0.0655306545
   0.6350899535   0.0627364387   0.0562799793   0.0627364387
   0.6495238160   0.0511468682   0.0466346963   0.0511468682
   0.6639576786   0.0330110802   0.0311671310   0.0330110802
   0.6783915412   0.0121357675   0.0129557349   0.0121357675
   0.6928254038  -0.0071616886  -0.0043141240  -0.0071616886
   0.7072592663  -0.0211889483  -0.0173151495  -0.0211889483
   0.7216931289  -0.0278103206  -0.0239146498  -0.0278103206
   0.7361269915  -0.0268867890  -0.0235928953  -0.0268867890
   0.7505608541  -0.0200391687  -0.0172983521  -0.0200391687
   0.7649947167  -0.0098152719  -0.0068485586  -0.0098152719
   0.7794285792   0.0013421400   0.0057977218   0.0013421400
   0.7938624418   0.0118098214   0.0190446263   0.0118098214
   0.8082963044   0.0208812643   0.0317708441   0.0208812643
   0.8227301670   0.0283643478   0.0431349909   0.0283643478
   0.8371640296   0.0340928188   0.0523069795   0.0340928188
   0.8515978921   0.0377197856   0.0583228028   0.0377197856
   0.8660317547   0.0388541970   0.0601200935   0.0388541970
   0.8804656173   0.0373198049   0.0566978592   0.0373198049
   0.8948994799   0.0332812100   0.0473225514   0.0332812100
   0.9093333424   0.0271638605   0.0317404570   0.0271638605
   0.9237672050   0.0194858884   0.0103812799   0.0194858884
   0.9382010676   0.0107536394  -0.0154815842   0.0107536394
   0.9526349302   0.0014649560  -0.0436836661   0.0014649560
   0.9670687928  -0.0078475434  -0.0713091857  -0.0078475434
   0.9815026553  -0.0166146055  -0.0950491061  -0.0166146055
   0.9959365179  -0.0242851600  -0.1117370218  -0.0242851600
   1.0103703805  -0.0303946569  -0.1189551407  -0.0303946569
   1.0248042431  -0.0346064262  -0.1155647206  -0.0346064262
   1.0392381056  -0.0367266911  -0.1020188695  -0.0367266911
   1.0536719682  -0.0367189825  -0.0803610982  -0.0367189825
   1.0681058308  -0.0347295290  -0.0538889097  -0.0347295290
   1.0825396934  -0.0311048635  -0.0265461230  -0.0311048635
   1.0969735560  -0.0263715417  -0.0021762749  -0.0263715417
   1.1114074185  -0.0211661284   0.0161953975  -0.0211661284
   1.1258412811  -0.0161333777   0.0268900892  -0.0161333777
   1.1402751437  -0.0118272264   0.0297985399  -0.0118272264
   1.1547090063  -0.0086425840   0.0262592771  -0.0086425840
   1.1691428689  -0.0067840753   0.0186367331  -0.0067840753
   1.1835767314  -0.0062580945   0.0097146146  -0.0062580945
   1.1980105940  -0.0068709539   0.0020582430  -0.0068709539
   1.2124444566  -0.0082306737  -0.0025026443  -0.0082306737
   1.2268783192  -0.0097711327  -0.0031600566  -0.0097711327
   1.2413121817  -0.0108261893  -0.0001407003  -0.0108261893
   1.2557460443  -0.0107661983   0.0055202898  -0.0107661983
   1.2701799069  -0.0091750637   0.0123507003  -0.0091750637
   1.2846137695  -0.0060117298   0.0188380765  -0.0060117298
   1.2990476321  -0.0016865255   0.0237468540  -0.0016865255
   1.3134814946   0.0029996503   0.0262951507   0.0029996503
   1.3279153572   0.0070603205   0.0261861434   0.0070603205
   1.3423492198   0.0096220605   0.0235346761   0.0096220605
   1.3567830824   0.0102179339   0.0187504280   0.0102179339
   1.3712169450   0.0089612665   0.0124305761   0.0089612665
   1.3856508075   0.0065174826   0.0052860517   0.0065174826
   1.4000846701   0.0038669777  -0.0019069495   0.0038669777
   1.4145185327   0.0019413755  -0.0083579667   0.0019413755
   1.4289523953   0.0012767204  -0.0133410901   0.0012767204
   1.4433862578   0.0018270271  -0.0163047216   0.0018270271
   1.4578201204   0.0030160685  -0.0169857667   0.0030160685
   1.4722539830   0.0040034210  -0.0154820026   0.0040034210
   1.4866878456   0.0040500010  -0.0122405064   0.0040500010
   1.5011217082   0.0028298141  -0.0079496734   0.0028298141
   1.5155555707   0.0005633737  -0.0033639629   0.0005633737
   1.5299894333  -0.0020723391   0.0008778586  -0.0020723391
   1.5444232959  -0.0042100176   0.0043759535  -0.0042100176
   1.5588571585  -0.0051209697   0.0069950314  -0.0051209697
   1.5732910211  -0.0044782350   0.0087963383  -0.0044782350
   1.5877248836  -0.0024611545   0.0099189233  -0.0024611545
   1.6021587462   0.0003240209   0.0104695085   0.0003240209
   1.6165926088   0.0030633996   0.0104680567   0.0030633996
   1.6310264714   0.0050049776   0.0098639324   0.0050049776
   1.6454603339   0.0056810936   0.0086031965   0.0056810936
   1.6598941965   0.0050149947   0.0067075055   0.0050149947
   1.6743280591   0.0032927952   0.0043256954   0.0032927952
   1.6887619217   0.0010325658   0.0017355082   0.0010325658
   1.7031957843  -0.0011865178  -0.0007055276  -0.0011865179
   1.7176296468  -0.0028706709  -0.0026435327  -0.0028706709
   1.7320635094  -0.0036949808  -0.0038200473  -0.0036949808
   1.7464973720  -0.0035226719  -0.0041444655  -0.0035226719
   1.7609312346  -0.0023876947  -0.0037239273  -0.0023876947
   1.7753650971  -0.0004732043  -0.0028375690  -0.0004732043
   1.7897989597   0.0019005336  -0.0018578130   0.0019005336
   1.8042328223   0.0042929090  -0.0011402777   0.0042929090
   1.8186666849   0.0061930923  -0.0009185956   0.0061930923
   1.8331005475   0.0071206615  -0.0012417076   0.0071206615
   1.8475344100   0.0067616423  -0.0019752436   0.0067616423
   1.8619682726   0.0050928055  -0.0028621682   0.0050928055
   1.8764021352   0.0024372511  -0.0036150712   0.0024372511
   1.8908359978  -0.0005849461  -0.0040047651  -0.0005849461
   1.9052698604  -0.0032063058  -0.0039181735  -0.0032063058
   1.9197037229  -0.0047170527  -0.0033745273  -0.0047170527
   1.9341375855  -0.0046607153  -0.0025030206  -0.0046607153
   1.9485714481  -0.0029607892  -0.0014932147  -0.0029607892
   1.9630053107   0.0000553830  -0.0005331865   0.0000553830
   1.9774391732   0.0037362375   0.0002477085   0.0037362375
   1.9918730358   0.0072609625   0.0008148547   0.0072609625
   2.0063068984   0.0098246027   0.0012316676   0.0098246027
   2.0207407610   0.0108059628   0.0016296011   0.0108059628
   2.0351746236   0.0098829660   0.0021571183   0.0098829660
   2.0496084861   0.0070812426   0.0029269565   0.0070812426
   2.0640423487   0.0027629732   0.0039774113   0.0027629732
   2.0784762113  -0.0024257527   0.0052522303  -0.0024257527
   2.0929100739  -0.0076346957   0.0065948999  -0.0076346957
   2.1073439365  -0.0119155806   0.0077544741  -0.0119155806
   2.1217777990  -0.0143624348   0.0084092180  -0.0143624348
   2.1362116616  -0.0142841578   0.0082194925  -0.0142841578
   2.1506455242  -0.0113796353   0.0069121778  -0.0113796353
   2.1650793868  -0.0058589432   0.0043776925  -0.0058589431
   2.1795132493   0.0015469122   0.0007424716   0.0015469122
   2.1939471119   0.0097106120  -0.0036189419   0.0097106120
   2.2083809745   0.0173361848  -0.0081440267   0.0173361847
   2.2228148371   0.0232174130  -0.0121939173   0.0232174130
   2.2372486997   0.0264514812  -0.0151759541   0.0264514814
   2.2516825622   0.0265642471  -0.0166408419   0.0265642473
   2.2661164248   0.0235445201  -0.0163395865   0.0235445201
   2.2805502874   0.0178083906  -0.0142456506   0.0178083903
   2.2949841500   0.0101147077  -0.0105533167   0.0101147073
   2.3094180126   0.0014435741  -0.0056559213   0.0014435742
   2.3238518751  -0.0071517351  -0.0001003221  -0.0071517345
   2.3382857377  -0.0146998618   0.0054833260  -0.0146998612
   2.3527196003  -0.0204454619   0.0104668832  -0.0204454622
   2.3671534629  -0.0239377458   0.0143072338  -0.0239377470
   2.3815873254  -0.0250629818   0.0166117415  -0.0250629827
   2.3960211880  -0.0240241960   0.0171798369  -0.0240241953
   2.4104550506  -0.0212766955   0.0160210218  -0.0212766933
   2.4248889132  -0.0174283456   0.0133489036  -0.0174283439
   2.4393227758  -0.0131177176   0.0095472694  -0.0131177188
   2.4537566383  -0.0088937387   0.0051061812  -0.0088937426
   2.4681905009  -0.0051283945   0.0005366885  -0.0051283977
   2.4826243635  -0.0019875605  -0.0037146557  -0.0019875590
   2.4970582261   0.0005372591  -0.0073264766   0.0005372652
   2.5114920887   0.0025588607  -0.0101232439   0.0025588656
   2.5259259512   0.0042201026  -0.0120581025   0.0042201003
   2.5403598138   0.0056411418  -0.0131733905   0.0056411336
   2.5547936764   0.0068943192  -0.0135563453   0.0068943145
   2.5692275390   0.0079981693  -0.0133007339   0.0079981767
   2.5836614015   0.0089205754  -0.0124782104   0.0089205908
   2.5980952641   0.0095883930  -0.0111218140   0.0095883990
   2.6125291267   0.0099061677  -0.0092260961   0.0099061490
   2.6269629893   0.0097839900  -0.0067675461   0.0097839535
   2.6413968519   0.0091676823  -0.0037421444   0.0091676585
   2.6558307144   0.0080611060  -0.0002078285   0.0080611242
   2.6702645770   0.0065338075   0.0036845463   0.0065338644
   2.6846984396   0.0047138270   0.0076840598   0.0047138828
   2.6991323022   0.0027695371   0.0114593498   0.0027695493
   2.7135661647   0.0008842753   0.0146396378   0.0008842422
   2.7280000273  -0.0007733315   0.0168682236  -0.0007733673
   2.7424338899  -0.0020787118   0.0178595072  -0.0020787127
   2.7568677525  -0.0029724807   0.0174508170  -0.0029724702
   2.7713016151  -0.0034653064   0.0156394770  -0.0034653621
   2.7857354776  -0.0036239864   0.0125956671  -0.0036241548
   2.8001693402  -0.0035445885   0.0086453182  -0.0035447950
   2.8146032028  -0.0033236594   0.0042244625  -0.0033237184
   2.8290370654  -0.0030369351  -0.0001860404  -0.0030366866
   2.8434709280  -0.0027289965  -0.0041321394  -0.0027284645
   2.8579047905  -0.0024123267  -0.0072511599  -0.0024117492
   2.8723386531  -0.0020733165  -0.0093183492  -0.0020729974
   2.8867725157  -0.0016840791  -0.0102678430  -0.0016841868
   2.9012063783  -0.0012186567  -0.0101847113  -0.0012191557
   2.9156402408  -0.0006693135  -0.0092705232  -0.0006700827
   2.9300741034  -0.0000562711  -0.0077915736  -0.0000572525
   2.9445079660   0.0005738697  -0.0060236254   0.0005727044
   2.9589418286   0.0011598996  -0.0042066759   0.0011587854
   2.9733756912   0.0016414853  -0.0025176698   0.0016410479
   2.9878095537   0.0019714217  -0.0010617182   0.0019724942
   3.0022434163   0.0021219912   0.0001224075   0.0021250411
   3.0166772789   0.0020873824   0.0010473516   0.0020919267
   3.0311111415   0.0018848695   0.0017562362   0.0018893812
   3.0455450041   0.0015545261   0.0022988400   0.0015570082
   3.0599788666   0.0011546389   0.0027097549   0.0011535219
   3.0744127292   0.0007510621   0.0029948895   0.0007458530
   3.0888465918   0.0004028226   0.0031311780   0.0003942053
   3.1032804544   0.0001494528   0.0030795115   0.0001390406
   3.1177143169   0.0000049100   0.0028054051  -0.0000049518
   3.1321481795  -0.0000406761   0.0022990744  -0.0000469700
   3.1465820421  -0.0000135320   0.0015876915  -0.0000128840
   3.1610159047   0.0000538715   0.0007362570   0.0000641680
   3.1754497673   0.0001330931  -0.0001625330   0.0001534690
   3.1898836298   0.0002078702  -0.0010061495   0.0002351606
   3.2043174924   0.0002773178  -0.0017027365   0.0003047925
   3.2187513550   0.0003519119  -0.0021883669   0.0003710343
   3.2331852176   0.0004430945  -0.0024359672   0.0004463086
   3.2476190802   0.0005515750  -0.0024538081   0.0005348004
   3.2620529427   0.0006611783  -0.0022757517   0.0006250053
   3.2764868053   0.0007421712  -0.0019486013   0.0006916454
   3.2909206679   0.0007620941  -0.0015217558   0.0007056778
   3.3053545305   0.0006977479  -0.0010411920   0.0006460302
   3.3197883930   0.0005423552  -0.0005463606   0.0005066041
   3.3342222556   0.0003061344  -0.0000677469   0.0002964775
   3.3486561182   0.0000126492   0.0003751663   0.0000359201
   3.3630899808  -0.0003057879   0.0007735543  -0.0002479812
   3.3775238434  -0.0006123335   0.0011247985  -0.0005245776
   3.3919577059  -0.0008701089   0.0014250857  -0.0007628848
   3.4063915685  -0.0010475710   0.0016630812  -0.0009360480
   3.4208254311  -0.0011238649   0.0018187545  -0.0010263957
   3.4352592937  -0.0010924597   0.0018684167  -0.0010289401
   3.4496931563  -0.0009622240   0.0017933300  -0.0009517836
   3.4641270188  -0.0007564269   0.0015876061  -0.0008137405
   3.4785608814  -0.0005102184   0.0012622331  -0.0006404594
   3.4929947440  -0.0002659571   0.0008444684  -0.0004596882
   3.5074286066  -0.0000651911   0.0003736192  -0.0002954628
   3.5218624691   0.0000622592  -0.0001052329  -0.0001616517
   3.5362963317   0.0001086522  -0.0005480599  -0.0000572205
   3.5507301943   0.0000930045  -0.0009177697   0.0000334788
   3.5651640569   0.0000567230  -0.0011878117   0.0001339684
   3.5795979195   0.0000510513  -0.0013430960   0.0002648917
   3.5940317820   0.0001209313  -0.0013792844   0.0004344878
   3.6084656446   0.0002907496  -0.0013023433   0.0006348338
   3.6228995072   0.0005557244  -0.0011293615   0.0008447578
   3.6373333698   0.0008805126  -0.0008894884   0.0010367355
   3.6517672323   0.0012054821  -0.0006223096   0.0011841243
   3.6662010949   0.0014603974  -0.0003717442   0.0012666860
   3.6806349575   0.0015834908  -0.0001763767   0.0012742649
   3.6950688201   0.0015408920  -0.0000598992   0.0012088518
   3.7095026827   0.0013392506  -0.0000258585   0.0010843920
   3.7239365452   0.0010256110  -0.0000588302   0.0009233866
   3.7383704078   0.0006735405  -0.0001311213   0.0007506555
   3.7528042704   0.0003605165  -0.0002121082   0.0005866073
   3.7672381330   0.0001450971  -0.0002770494   0.0004430087
   3.7816719956   0.0000516614  -0.0003129736   0.0003227194
   3.7961058581   0.0000667005  -0.0003201759   0.0002223923
   3.8105397207   0.0001463503  -0.0003089034   0.0001358071
   3.8249735833   0.0002318708  -0.0002923449   0.0000561843
   3.8394074459   0.0002682378  -0.0002788358  -0.0000225378
   3.8538413084   0.0002204353  -0.0002670293  -0.0001046319
   3.8682751710   0.0000825226  -0.0002465868  -0.0001914010
   3.8827090336  -0.0001232556  -0.0002039872  -0.0002805149
   3.8971428962  -0.0003563144  -0.0001302125  -0.0003665683
   3.9115767588  -0.0005718899  -0.0000262635  -0.0004426664
   3.9260106213  -0.0007335762   0.0000958951  -0.0005020497
   3.9404444839  -0.0008201795   0.0002167137  -0.0005390446
   3.9548783465  -0.0008264750   0.0003147570  -0.0005496548
   3.9693122091  -0.0007602644   0.0003726057  -0.0005326096
   3.9837460717  -0.0006384988   0.0003815884  -0.0004908945
   3.9981799342  -0.0004837091   0.0003444434  -0.0004324366
   4.0126137968  -0.0003204704   0.0002750004  -0.0003682977
   4.0270476594  -0.0001714466   0.0001942925  -0.0003082088
   4.0414815220  -0.0000534230   0.0001238046  -0.0002555769
   4.0559153845   0.0000255736   0.0000782928  -0.0002052052
   4.0703492471   0.0000672270   0.0000613398  -0.0001457249
   4.0847831097   0.0000819105   0.0000656184  -0.0000658937
   4.0992169723   0.0000861122   0.0000773757   0.0000385037
   4.1136508349   0.0000986202   0.0000826452   0.0001608054
   4.1280846974   0.0001356850   0.0000724273   0.0002846486
   4.1425185600   0.0002059089   0.0000453023   0.0003896710
   4.1569524226   0.0003065084   0.0000073579   0.0004593136
   4.1713862852   0.0004228840  -0.0000300569   0.0004875401
   4.1858201478   0.0005323918  -0.0000542082   0.0004816475
   4.2002540103   0.0006112667  -0.0000556940   0.0004596261
   4.2146878729   0.0006420586  -0.0000324940   0.0004425926
   4.2291217355   0.0006187762   0.0000085812   0.0004451523
   4.2435555981   0.0005481643   0.0000541945   0.0004680703
   4.2579894606   0.0004472432   0.0000897614   0.0004971750
   4.2724233232   0.0003384020   0.0001051497   0.0005097075
   4.2868571858   0.0002436537   0.0000980191   0.0004855509
   4.3012910484   0.0001794325   0.0000735686   0.0004180213
   4.3157249110   0.0001529903   0.0000415542   0.0003188269
   4.3301587735   0.0001611306   0.0000125493   0.0002144985
   4.3445926361   0.0001915712  -0.0000049786   0.0001356019
   4.3590264987   0.0002265939  -0.0000063298   0.0001033202
   4.3734603613   0.0002480139   0.0000087784   0.0001191563
   4.3878942239   0.0002421492   0.0000364267   0.0001622898
   4.4023280864   0.0002035049   0.0000697331   0.0001962268
   4.4167619490   0.0001361982   0.0001010499   0.0001828419
   4.4311958116   0.0000526405   0.0001243446   0.0000988549
   4.4456296742  -0.0000303547   0.0001365898  -0.0000517431
   4.4600635367  -0.0000970424   0.0001375098  -0.0002349936
   4.4744973993  -0.0001380259   0.0001281835  -0.0003964009
   4.4889312619  -0.0001532975   0.0001097669  -0.0004800839
   4.5033651245  -0.0001516175   0.0000832920  -0.0004508154
   4.5177989871  -0.0001462676   0.0000504245  -0.0003101476
   4.5322328496  -0.0001489046   0.0000142509  -0.0000994687
   4.5466667122  -0.0001642324  -0.0000207217   0.0001123576
   4.5611005748  -0.0001879175  -0.0000493729   0.0002530455
   4.5755344374  -0.0002086339  -0.0000670047   0.0002740515
   4.5899682999  -0.0002131362  -0.0000701303   0.0001705573
   4.6044021625  -0.0001918539  -0.0000570630  -0.0000138758
   4.6188360251  -0.0001424128  -0.0000285657  -0.0002008148
   4.6332698877  -0.0000697180   0.0000115487  -0.0003047568
   4.6477037503   0.0000169588   0.0000564901  -0.0002656148
   4.6621376128   0.0001080445   0.0000978275  -0.0000737298
   4.6765714754   0.0001967514   0.0001279292   0.0002227827
   4.6910053380   0.0002798752   0.0001424754   0.0005323403
   4.7054392006   0.0003563474   0.0001417707   0.0007515395
   4.7198730632   0.0004247164   0.0001302011   0.0008027349
   4.7343069257   0.0004811449   0.0001141521   0.0006633599
   4.7487407883   0.0005191264   0.0000993377   0.0003756792
   4.7631746509   0.0005312013   0.0000885212   0.0000330917
   4.7776085135   0.0005119144   0.0000803100  -0.0002520047
   4.7920423760   0.0004605629   0.0000694371  -0.0003869839
   4.8064762386   0.0003823027   0.0000487028  -0.0003304219
   4.8209101012   0.0002869807   0.0000122789  -0.0001052184
   4.8353439638   0.0001862763  -0.0000406907   0.0002107199
   4.8497778264   0.0000906424  -0.0001038609   0.0005122809
   4.8642116889   0.0000075268  -0.0001642916   0.0007030467
   4.8786455515  -0.0000585891  -0.0002061338   0.0007264107
   4.8930794141  -0.0001050146  -0.0002160300   0.0005813623
   4.9075132767  -0.0001298292  -0.0001878909   0.0003185797
   4.9219471393  -0.0001319036  -0.0001250196   0.0000199562
   4.9363810018  -0.0001118287  -0.0000389147  -0.0002296410
   4.9508148644  -0.0000728318   0.0000544089  -0.0003679254
   4.9652487270  -0.0000207856   0.0001389104  -0.0003701816
   4.9796825896   0.0000368565   0.0002022330  -0.0002509081
   4.9941164521   0.0000926062   0.0002376913  -0.0000543518
   5.0085503147   0.0001401544   0.0002443587   0.0001608897
   5.0229841773   0.0001748422   0.0002257010   0.0003377336
   5.0374180399   0.0001935742   0.0001876020   0.0004330987
   5.0518519025   0.0001946925   0.0001367174   0.0004253698
   5.0662857650   0.0001782128   0.0000797350   0.0003169062
   5.0807196276   0.0001464181   0.0000234056   0.0001324222
   5.0951534902   0.0001043790  -0.0000254474  -0.0000859875
   5.1095873528   0.0000597635  -0.0000607853  -0.0002867610
   5.1240212154   0.0000214393  -0.0000791908  -0.0004193326
   5.1384550779  -0.0000030902  -0.0000817442  -0.0004460508
   5.1528889405  -0.0000106112  -0.0000744715  -0.0003531525
   5.1673228031  -0.0000040843  -0.0000664253  -0.0001572878
   5.1817566657   0.0000078375  -0.0000658217   0.0000957478
   5.1961905282   0.0000140355  -0.0000759558   0.0003414020
   5.2106243908   0.0000058243  -0.0000929816   0.0005138250
   5.2250582534  -0.0000186472  -0.0001068260   0.0005651483
   5.2394921160  -0.0000526489  -0.0001050263   0.0004800278
   5.2539259786  -0.0000826979  -0.0000779600   0.0002803569
   5.2683598411  -0.0000931391  -0.0000233691   0.0000186722
   5.2827937037  -0.0000714158   0.0000516359  -0.0002371189
   5.2972275663  -0.0000119212   0.0001319930  -0.0004222880
   5.3116614289   0.0000826707   0.0001992094  -0.0004912558
   5.3260952914   0.0002023375   0.0002374843  -0.0004268172
   5.3405291540   0.0003317946   0.0002391668  -0.0002412626
   5.3549630166   0.0004526442   0.0002073661   0.0000293129
   5.3693968792   0.0005452394   0.0001545858   0.0003346522
   5.3838307418   0.0005907425   0.0000979217   0.0006209177
   5.3982646043   0.0005741510   0.0000528263   0.0008401061
   5.4126984669   0.0004884810   0.0000279382   0.0009574106
   5.4271323295   0.0003390830   0.0000228123   0.0009563856
   5.4415661921   0.0001459641   0.0000290390   0.0008416808
   5.4560000547  -0.0000581030   0.0000339697   0.0006385327
   5.4704339172  -0.0002345410   0.0000255754   0.0003879530
   5.4848677798  -0.0003494735  -0.0000031180   0.0001373455
   5.4993016424  -0.0003840753  -0.0000512885  -0.0000718711
   5.5137355050  -0.0003404499  -0.0001100789  -0.0002160538
   5.5281693675  -0.0002402406  -0.0001650204  -0.0002960858
   5.5426032301  -0.0001162478  -0.0002004840  -0.0003357800
   5.5570370927  -0.0000004186  -0.0002047684  -0.0003716383
   5.5714709553   0.0000868447  -0.0001740934  -0.0004372957
   5.5859048179   0.0001417766  -0.0001140770  -0.0005485260
   5.6003386804   0.0001750065  -0.0000381383  -0.0006948560
   5.6147725430   0.0002034488   0.0000366692  -0.0008413959
   5.6292064056   0.0002402311   0.0000950325  -0.0009403983
   5.6436402682   0.0002872238   0.0001281897  -0.0009480514
   5.6580741308   0.0003333882   0.0001365108  -0.0008398230
   5.6725079933   0.0003594414   0.0001288153  -0.0006183113
   5.6869418559   0.0003464943   0.0001184762  -0.0003107700
   5.7013757185   0.0002846582   0.0001176130   0.0000421225
   5.7158095811   0.0001778700   0.0001316035   0.0004010642
   5.7302434436   0.0000431255   0.0001562100   0.0007400726
   5.7446773062  -0.0000951242   0.0001786588   0.0010507810
   5.7591111688  -0.0002127295   0.0001823900   0.0013379623
   5.7735450314  -0.0002925819   0.0001536672   0.0016090892
   5.7879788940  -0.0003280790   0.0000874905   0.0018631710
   5.8024127565  -0.0003226956  -0.0000094347   0.0020840281
   5.8168466191  -0.0002865595  -0.0001197741   0.0022408183
   5.8312804817  -0.0002317692  -0.0002202899   0.0022952154
   5.8457143443  -0.0001682187  -0.0002885314   0.0022117833
   5.8601482069  -0.0001011201  -0.0003091539   0.0019670289
   5.8745820694  -0.0000306005  -0.0002777585   0.0015537051
   5.8890159320   0.0000469608  -0.0002011583   0.0009795147
   5.9034497946   0.0001365717  -0.0000943739   0.0002621391
   5.9178836572   0.0002419877   0.0000241886  -0.0005758507
   5.9323175197   0.0003633707   0.0001374992  -0.0015088471
   5.9467513823   0.0004956504   0.0002331196  -0.0025053030
   5.9611852449   0.0006279187   0.0003042632  -0.0035210809
   5.9756191075   0.0007441304   0.0003489620  -0.0044921079
   5.9900529701   0.0008251977   0.0003681319  -0.0053301633
   6.0044868326   0.0008522270   0.0003634638  -0.0059249458
   6.0189206952   0.0008102803   0.0003359135  -0.0061538619
   6.0333545578   0.0006918445   0.0002852553  -0.0058989175
   6.0477884204   0.0004992514   0.0002107669  -0.0050682977
   6.0622222830   0.0002455105   0.0001127076  -0.0036190581
   6.0766561455  -0.0000467090  -0.0000060427  -0.0015769023
   6.0910900081  -0.0003479251  -0.0001388611   0.0009508242
   6.1055238707  -0.0006261336  -0.0002752328   0.0037722203
   6.1199577333  -0.0008517305  -0.0004016455   0.0066204168
   6.1343915958  -0.0010019427  -0.0005032597   0.0091768544
   6.1488254584  -0.0010637114  -0.0005659229   0.0111076562
   6.1632593210  -0.0010344979  -0.0005781384   0.0121100556
   6.1776931836  -0.0009212207  -0.0005327433   0.0119629440
   6.1921270462  -0.0007380576  -0.0004281867   0.0105729823
   6.2065609087  -0.0005038711  -0.0002693442   0.0080064199
   6.2209947713  -0.0002396787  -0.0000677736   0.0044977335
   6.2354286339   0.0000337345   0.0001587498   0.0004297642
   6.2498624965   0.0002979595   0.0003875863  -0.0037143634
   6.2642963590   0.0005385122   0.0005935513  -0.0074209576
   6.2787302216   0.0007453157   0.0007520607  -0.0102252097
   6.2931640842   0.0009119263   0.0008426863  -0.0117856199
   6.3075979468   0.0010339097   0.0008524642  -0.0119390681
   6.3220318094   0.0011072309   0.0007782042  -0.0107258770
   6.3364656719   0.0011274977   0.0006271890  -0.0083802704
   6.3508995345   0.0010903755   0.0004160132  -0.0052885824
   6.3653333971   0.0009928905   0.0001678024  -0.0019237474
   6.3797672597   0.0008350217  -0.0000915015   0.0012313829
   6.3942011223   0.0006210776  -0.0003368767   0.0037582153
   6.4086349848   0.0003605876  -0.0005471525   0.0053620351
   6.4230688474   0.0000685727  -0.0007066620   0.0059086352
   6.4375027100  -0.0002349761  -0.0008056137   0.0054340597
   6.4519365726  -0.0005265818  -0.0008395623   0.0041280192
   6.4663704351  -0.0007816964  -0.0008085320   0.0022952718
   6.4808042977  -0.0009776648  -0.0007162558   0.0003019573
   6.4952381603  -0.0010966076  -0.0005697411  -0.0014845365
   6.5096720229  -0.0011276258  -0.0003790826  -0.0027531105
   6.5241058855  -0.0010680054  -0.0001572783  -0.0032954554
   6.5385397480  -0.0009233772   0.0000801763  -0.0030348185
   6.5529736106  -0.0007069187   0.0003159960  -0.0020330625
   6.5674074732  -0.0004376995   0.0005320846  -0.0004754496
   6.5818413358  -0.0001383650   0.0007107581   0.0013638864
   6.5962751984   0.0001674307   0.0008362803   0.0031697827
   6.6107090609   0.0004572387   0.0008967496   0.0046392204
   6.6251429235   0.0007111646   0.0008861443   0.0055311823
   6.6395767861   0.0009122933   0.0008059665   0.0057052013
   6.6540106487   0.0010466966   0.0006657522   0.0051423983
   6.6684445112   0.0011038166   0.0004819359   0.0039454841
   6.6828783738   0.0010777485   0.0002751416   0.0023175353
   6.6973122364   0.0009692400   0.0000665836   0.0005229908
   6.7117460990   0.0007875091  -0.0001254242  -0.0011622361
   6.7261799616   0.0005507188  -0.0002879494  -0.0025021157
   6.7406138241   0.0002843407  -0.0004143729  -0.0033430255
   6.7550476867   0.0000174847  -0.0005036830  -0.0036384135
   6.7694815493  -0.0002218604  -0.0005584831  -0.0034500420
   6.7839154119  -0.0004112918  -0.0005824591  -0.0029253962
   6.7983492745  -0.0005369531  -0.0005782909  -0.0022565657
   6.8127831370  -0.0005944235  -0.0005468694  -0.0016307330
   6.8272169996  -0.0005877423  -0.0004881212  -0.0011848609
   6.8416508622  -0.0005273021  -0.0004029345  -0.0009762334
   6.8560847248  -0.0004274578  -0.0002950835  -0.0009761521
   6.8705185873  -0.0003044536  -0.0001720368  -0.0010874622
   6.8849524499  -0.0001748612  -0.0000441453  -0.0011797337
   6.8993863125  -0.0000543684   0.0000774430  -0.0011310936
   6.9138201751   0.0000434222   0.0001831837  -0.0008644439
   6.9282540377   0.0001084622   0.0002668355  -0.0003683570
   6.9426879002   0.0001359869   0.0003258701   0.0003017731
   6.9571217628   0.0001280745   0.0003606413   0.0010406617
   6.9715556254   0.0000942443   0.0003728871   0.0017215992
   6.9859894880   0.0000502970   0.0003643511   0.0022275890
   7.0004233506   0.0000151007   0.0003361847   0.0024768867
   7.0148572131   0.0000059134   0.0002893931   0.0024375335
   7.0292910757   0.0000336603   0.0002260852   0.0021293289
   7.0437249383   0.0000998314   0.0001508682   0.0016151430
   7.0581588009   0.0001961182   0.0000715706   0.0009855257
   7.0725926634   0.0003068152  -0.0000013178   0.0003409541
   7.0870265260   0.0004129793  -0.0000565893  -0.0002248475
   7.1014603886   0.0004968542  -0.0000851183  -0.0006384544
   7.1158942512   0.0005452754  -0.0000825410  -0.0008562043
   7.1303281138   0.0005513936  -0.0000507953  -0.0008691166
   7.1447619763   0.0005146973   0.0000020895  -0.0007028580
   7.1591958389   0.0004397638   0.0000638794  -0.0004124281
   7.1736297015   0.0003343779   0.0001210138  -0.0000717872
   7.1880635641   0.0002076994   0.0001615203   0.0002402905
   7.2024974266   0.0000690232   0.0001771633   0.0004556491
   7.2169312892  -0.0000726712   0.0001644473   0.0005302282
   7.2313651518  -0.0002086311   0.0001245377   0.0004525135
   7.2457990144  -0.0003302540   0.0000624382   0.0002450317
   7.2602328770  -0.0004294972  -0.0000141768  -0.0000413067
   7.2746667395  -0.0004997944  -0.0000961634  -0.0003384973
   7.2891006021  -0.0005369979  -0.0001739869  -0.0005756959
   7.3035344647  -0.0005397141  -0.0002386478  -0.0006934244
   7.3179683273  -0.0005087499  -0.0002825013  -0.0006551286
   7.3324021899  -0.0004459928  -0.0003000081  -0.0004543435
   7.3468360524  -0.0003534649  -0.0002884036  -0.0001167077
   7.3612699150  -0.0002332074  -0.0002482039   0.0003031104
   7.3757037776  -0.0000881455  -0.0001834145   0.0007289779
   7.3901376402   0.0000764852  -0.0001012896   0.0010744688
   7.4045715027   0.0002518624  -0.0000115168   0.0012565548
   7.4190053653   0.0004250812   0.0000751889   0.0012104019
   7.4334392279   0.0005797674   0.0001488988   0.0009033396
   7.4478730905   0.0006978151   0.0002022874   0.0003455176
   7.4623069531   0.0007620273   0.0002319231  -0.0004054471
   7.4767408156   0.0007592442   0.0002386148  -0.0012480153
   7.4911746782   0.0006833682   0.0002267106  -0.0020492691
   7.5056085408   0.0005375959   0.0002026102  -0.0026652774
   7.5200424034   0.0003352466   0.0001729756  -0.0029660946
   7.5344762660   0.0000988531   0.0001431205  -0.0028607893
   7.5489101285  -0.0001424433   0.0001159217  -0.0023175066
   7.5633439911  -0.0003568307   0.0000914445  -0.0013742619
   7.5777778537  -0.0005145405   0.0000673554  -0.0001377532
   7.5922117163  -0.0005926737   0.0000400542   0.0012303615
   7.6066455788  -0.0005793822   0.0000062530   0.0025379087
   7.6210794414  -0.0004765783  -0.0000354781   0.0035933641
   7.6355133040  -0.0003004197  -0.0000837192   0.0042381803
   7.6499471666  -0.0000791512  -0.0001340932   0.0043742032
   7.6643810292   0.0001515154  -0.0001800184   0.0039808698
   7.6788148917   0.0003546282  -0.0002139874   0.0031188136
   7.6932487543   0.0004984902  -0.0002289287   0.0019191737
   7.7076826169   0.0005620065  -0.0002193197   0.0005606776
   7.7221164795   0.0005378223  -0.0001819247  -0.0007611271
   7.7365503421   0.0004328300  -0.0001162147  -0.0018667081
   7.7509842046   0.0002662771  -0.0000246096  -0.0026213818
   7.7654180672   0.0000661643   0.0000873259  -0.0029549685
   7.7798519298  -0.0001352403   0.0002106958  -0.0028690294
   7.7942857924  -0.0003060638   0.0003332274  -0.0024310205
   7.8087196549  -0.0004191973   0.0004396811  -0.0017573295
   7.8231535175  -0.0004560760   0.0005131165  -0.0009891881
   7.8375873801  -0.0004096080   0.0005372661  -0.0002664364
   7.8520212427  -0.0002858904   0.0004998570   0.0002960400
   7.8664551053  -0.0001042356   0.0003961813   0.0006254226
   7.8808889678   0.0001049574   0.0002318221   0.0006993897
   7.8953228304   0.0003046880   0.0000234316   0.0005452882
   7.9097566930   0.0004578578  -0.0002030738   0.0002310037
   7.9241905556   0.0005347417  -0.0004167578  -0.0001503007
   7.9386244181   0.0005197478  -0.0005874066  -0.0004986245
   7.9530582807   0.0004155675  -0.0006913206  -0.0007255468
   7.9674921433   0.0002432510  -0.0007156602  -0.0007696818
   7.9819260059   0.0000378117  -0.0006602586  -0.0006069068
