   0.0000000000   0.0000000000   0.0000000000   0.0000000000
   0.0144338626   0.0000000000   0.0000000000   0.0000000000
   0.0288677252   0.0000000000   0.0000000000   0.0000000000
   0.0433015877   0.0000000000   0.0000000000   0.0000000000
   0.0577354503   0.0000000000   0.0000000000   0.0000000000
   0.0721693129   0.0000000000   0.0000000000   0.0000000000
   0.0866031755   0.0000000000   0.0000000000   0.0000000000
   0.1010370380   0.0000000000   0.0000000000   0.0000000000
   0.1154709006  -0.0000000000   0.0000000000   0.0000000000
   0.1299047632   0.0000000000  -0.0000000000  -0.0000000000
   0.1443386258   0.0000000000  -0.0000000000   0.0000000000
   0.1587724884   0.0000000000  -0.0000000000   0.0000000000
   0.1732063509  -0.0000000000   0.0000000000   0.0000000000
   0.1876402135  -0.0000000000   0.0000000000  -0.0000000000
   0.2020740761  -0.0000000000  -0.0000000000  -0.0000000000
   0.2165079387  -0.0000000000  -0.0000000000  -0.0000000000
   0.2309418013   0.0000000000   0.0000000000  -0.0000000000
   0.2453756638   0.0000000000   0.0000000000  -0.0000000000
   0.2598095264   0.0000000000   0.0000000000   0.0000000000
   0.2742433890  -0.0000000000  -0.0000000000   0.0000000000
   0.2886772516  -0.0000000000  -0.0000000000   0.0000000000
   0.3031111141  -0.0000000000  -0.0000000000   0.0000000000
   0.3175449767  -0.0000000000   0.0000000000  -0.0000000000
   0.3319788393   0.0000000000   0.0000000000  -0.0000000000
   0.3464127019   0.0000000000   0.0000000000  -0.0000000000
   0.3608465645   0.0000000000   0.0000000000  -0.0000000000
   0.3752804270   0.0000000000  -0.0000000000   0.0000000000
   0.3897142896  -0.0000000000  -0.0000000000   0.0000000000
   0.4041481522  -0.0000000000  -0.0000000000   0.0000000000
   0.4185820148  -0.0000000000   0.0000000000  -0.0000000000
   0.4330158774   0.0000000000   0.0000000000  -0.0000000000
   0.4474497399   0.0000000000   0.0000000000  -0.0000000000
   0.4618836025   0.0000000000   0.0000000000  -0.0000000000
   0.4763174651   0.0000000000  -0.0000000000   0.0000000000
   0.4907513277  -0.0000000000  -0.0000000000   0.0000000000
   0.5051851902  -0.0000000000  -0.0000000000   0.0000000000
   0.5196190528  -0.0000000000  -0.0000000000   0.0000000000
   0.5340529154  -0.0000000000   0.0000000000  -0.0000000000
   0.5484867780   0.0000000000   0.0000000000  -0.0000000000
   0.5629206406   0.0000000000   0.0000000000  -0.0000000000
   0.5773545031   0.0000000000   0.0000000000  -0.0000000000
   0.5917883657   0.0000000000  -0.0000000000   0.0000000000
   0.6062222283  -0.0000000000  -0.0000000000   0.0000000000
   0.6206560909  -0.0000000000  -0.0000000000   0.0000000000
   0.6350899535  -0.0000000000  -0.0000000000   0.0000000000
   0.6495238160  -0.0000000000  -0.0000000000   0.0000000000
   0.6639576786  -0.0000000000  -0.0000000000   0.0000000000
   0.6783915412   0.0000000000   0.0000000000  -0.0000000000
   0.6928254038   0.0000000000   0.0000000000  -0.0000000000
   0.7072592663   0.0000000000   0.0000000000  -0.0000000000
   0.7216931289   0.0000000000   0.0000000000   0.0000000000
   0.7361269915  -0.0000000000  -0.0000000000   0.0000000000
   0.7505608541  -0.0000000000  -0.0000000000   0.0000000000
   0.7649947167  -0.0000000000  -0.0000000000   0.0000000000
   0.7794285792   0.0000000000   0.0000000000  -0.0000000000
   0.7938624418   0.0000000000   0.0000000000  -0.0000000000
   0.8082963044   0.0000000000   0.0000000000  -0.0000000000
   0.8227301670  -0.0000000000  -0.0000000000   0.0000000000
   0.8371640296  -0.0000000000  -0.0000000000   0.0000000000
   0.8515978921  -0.0000000000  -0.0000000000   0.0000000000
   0.8660317547  -0.0000000000  -0.0000000000   0.0000000000
   0.8804656173   0.0000000000   0.0000000000  -0.0000000000
   0.8948994799   0.0000000000   0.0000000000  -0.0000000000
   0.9093333424   0.0000000000   0.0000000000  -0.0000000000
   0.9237672050  -0.0000000000  -0.0000000000  -0.0000000000
   0.9382010676  -0.0000000000  -0.0000000000   0.0000000000
   0.9526349302  -0.0000000000  -0.0000000000   0.0000000000
   0.9670687928  -0.0000000000  -0.0000000000   0.0000000000
   0.9815026553   0.0000000000   0.0000000000  -0.0000000000
   0.9959365179   0.0000000000   0.0000000000  -0.0000000000
   1.0103703805   0.0000000000   0.0000000000  -0.0000000000
   1.0248042431   0.0000000000  -0.0000000000  -0.0000000000
   1.0392381056  -0.0000000000  -0.0000000000   0.0000000000
   1.0536719682  -0.0000000000  -0.0000000000   0.0000000000
   1.0681058308  -0.0000000000  -0.0000000000   0.0000000000
   1.0825396934   0.0000000000   0.0000000000  -0.0000000000
   1.0969735560   0.0000000000   0.0000000000  -0.0000000000
   1.1114074185   0.0000000000   0.0000000000  -0.0000000000
   1.1258412811  -0.0000000000  -0.0000000000   0.0000000000
   1.1402751437  -0.0000000000  -0.0000000000   0.0000000000
   1.1547090063  -0.0000000000  -0.0000000000   0.0000000000
   1.1691428689  -0.0000000000   0.0000000000  -0.0000000000
   1.1835767314   0.0000000000   0.0000000000  -0.0000000000
   1.1980105940   0.0000000000   0.0000000000  -0.0000000000
   1.2124444566   0.0000000000  -0.0000000000   0.0000000000
   1.2268783192  -0.0000000000  -0.0000000000   0.0000000000
   1.2413121817  -0.0000000000  -0.0000000000   0.0000000000
   1.2557460443  -0.0000000000   0.0000000000   0.0000000000
   1.2701799069   0.0000000000   0.0000000000  -0.0000000000
   1.2846137695   0.0000000000   0.0000000000  -0.0000000000
   1.2990476321  -0.0000000000   0.0000000000  -0.0000000000
   1.3134814946  -0.0000000000  -0.0000000000   0.0000000000
   1.3279153572   0.0000000000  -0.0000000000   0.0000000000
   1.3423492198   0.0000000000  -0.0000000000  -0.0000000000
   1.3567830824   0.0000000000   0.0000000000  -0.0000000000
   1.3712169450  -0.0000000000   0.0000000000  -0.0000000000
   1.3856508075  -0.0000000000   0.0000000000   0.0000000000
   1.4000846701  -0.0000000000   0.0000000000   0.0000000000
   1.4145185327   0.0000000000  -0.0000000000   0.0000000000
   1.4289523953   0.0000000000  -0.0000000000  -0.0000000000
   1.4433862578   0.0000000000  -0.0000000000  -0.0000000000
   1.4578201204   0.0000000000  -0.0000000000  -0.0000000000
   1.4722539830  -0.0000000000   0.0000000000   0.0000000000
   1.4866878456  -0.0000000000   0.0000000000   0.0000000000
   1.5011217082  -0.0000000000   0.0000000000   0.0000000000
   1.5155555707  -0.0000000000   0.0000000000   0.0000000000
   1.5299894333   0.0000000000  -0.0000000000  -0.0000000000
   1.5444232959   0.0000000000  -0.0000000000  -0.0000000000
   1.5588571585   0.0000000000  -0.0000000000  -0.0000000000
   1.5732910211  -0.0000000000  -0.0000000000   0.0000000000
   1.5877248836  -0.0000000000   0.0000000000   0.0000000000
   1.6021587462  -0.0000000000   0.0000000000   0.0000000000
   1.6165926088  -0.0000000000   0.0000000000   0.0000000000
   1.6310264714   0.0000000000  -0.0000000000  -0.0000000000
   1.6454603339   0.0000000000  -0.0000000000  -0.0000000000
   1.6598941965   0.0000000000  -0.0000000000  -0.0000000000
   1.6743280591   0.0000000000  -0.0000000000  -0.0000000000
   1.6887619217  -0.0000000000   0.0000000000   0.0000000000
   1.7031957843  -0.0000000000   0.0000000000   0.0000000000
   1.7176296468  -0.0000000000   0.0000000000   0.0000000000
   1.7320635094  -0.0000000000   0.0000000000   0.0000000000
   1.7464973720   0.0000000000  -0.0000000000  -0.0000000000
   1.7609312346   0.0000000000  -0.0000000000  -0.0000000000
   1.7753650971   0.0000000000  -0.0000000000  -0.0000000000
   1.7897989597   0.0000000000  -0.0000000000  -0.0000000000
   1.8042328223  -0.0000000000   0.0000000000   0.0000000000
   1.8186666849  -0.0000000000   0.0000000000   0.0000000000
   1.8331005475  -0.0000000000   0.0000000000   0.0000000000
   1.8475344100  -0.0000000000   0.0000000000   0.0000000000
   1.8619682726   0.0000000000  -0.0000000000  -0.0000000000
   1.8764021352   0.0000000000  -0.0000000000  -0.0000000000
   1.8908359978   0.0000000000  -0.0000000000  -0.0000000000
   1.9052698604   0.0000000000  -0.0000000000  -0.0000000000
   1.9197037229  -0.0000000000   0.0000000000   0.0000000000
   1.9341375855  -0.0000000000   0.0000000000   0.0000000000
   1.9485714481  -0.0000000000   0.0000000000   0.0000000000
   1.9630053107  -0.0000000000   0.0000000000   0.0000000000
   1.9774391732   0.0000000000   0.0000000000  -0.0000000000
   1.9918730358   0.0000000000  -0.0000000000  -0.0000000000
   2.0063068984   0.0000000000  -0.0000000000  -0.0000000000
   2.0207407610   0.0000000000  -0.0000000000  -0.0000000000
   2.0351746236   0.0000000000  -0.0000000000   0.0000000000
   2.0496084861  -0.0000000000   0.0000000000   0.0000000000
   2.0640423487  -0.0000000000   0.0000000000   0.0000000000
   2.0784762113  -0.0000000000   0.0000000000   0.0000000000
   2.0929100739  -0.0000000000   0.0000000000   0.0000000000
   2.1073439365   0.0000000000  -0.0000000000  -0.0000000000
   2.1217777990   0.0000000000  -0.0000000000  -0.0000000000
   2.1362116616   0.0000000000  -0.0000000000  -0.0000000000
   2.1506455242   0.0000000000  -0.0000000000  -0.0000000000
   2.1650793868  -0.0000000000   0.0000000000   0.0000000000
   2.1795132493  -0.0000000000   0.0000000000   0.0000000000
   2.1939471119  -0.0000000000   0.0000000000   0.0000000000
   2.2083809745  -0.0000000000   0.0000000000   0.0000000000
   2.2228148371   0.0000000000   0.0000000000  -0.0000000000
   2.2372486997   0.0000000000  -0.0000000000  -0.0000000000
   2.2516825622   0.0000000000  -0.0000000000  -0.0000000000
   2.2661164248   0.0000000000  -0.0000000000  -0.0000000000
   2.2805502874   0.0000000000  -0.0000000000   0.0000000000
   2.2949841500  -0.0000000000   0.0000000000   0.0000000000
   2.3094180126  -0.0000000000   0.0000000000   0.0000000000
   2.3238518751  -0.0000000000   0.0000000000   0.0000000000
   2.3382857377  -0.0000000000   0.0000000000   0.0000000000
   2.3527196003   0.0000000000  -0.0000000000  -0.0000000000
   2.3671534629   0.0000000000  -0.0000000000  -0.0000000000
   2.3815873254   0.0000000000  -0.0000000000  -0.0000000000
   2.3960211880   0.0000000000  -0.0000000000  -0.0000000000
   2.4104550506  -0.0000000000  -0.0000000000   0.0000000000
   2.4248889132  -0.0000000000   0.0000000000   0.0000000000
   2.4393227758  -0.0000000000   0.0000000000   0.0000000000
   2.4537566383  -0.0000000000   0.0000000000   0.0000000000
   2.4681905009  -0.0000000000   0.0000000000  -0.0000000000
   2.4826243635   0.0000000000  -0.0000000000  -0.0000000000
   2.4970582261   0.0000000000  -0.0000000000  -0.0000000000
   2.5114920887   0.0000000000  -0.0000000000  -0.0000000000
   2.5259259512   0.0000000000  -0.0000000000  -0.0000000000
   2.5403598138  -0.0000000000  -0.0000000000   0.0000000000
   2.5547936764  -0.0000000000   0.0000000000   0.0000000000
   2.5692275390  -0.0000000001   0.0000000000   0.0000000000
   2.5836614015  -0.0000000001   0.0000000000   0.0000000000
   2.5980952641  -0.0000000000   0.0000000000  -0.0000000000
   2.6125291267   0.0000000001  -0.0000000000  -0.0000000000
   2.6269629893   0.0000000002  -0.0000000001  -0.0000000000
   2.6413968519   0.0000000003  -0.0000000001  -0.0000000000
   2.6558307144   0.0000000003  -0.0000000001  -0.0000000000
   2.6702645770   0.0000000000  -0.0000000000   0.0000000000
   2.6846984396  -0.0000000005   0.0000000001   0.0000000001
   2.6991323022  -0.0000000010   0.0000000003   0.0000000001
   2.7135661647  -0.0000000012   0.0000000004   0.0000000001
   2.7280000273  -0.0000000008   0.0000000004   0.0000000000
   2.7424338899   0.0000000004   0.0000000000  -0.0000000002
   2.7568677525   0.0000000023  -0.0000000006  -0.0000000003
   2.7713016151   0.0000000040  -0.0000000012  -0.0000000004
   2.7857354776   0.0000000042  -0.0000000015  -0.0000000003
   2.8001693402   0.0000000019  -0.0000000010   0.0000000002
   2.8146032028  -0.0000000033   0.0000000005   0.0000000008
   2.8290370654  -0.0000000098   0.0000000027   0.0000000013
   2.8434709280  -0.0000000146   0.0000000047   0.0000000014
   2.8579047905  -0.0000000133   0.0000000051   0.0000000006
   2.8723386531  -0.0000000030   0.0000000026  -0.0000000010
   2.8867725157   0.0000000158  -0.0000000031  -0.0000000030
   2.9012063783   0.0000000369  -0.0000000106  -0.0000000045
   2.9156402408   0.0000000491  -0.0000000164  -0.0000000041
   2.9300741034   0.0000000396  -0.0000000162  -0.0000000010
   2.9445079660   0.0000000009  -0.0000000063   0.0000000045
   2.9589418286  -0.0000000616   0.0000000134   0.0000000106
   2.9733756912  -0.0000001259   0.0000000372   0.0000000141
   2.9878095537  -0.0000001560   0.0000000539   0.0000000115
   3.0022434163  -0.0000001152   0.0000000498   0.0000000009
   3.0166772789   0.0000000135   0.0000000155  -0.0000000163
   3.0311111415   0.0000002076  -0.0000000472  -0.0000000340
   3.0455450041   0.0000003961  -0.0000001194  -0.0000000425
   3.0599788666   0.0000004735  -0.0000001670  -0.0000000324
   3.0744127292   0.0000003386  -0.0000001509   0.0000000007
   3.0888465918  -0.0000000484  -0.0000000458   0.0000000510
   3.1032804544  -0.0000006146   0.0000001399   0.0000001005
   3.1177143169  -0.0000011564   0.0000003510   0.0000001225
   3.1321481795  -0.0000013825   0.0000004915   0.0000000922
   3.1465820421  -0.0000010213   0.0000004541  -0.0000000007
   3.1610159047   0.0000000323   0.0000001692  -0.0000001390
   3.1754497673   0.0000015871  -0.0000003422  -0.0000002747
   3.1898836298   0.0000031165  -0.0000009373  -0.0000003391
   3.2043174924   0.0000038669  -0.0000013662  -0.0000002675
   3.2187513550   0.0000031227  -0.0000013450  -0.0000000332
   3.2331852176   0.0000005641  -0.0000006772   0.0000003241
   3.2476190802  -0.0000034169   0.0000006163   0.0000006891
   3.2620529427  -0.0000076049   0.0000022151   0.0000008943
   3.2764868053  -0.0000101863   0.0000035228   0.0000007775
   3.2909206679  -0.0000093331   0.0000038261   0.0000002575
   3.3053545305  -0.0000040108   0.0000025668  -0.0000005968
   3.3197883930   0.0000052678  -0.0000003508  -0.0000015416
   3.3342222556   0.0000160926  -0.0000043430  -0.0000022000
   3.3486561182   0.0000244983  -0.0000081431  -0.0000021781
   3.3630899808   0.0000260780  -0.0000100872  -0.0000012270
   3.3775238434   0.0000176457  -0.0000086621   0.0000006028
   3.3919577059  -0.0000010663  -0.0000031751   0.0000028813
   3.4063915685  -0.0000263551   0.0000056916   0.0000048497
   3.4208254311  -0.0000507425   0.0000156977   0.0000056196
   3.4352592937  -0.0000646892   0.0000234135   0.0000044809
   3.4496931563  -0.0000595738   0.0000251533   0.0000012304
   3.4641270188  -0.0000311417   0.0000182726  -0.0000036032
   3.4785608814   0.0000177340   0.0000024430  -0.0000087474
   3.4929947440   0.0000761389  -0.0000195669  -0.0000124445
   3.5074286066   0.0001267885  -0.0000420025  -0.0000129488
   3.5218624691   0.0001502611  -0.0000572939  -0.0000091396
   3.5362963317   0.0001308880  -0.0000581225  -0.0000010619
   3.5507301943   0.0000626946  -0.0000398856   0.0000098033
   3.5651640569  -0.0000464801  -0.0000028462   0.0000206798
   3.5795979195  -0.0001742368   0.0000467634   0.0000280749
   3.5940317820  -0.0002869438   0.0000971917   0.0000286905
   3.6084656446  -0.0003466964   0.0001332790   0.0000204417
   3.6228995072  -0.0003203599   0.0001398538   0.0000033022
   3.6373333698  -0.0001884438   0.0001056347  -0.0000202821
   3.6517672323   0.0000485336   0.0000266451  -0.0000455679
   3.6662010949   0.0003679593  -0.0000917914  -0.0000662849
   3.6806349575   0.0007280181  -0.0002350861  -0.0000758488
   3.6950688201   0.0010750111  -0.0003815685  -0.0000687457
   3.7095026827   0.0013534609  -0.0005064000  -0.0000417692
   3.7239365452   0.0015167229  -0.0005863771   0.0000051772
   3.7383704078   0.0015357786  -0.0006045633   0.0000688906
   3.7528042704   0.0014043975  -0.0005537433   0.0001433292
   3.7672381330   0.0011397538  -0.0004379688   0.0002206152
   3.7816719956   0.0007786172  -0.0002719066   0.0002923572
   3.7961058581   0.0003701530  -0.0000781768   0.0003510203
   3.8105397207  -0.0000330255   0.0001167238   0.0003910778
   3.8249735833  -0.0003837057   0.0002870588   0.0004097430
   3.8394074459  -0.0006471708   0.0004121352   0.0004071797
   3.8538413084  -0.0008053892   0.0004794463   0.0003861983
   3.8682751710  -0.0008578256   0.0004861620   0.0003515425
   3.8827090336  -0.0008191034   0.0004388121   0.0003089380
   3.8971428962  -0.0007143256   0.0003513635   0.0002641008
   3.9115767588  -0.0005732240   0.0002421803   0.0002218869
   3.9260106213  -0.0004243863   0.0001305245   0.0001857180
   3.9404444839  -0.0002906353   0.0000332775   0.0001573452
   3.9548783465  -0.0001862492  -0.0000375503   0.0001369411
   3.9693122091  -0.0001162470  -0.0000761648   0.0001234485
   3.9837460717  -0.0000775115  -0.0000830901   0.0001150758
   3.9981799342  -0.0000611972  -0.0000641718   0.0001098191
   4.0126137968  -0.0000557176  -0.0000288094   0.0001059096
   4.0270476594  -0.0000496350   0.0000121624   0.0001021176
   4.0414815220  -0.0000339345   0.0000485262   0.0000978860
   4.0559153845  -0.0000033984   0.0000723308   0.0000933056
   4.0703492471   0.0000429751   0.0000789222   0.0000889690
   4.0847831097   0.0001023766   0.0000672866   0.0000857562
   4.0992169723   0.0001691695   0.0000397575   0.0000846025
   4.1136508349   0.0002361694   0.0000012325   0.0000862927
   4.1280846974   0.0002959482  -0.0000418999   0.0000913120
   4.1425185600   0.0003419497  -0.0000829150   0.0000997655
   4.1569524226   0.0003692808  -0.0001157965   0.0001113677
   4.1713862852   0.0003751258  -0.0001360331   0.0001254902
   4.1858201478   0.0003588079  -0.0001410851   0.0001412486
   4.2002540103   0.0003215777  -0.0001305097   0.0001576096
   4.2146878729   0.0002662370  -0.0001057830   0.0001734971
   4.2291217355   0.0001967026  -0.0000698994   0.0001878870
   4.2435555981   0.0001175863  -0.0000268428   0.0001998808
   4.2579894606   0.0000338285   0.0000189782   0.0002087588
   4.2724233232  -0.0000496114   0.0000632582   0.0002140131
   4.2868571858  -0.0001280234   0.0001022326   0.0002153662
   4.3012910484  -0.0001971950   0.0001329983   0.0002127755
   4.3157249110  -0.0002536411   0.0001537044   0.0002064271
   4.3301587735  -0.0002948082   0.0001636142   0.0001967170
   4.3445926361  -0.0003192296   0.0001630509   0.0001842205
   4.3590264987  -0.0003266101   0.0001532454   0.0001696508
   4.3734603613  -0.0003178232   0.0001361146   0.0001538067
   4.3878942239  -0.0002948173   0.0001139998   0.0001375166
   4.4023280864  -0.0002604342   0.0000893994   0.0001215788
   4.4167619490  -0.0002181548   0.0000647201   0.0001067067
   4.4311958116  -0.0001717912   0.0000420689   0.0000934813
   4.4456296742  -0.0001251512   0.0000230953   0.0000823151
   4.4600635367  -0.0000817074   0.0000088905   0.0000734318
   4.4744973993  -0.0000443060  -0.0000000555   0.0000668632
   4.4889312619  -0.0000149502  -0.0000038376   0.0000624633
   4.5033651245   0.0000053188  -0.0000030650   0.0000599392
   4.5177989871   0.0000164299   0.0000012577   0.0000588937
   4.5322328496   0.0000191879   0.0000078832   0.0000588748
   4.5466667122   0.0000150954   0.0000154872   0.0000594247
   4.5611005748   0.0000061209   0.0000228255   0.0000601248
   4.5755344374  -0.0000055563   0.0000288621   0.0000606304
   4.5899682999  -0.0000177952   0.0000328562   0.0000606946
   4.6044021625  -0.0000287095   0.0000344037   0.0000601773
   4.6188360251  -0.0000368347   0.0000334383   0.0000590426
   4.6332698877  -0.0000412314   0.0000301982   0.0000573445
   4.6477037503  -0.0000415197   0.0000251670   0.0000552047
   4.6621376128  -0.0000378503   0.0000189969   0.0000527883
   4.6765714754  -0.0000308214   0.0000124185   0.0000502789
   4.6910053380  -0.0000213608   0.0000061485   0.0000478568
   4.7054392006  -0.0000105907   0.0000008052   0.0000456824
   4.7198730632   0.0000003066  -0.0000031563   0.0000438845
   4.7343069257   0.0000102129  -0.0000054795   0.0000425533
   4.7487407883   0.0000181809  -0.0000061094   0.0000417379
   4.7631746509   0.0000235202  -0.0000051682   0.0000414460
   4.7776085135   0.0000258592  -0.0000029137   0.0000416449
   4.7920423760   0.0000251747   0.0000003074   0.0000422628
   4.8064762386   0.0000217842   0.0000041007   0.0000431916
   4.8209101012   0.0000162987   0.0000080570   0.0000442927
   4.8353439638   0.0000095413   0.0000117799   0.0000454063
   4.8497778264   0.0000024427   0.0000149110   0.0000463635
   4.8642116889  -0.0000040691   0.0000171586   0.0000470009
   4.8786455515  -0.0000091744   0.0000183261   0.0000471765
   4.8930794141  -0.0000122508   0.0000183345   0.0000467886
   4.9075132767  -0.0000129426   0.0000172325   0.0000457951
   4.9219471393  -0.0000112022   0.0000151878   0.0000442306
   4.9363810018  -0.0000073006   0.0000124634   0.0000422171
   4.9508148644  -0.0000017974   0.0000093822   0.0000399606
   4.9652487270   0.0000045294   0.0000062905   0.0000377334
   4.9796825896   0.0000107932   0.0000035226   0.0000358428
   4.9941164521   0.0000161317   0.0000013721   0.0000345895
   5.0085503147   0.0000198435   0.0000000657   0.0000342209
   5.0229841773   0.0000214992  -0.0000002589   0.0000348856
   5.0374180399   0.0000210056   0.0000004276   0.0000365945
   5.0518519025   0.0000186074   0.0000020345   0.0000391969
   5.0662857650   0.0000148299   0.0000043530   0.0000423798
   5.0807196276   0.0000103755   0.0000070757   0.0000456928
   5.0951534902   0.0000060001   0.0000098379   0.0000485985
   5.1095873528   0.0000023926   0.0000122732   0.0000505408
   5.1240212154   0.0000000739   0.0000140749   0.0000510262
   5.1384550779  -0.0000006715   0.0000150475   0.0000497076
   5.1528889405   0.0000001715   0.0000151353   0.0000464625
   5.1673228031   0.0000023560   0.0000144221   0.0000414529
   5.1817566657   0.0000054213   0.0000131047   0.0000351504
   5.1961905282   0.0000087780   0.0000114485   0.0000283161
   5.2106243908   0.0000118176   0.0000097396   0.0000219312
   5.2250582534   0.0000140274   0.0000082405   0.0000170832
   5.2394921160   0.0000150861   0.0000071571   0.0000148216
   5.2539259786   0.0000149207   0.0000066188   0.0000159961
   5.2683598411   0.0000137117   0.0000066690   0.0000210966
   5.2827937037   0.0000118434   0.0000072672   0.0000301129
   5.2972275663   0.0000098113   0.0000082995   0.0000424398
   5.3116614289   0.0000081052   0.0000095970   0.0000568500
   5.3260952914   0.0000070950   0.0000109614   0.0000715541
   5.3405291540   0.0000069456   0.0000121963   0.0000843530
   5.3549630166   0.0000075827   0.0000131416   0.0000928767
   5.3693968792   0.0000087144   0.0000137035   0.0000948924
   5.3838307418   0.0000099023   0.0000138720   0.0000886562
   5.3982646043   0.0000106640   0.0000137186   0.0000732724
   5.4126984669   0.0000105850   0.0000133730   0.0000490111
   5.4271323295   0.0000094213   0.0000129851   0.0000175278
   5.4415661921   0.0000071741   0.0000126840  -0.0000180742
   5.4560000547   0.0000041244   0.0000125482  -0.0000533850
   5.4704339172   0.0000008148   0.0000125953  -0.0000830530
   5.4848677798  -0.0000020229   0.0000127913  -0.0001013691
   5.4993016424  -0.0000035868   0.0000130754  -0.0001030295
   5.5137355050  -0.0000031530   0.0000133892  -0.0000840085
   5.5281693675  -0.0000002278   0.0000137011  -0.0000424398
   5.5426032301   0.0000053189   0.0000140179   0.0000206246
   5.5570370927   0.0000131613   0.0000143807   0.0001007205
   5.5714709553   0.0000224870   0.0000148481   0.0001898816
   5.5859048179   0.0000320447   0.0000154741   0.0002770544
   5.6003386804   0.0000402768   0.0000162883   0.0003490612
   5.6147725430   0.0000455308   0.0000172855   0.0003920802
   5.6292064056   0.0000463188   0.0000184254   0.0003935279
   5.6436402682   0.0000415841   0.0000196396   0.0003441504
   5.6580741308   0.0000309317   0.0000208404   0.0002400587
   5.6725079933   0.0000147837   0.0000219288   0.0000843923
   5.6869418559  -0.0000055636   0.0000228023  -0.0001117110
   5.7013757185  -0.0000279943   0.0000233660  -0.0003291224
   5.7158095811  -0.0000497463   0.0000235491  -0.0005418882
   5.7302434436  -0.0000676913   0.0000233242  -0.0007195939
   5.7446773062  -0.0000786996   0.0000227252  -0.0008307902
   5.7591111688  -0.0000800512   0.0000218552  -0.0008471745
   5.7735450314  -0.0000698458   0.0000208804  -0.0007480641
   5.7879788940  -0.0000473674   0.0000200067  -0.0005245798
   5.8024127565  -0.0000133564   0.0000194461  -0.0001829087
   5.8168466191   0.0000298508   0.0000193769   0.0002539589
   5.8312804817   0.0000783583   0.0000199110   0.0007464981
   5.8457143443   0.0001269530   0.0000210752   0.0012411822
   5.8601482069   0.0001695589   0.0000228147   0.0016752576
   5.8745820694   0.0001998757   0.0000250179   0.0019834260
   5.8890159320   0.0002121397   0.0000275554   0.0021058045
   5.9034497946   0.0002019193   0.0000303178   0.0019962923
   5.9178836572   0.0001668487   0.0000332395   0.0016303166
   5.9323175197   0.0001072028   0.0000362984   0.0010108878
   5.9467513823   0.0000262255   0.0000394935   0.0001719933
   5.9611852449  -0.0000698593   0.0000428090  -0.0008214009
   5.9756191075  -0.0001721925   0.0000461795  -0.0018771010
   5.9900529701  -0.0002699804   0.0000494665  -0.0028831047
   6.0044868326  -0.0003514997   0.0000524543  -0.0037181439
   6.0189206952  -0.0004053177   0.0000548675  -0.0042643874
   6.0333545578  -0.0004216046   0.0000564085  -0.0044210164
   6.0477884204  -0.0003933996   0.0000568129  -0.0041171889
   6.0622222830  -0.0003176844   0.0000559104  -0.0033228786
   6.0766561455  -0.0001961249   0.0000536819  -0.0020562218
   6.0910900081  -0.0000353689   0.0000502998  -0.0003863346
   6.1055238707   0.0001531702   0.0000461438   0.0015689690
   6.1199577333   0.0003540532   0.0000417914   0.0036505740
   6.1343915958   0.0005490209   0.0000379839   0.0056700437
   6.1488254584   0.0007185549   0.0000355688   0.0074251457
   6.1632593210   0.0008436375   0.0000354176   0.0087175042
   6.1776931836   0.0009075336   0.0000383220   0.0093707050
   6.1921270462   0.0008974145   0.0000448762   0.0092471090
   6.2065609087   0.0008056565   0.0000553647   0.0082617402
   6.2209947713   0.0006306879   0.0000696752   0.0063919100
   6.2354286339   0.0003773057   0.0000872580   0.0036816770
   6.2498624965   0.0000564458   0.0001071412   0.0002407526
   6.2642963590  -0.0003155570   0.0001280029  -0.0037620149
   6.2787302216  -0.0007181352   0.0001482927  -0.0081099577
   6.2931640842  -0.0011279688   0.0001663872  -0.0125536897
   6.3075979468  -0.0015206453   0.0001807600  -0.0168286709
   6.3220318094  -0.0018723639   0.0001901436  -0.0206737522
   6.3364656719  -0.0021615503   0.0001936599  -0.0238492000
   6.3508995345  -0.0023702644   0.0001909053  -0.0261528284
   6.3653333971  -0.0024853089   0.0001819857  -0.0274331075
   6.3797672597  -0.0024989712   0.0001675050  -0.0275984283
   6.3942011223  -0.0024093649   0.0001485138  -0.0266220392
   6.4086349848  -0.0022203691   0.0001264234  -0.0245425123
   6.4230688474  -0.0019411952   0.0001028851  -0.0214599164
   6.4375027100  -0.0015856379   0.0000796398  -0.0175281667
   6.4519365726  -0.0011710839   0.0000583444  -0.0129442573
   6.4663704351  -0.0007173630   0.0000403917  -0.0079352409
   6.4808042977  -0.0002455194   0.0000267416  -0.0027438999
   6.4952381603   0.0002234174   0.0000177848   0.0023859317
   6.5096720229   0.0006695925   0.0000132514   0.0072234784
   6.5241058855   0.0010753513   0.0000121792   0.0115637161
   6.5385397480   0.0014260736   0.0000129470   0.0152379140
   6.5529736106   0.0017107745   0.0000133774   0.0181214451
   6.5674074732   0.0019224418   0.0000109050   0.0201384857
   6.5818413358   0.0020581018   0.0000027957   0.0212634411
   6.5962751984   0.0021186245  -0.0000136016   0.0215191666
   6.6107090609   0.0021082996  -0.0000405973   0.0209722547
   6.6251429235   0.0020342373  -0.0000799231   0.0197258557
   6.6395767861   0.0019056594  -0.0001325336   0.0179106524
   6.6540106487   0.0017331477  -0.0001984649   0.0156747257
   6.6684445112   0.0015279078  -0.0002767610   0.0131731034
   6.6828783738   0.0013010919  -0.0003654731   0.0105577633
   6.6973122364   0.0010632111  -0.0004617307   0.0079687727
   6.7117460990   0.0008236627  -0.0005618768   0.0055271085
   6.7261799616   0.0005903903  -0.0006616582   0.0033295278
   6.7406138241   0.0003696910  -0.0007564570   0.0014456721
   6.7550476867   0.0001661672  -0.0008415500  -0.0000826110
   6.7694815493  -0.0000171916  -0.0009123825  -0.0012399339
   6.7839154119  -0.0001788262  -0.0009648386  -0.0020343936
   6.7983492745  -0.0003183587  -0.0009954866  -0.0024934350
   6.8127831370  -0.0004363135  -0.0010017762  -0.0026590681
   6.8272169996  -0.0005338417  -0.0009821693  -0.0025829228
   6.8416508622  -0.0006124742  -0.0009361951  -0.0023215393
   6.8560847248  -0.0006739170  -0.0008644364  -0.0019321823
   6.8705185873  -0.0007198876  -0.0007684629  -0.0014693485
   6.8849524499  -0.0007519874  -0.0006507342  -0.0009820400
   6.8993863125  -0.0007716018  -0.0005144838  -0.0005117979
   6.9138201751  -0.0007798318  -0.0003635903  -0.0000914538
   6.9282540377  -0.0007774712  -0.0002024269   0.0002554606
   6.9426879002  -0.0007650406  -0.0000356834   0.0005147037
   6.9571217628  -0.0007428759   0.0001318410   0.0006807836
   6.9715556254  -0.0007112489   0.0002954614   0.0007559765
   6.9859894880  -0.0006704844   0.0004508247   0.0007490151
   7.0004233506  -0.0006210389   0.0005940919   0.0006735669
   7.0148572131  -0.0005635253   0.0007220607   0.0005466075
   7.0292910757  -0.0004986939   0.0008322177   0.0003867681
   7.0437249383  -0.0004273971   0.0009227266   0.0002127210
   7.0581588009  -0.0003505732   0.0009923792   0.0000416702
   7.0725926634  -0.0002692699   0.0010405417  -0.0001119599
   7.0870265260  -0.0001847040   0.0010671192  -0.0002375233
   7.1014603886  -0.0000983288   0.0010725445  -0.0003287259
   7.1158942512  -0.0000118642   0.0010577731  -0.0003836880
   7.1303281138   0.0000727454   0.0010242562  -0.0004044831
   7.1447619763   0.0001534542   0.0009738726  -0.0003962226
   7.1591958389   0.0002282923   0.0009088183  -0.0003658530
   7.1736297015   0.0002955451   0.0008314771  -0.0003208928
   7.1880635641   0.0003538827   0.0007443003  -0.0002683463
   7.2024974266   0.0004024085   0.0006497227  -0.0002139680
   7.2169312892   0.0004406325   0.0005501199  -0.0001619399
   7.2313651518   0.0004684013   0.0004477964  -0.0001149064
   7.2457990144   0.0004858253   0.0003449825  -0.0000742401
   7.2602328770   0.0004932336   0.0002438199  -0.0000404050
   7.2746667395   0.0004911608   0.0001463238  -0.0000133134
   7.2891006021   0.0004803522   0.0000543251   0.0000073763
   7.3035344647   0.0004617600  -0.0000305933   0.0000220550
   7.3179683273   0.0004365134  -0.0001071488   0.0000310682
   7.3324021899   0.0004058583  -0.0001743856   0.0000347364
   7.3468360524   0.0003710845  -0.0002316756   0.0000334676
   7.3612699150   0.0003334596  -0.0002787008   0.0000279075
   7.3757037776   0.0002941893  -0.0003154296   0.0000190626
   7.3901376402   0.0002544035  -0.0003420956   0.0000083395
   7.4045715027   0.0002151539  -0.0003591800  -0.0000025270
   7.4190053653   0.0001774065  -0.0003673889  -0.0000116578
   7.4334392279   0.0001420176  -0.0003676232  -0.0000173034
   7.4478730905   0.0001096984  -0.0003609371  -0.0000181609
   7.4623069531   0.0000809769  -0.0003484892  -0.0000136584
   7.4767408156   0.0000561718  -0.0003314917  -0.0000041215
   7.4911746782   0.0000353835  -0.0003111622   0.0000092485
   7.5056085408   0.0000185049  -0.0002886788   0.0000245970
   7.5200424034   0.0000052497  -0.0002651406   0.0000397836
   7.5344762660  -0.0000048046  -0.0002415316   0.0000527942
   7.5489101285  -0.0000121625  -0.0002186890   0.0000620987
   7.5633439911  -0.0000173552  -0.0001972776   0.0000668910
   7.5777778537  -0.0000208901  -0.0001777723   0.0000671845
   7.5922117163  -0.0000232133  -0.0001604558   0.0000637618
   7.6066455788  -0.0000246868  -0.0001454325   0.0000579828
   7.6210794414  -0.0000255812  -0.0001326590   0.0000514753
   7.6355133040  -0.0000260844  -0.0001219827   0.0000457663
   7.6499471666  -0.0000263251  -0.0001131785   0.0000419450
   7.6643810292  -0.0000264038  -0.0001059776   0.0000404517
   7.6788148917  -0.0000264220  -0.0001000867   0.0000410456
   7.6932487543  -0.0000264952  -0.0000952033   0.0000429439
   7.7076826169  -0.0000267449  -0.0000910295   0.0000450759
   7.7221164795  -0.0000272734  -0.0000872865   0.0000463767
   7.7365503421  -0.0000281353  -0.0000837258   0.0000460564
   7.7509842046  -0.0000293192  -0.0000801355   0.0000437955
   7.7654180672  -0.0000307453  -0.0000763465   0.0000398268
   7.7798519298  -0.0000322775  -0.0000722392   0.0000348779
   7.7942857924  -0.0000337444  -0.0000677550   0.0000299787
   7.8087196549  -0.0000349642  -0.0000629038   0.0000261839
   7.8231535175  -0.0000357746  -0.0000577631   0.0000242903
   7.8375873801  -0.0000360622  -0.0000524640   0.0000246345
   7.8520212427  -0.0000357853  -0.0000471672   0.0000270188
   7.8664551053  -0.0000349823  -0.0000420381   0.0000307685
   7.8808889678  -0.0000337608  -0.0000372259   0.0000348917
   7.8953228304  -0.0000322712  -0.0000328489   0.0000383032
   7.9097566930  -0.0000306742  -0.0000289850   0.0000400706
   7.9241905556  -0.0000291115  -0.0000256665   0.0000396380
   7.9386244181  -0.0000276852  -0.0000228816   0.0000369689
   7.9530582807  -0.0000264470  -0.0000205862   0.0000325612
   7.9674921433  -0.0000253978  -0.0000187193   0.0000273177
   7.9819260059  -0.0000244971  -0.0000172189   0.0000223082
