   0.0000000000   0.0000000000   0.0000000000   0.0000000000
   0.0144338626   0.0000000000   0.0000000000   0.0000000000
   0.0288677252   0.0000000000   0.0000000000   0.0000000000
   0.0433015877   0.0000000000   0.0000000000   0.0000000000
   0.0577354503   0.0000000000   0.0000000000   0.0000000000
   0.0721693129   0.0000000000   0.0000000000   0.0000000000
   0.0866031755  -0.0000000000   0.0000000000  -0.0000000000
   0.1010370380   0.0000000000  -0.0000000000   0.0000000000
   0.1154709006   0.0000000000  -0.0000000000  -0.0000000000
   0.1299047632   0.0000000000  -0.0000000000  -0.0000000000
   0.1443386258   0.0000000000  -0.0000000000  -0.0000000000
   0.1587724884   0.0000000000  -0.0000000000  -0.0000000000
   0.1732063509   0.0000000000  -0.0000000000  -0.0000000000
   0.1876402135   0.0000000000   0.0000000000  -0.0000000000
   0.2020740761   0.0000000000   0.0000000000  -0.0000000000
   0.2165079387   0.0000000000   0.0000000000  -0.0000000000
   0.2309418013   0.0000000000  -0.0000000000  -0.0000000000
   0.2453756638   0.0000000000  -0.0000000000  -0.0000000000
   0.2598095264   0.0000000000   0.0000000000   0.0000000000
   0.2742433890   0.0000000000   0.0000000000   0.0000000000
   0.2886772516  -0.0000000000   0.0000000000  -0.0000000000
   0.3031111141  -0.0000000000  -0.0000000000  -0.0000000000
   0.3175449767  -0.0000000000  -0.0000000000   0.0000000000
   0.3319788393   0.0000000000  -0.0000000000   0.0000000000
   0.3464127019   0.0000000000   0.0000000000   0.0000000000
   0.3608465645   0.0000000000   0.0000000000   0.0000000000
   0.3752804270  -0.0000000000  -0.0000000000  -0.0000000000
   0.3897142896  -0.0000000000  -0.0000000000  -0.0000000000
   0.4041481522   0.0000000000  -0.0000000000  -0.0000000000
   0.4185820148   0.0000000000   0.0000000000   0.0000000000
   0.4330158774   0.0000000000   0.0000000000   0.0000000000
   0.4474497399  -0.0000000000   0.0000000000  -0.0000000000
   0.4618836025  -0.0000000000  -0.0000000000  -0.0000000000
   0.4763174651  -0.0000000000  -0.0000000000  -0.0000000000
   0.4907513277   0.0000000000   0.0000000000   0.0000000000
   0.5051851902   0.0000000000   0.0000000000   0.0000000000
   0.5196190528   0.0000000000   0.0000000000   0.0000000000
   0.5340529154  -0.0000000000  -0.0000000000  -0.0000000000
   0.5484867780  -0.0000000000  -0.0000000000  -0.0000000000
   0.5629206406   0.0000000000  -0.0000000000   0.0000000000
   0.5773545031   0.0000000000   0.0000000000   0.0000000000
   0.5917883657   0.0000000000   0.0000000000   0.0000000000
   0.6062222283  -0.0000000000  -0.0000000000  -0.0000000000
   0.6206560909  -0.0000000000  -0.0000000000  -0.0000000000
   0.6350899535  -0.0000000000  -0.0000000000  -0.0000000000
   0.6495238160   0.0000000000   0.0000000000   0.0000000000
   0.6639576786   0.0000000000   0.0000000000   0.0000000000
   0.6783915412   0.0000000000   0.0000000000   0.0000000000
   0.6928254038  -0.0000000000  -0.0000000000  -0.0000000000
   0.7072592663  -0.0000000000  -0.0000000000  -0.0000000000
   0.7216931289   0.0000000000  -0.0000000000  -0.0000000000
   0.7361269915   0.0000000000   0.0000000000   0.0000000000
   0.7505608541   0.0000000000   0.0000000000   0.0000000000
   0.7649947167  -0.0000000000   0.0000000000   0.0000000000
   0.7794285792  -0.0000000000  -0.0000000000  -0.0000000000
   0.7938624418  -0.0000000000  -0.0000000000  -0.0000000000
   0.8082963044   0.0000000000   0.0000000000  -0.0000000000
   0.8227301670   0.0000000000   0.0000000000   0.0000000000
   0.8371640296   0.0000000000   0.0000000000   0.0000000000
   0.8515978921  -0.0000000000  -0.0000000000   0.0000000000
   0.8660317547  -0.0000000000  -0.0000000000  -0.0000000000
   0.8804656173  -0.0000000000  -0.0000000000  -0.0000000000
   0.8948994799   0.0000000000   0.0000000000   0.0000000000
   0.9093333424   0.0000000000   0.0000000000   0.0000000000
   0.9237672050   0.0000000000   0.0000000000   0.0000000000
   0.9382010676  -0.0000000000  -0.0000000000  -0.0000000000
   0.9526349302  -0.0000000000  -0.0000000000  -0.0000000000
   0.9670687928  -0.0000000000  -0.0000000000  -0.0000000000
   0.9815026553   0.0000000000   0.0000000000  -0.0000000000
   0.9959365179   0.0000000000   0.0000000000   0.0000000000
   1.0103703805   0.0000000000   0.0000000000   0.0000000000
   1.0248042431  -0.0000000000  -0.0000000000   0.0000000000
   1.0392381056  -0.0000000000  -0.0000000000  -0.0000000000
   1.0536719682  -0.0000000000  -0.0000000000  -0.0000000000
   1.0681058308   0.0000000000   0.0000000000  -0.0000000000
   1.0825396934   0.0000000000   0.0000000000   0.0000000000
   1.0969735560   0.0000000000   0.0000000000   0.0000000000
   1.1114074185  -0.0000000000   0.0000000000   0.0000000000
   1.1258412811  -0.0000000000   0.0000000000  -0.0000000000
   1.1402751437  -0.0000000000   0.0000000000  -0.0000000000
   1.1547090063  -0.0000000000  -0.0000000000  -0.0000000000
   1.1691428689   0.0000000000  -0.0000000000  -0.0000000000
   1.1835767314   0.0000000000  -0.0000000000   0.0000000000
   1.1980105940   0.0000000000   0.0000000000   0.0000000000
   1.2124444566  -0.0000000000   0.0000000000   0.0000000000
   1.2268783192  -0.0000000000   0.0000000000  -0.0000000000
   1.2413121817  -0.0000000000  -0.0000000000  -0.0000000000
   1.2557460443   0.0000000000  -0.0000000000  -0.0000000000
   1.2701799069   0.0000000000  -0.0000000000  -0.0000000000
   1.2846137695   0.0000000000   0.0000000000   0.0000000000
   1.2990476321  -0.0000000000   0.0000000000   0.0000000000
   1.3134814946  -0.0000000000   0.0000000000   0.0000000000
   1.3279153572  -0.0000000000   0.0000000000  -0.0000000000
   1.3423492198   0.0000000000  -0.0000000000  -0.0000000000
   1.3567830824   0.0000000000  -0.0000000000  -0.0000000000
   1.3712169450   0.0000000000  -0.0000000000   0.0000000000
   1.3856508075  -0.0000000000   0.0000000000   0.0000000000
   1.4000846701  -0.0000000000   0.0000000000   0.0000000000
   1.4145185327  -0.0000000000   0.0000000000  -0.0000000000
   1.4289523953   0.0000000000  -0.0000000000  -0.0000000000
   1.4433862578   0.0000000000  -0.0000000000  -0.0000000000
   1.4578201204   0.0000000000  -0.0000000000   0.0000000000
   1.4722539830  -0.0000000000   0.0000000000   0.0000000000
   1.4866878456  -0.0000000000   0.0000000000   0.0000000000
   1.5011217082  -0.0000000000   0.0000000000  -0.0000000000
   1.5155555707   0.0000000000  -0.0000000000  -0.0000000000
   1.5299894333   0.0000000000  -0.0000000000  -0.0000000000
   1.5444232959   0.0000000000   0.0000000000   0.0000000000
   1.5588571585  -0.0000000000   0.0000000000   0.0000000000
   1.5732910211  -0.0000000000   0.0000000000   0.0000000000
   1.5877248836  -0.0000000000  -0.0000000000  -0.0000000000
   1.6021587462   0.0000000000  -0.0000000000  -0.0000000000
   1.6165926088   0.0000000000  -0.0000000000  -0.0000000000
   1.6310264714   0.0000000000   0.0000000000   0.0000000000
   1.6454603339  -0.0000000000   0.0000000000   0.0000000000
   1.6598941965  -0.0000000000   0.0000000000   0.0000000000
   1.6743280591  -0.0000000000  -0.0000000000  -0.0000000000
   1.6887619217   0.0000000000  -0.0000000000  -0.0000000000
   1.7031957843   0.0000000000  -0.0000000000  -0.0000000000
   1.7176296468  -0.0000000000   0.0000000000  -0.0000000000
   1.7320635094  -0.0000000000   0.0000000000   0.0000000000
   1.7464973720  -0.0000000000   0.0000000000   0.0000000000
   1.7609312346   0.0000000000  -0.0000000000   0.0000000000
   1.7753650971   0.0000000000  -0.0000000000  -0.0000000000
   1.7897989597   0.0000000000  -0.0000000000  -0.0000000000
   1.8042328223  -0.0000000000   0.0000000000  -0.0000000000
   1.8186666849  -0.0000000000   0.0000000000   0.0000000000
   1.8331005475  -0.0000000000   0.0000000000   0.0000000000
   1.8475344100   0.0000000000  -0.0000000000   0.0000000000
   1.8619682726   0.0000000000  -0.0000000000  -0.0000000000
   1.8764021352   0.0000000000  -0.0000000000  -0.0000000000
   1.8908359978  -0.0000000000   0.0000000000  -0.0000000000
   1.9052698604  -0.0000000000   0.0000000000   0.0000000000
   1.9197037229  -0.0000000000   0.0000000000   0.0000000000
   1.9341375855   0.0000000000  -0.0000000000   0.0000000000
   1.9485714481   0.0000000000  -0.0000000000  -0.0000000000
   1.9630053107   0.0000000000  -0.0000000000  -0.0000000000
   1.9774391732  -0.0000000000   0.0000000000  -0.0000000000
   1.9918730358  -0.0000000000   0.0000000000   0.0000000000
   2.0063068984  -0.0000000000   0.0000000000   0.0000000000
   2.0207407610   0.0000000000  -0.0000000000   0.0000000000
   2.0351746236   0.0000000000  -0.0000000000  -0.0000000000
   2.0496084861   0.0000000000  -0.0000000000  -0.0000000000
   2.0640423487  -0.0000000000  -0.0000000000  -0.0000000000
   2.0784762113  -0.0000000001   0.0000000000   0.0000000000
   2.0929100739  -0.0000000000   0.0000000000   0.0000000001
   2.1073439365   0.0000000000   0.0000000000   0.0000000000
   2.1217777990   0.0000000001  -0.0000000000  -0.0000000001
   2.1362116616   0.0000000000  -0.0000000000  -0.0000000001
   2.1506455242  -0.0000000001   0.0000000000  -0.0000000000
   2.1650793868  -0.0000000001   0.0000000000   0.0000000001
   2.1795132493   0.0000000000   0.0000000000   0.0000000001
   2.1939471119   0.0000000002  -0.0000000001   0.0000000000
   2.2083809745   0.0000000002  -0.0000000001  -0.0000000002
   2.2228148371  -0.0000000001  -0.0000000000  -0.0000000002
   2.2372486997  -0.0000000004   0.0000000001   0.0000000000
   2.2516825622  -0.0000000006   0.0000000002   0.0000000005
   2.2661164248  -0.0000000004   0.0000000002   0.0000000008
   2.2805502874   0.0000000002   0.0000000000   0.0000000005
   2.2949841500   0.0000000009  -0.0000000003  -0.0000000005
   2.3094180126   0.0000000015  -0.0000000005  -0.0000000016
   2.3238518751   0.0000000017  -0.0000000007  -0.0000000021
   2.3382857377   0.0000000014  -0.0000000006  -0.0000000014
   2.3527196003   0.0000000001  -0.0000000002   0.0000000004
   2.3671534629  -0.0000000026   0.0000000007   0.0000000028
   2.3815873254  -0.0000000062   0.0000000020   0.0000000051
   2.3960211880  -0.0000000093   0.0000000033   0.0000000062
   2.4104550506  -0.0000000087   0.0000000034   0.0000000050
   2.4248889132  -0.0000000015   0.0000000012   0.0000000002
   2.4393227758   0.0000000130  -0.0000000037  -0.0000000087
   2.4537566383   0.0000000307  -0.0000000100  -0.0000000198
   2.4681905009   0.0000000423  -0.0000000146  -0.0000000279
   2.4826243635   0.0000000361  -0.0000000135  -0.0000000250
   2.4970582261   0.0000000037  -0.0000000036  -0.0000000042
   2.5114920887  -0.0000000535   0.0000000152   0.0000000349
   2.5259259512  -0.0000001196   0.0000000381   0.0000000816
   2.5403598138  -0.0000001638   0.0000000551   0.0000001134
   2.5547936764  -0.0000001473   0.0000000533   0.0000001016
   2.5692275390  -0.0000000383   0.0000000211   0.0000000241
   2.5836614015   0.0000001662  -0.0000000442  -0.0000001188
   2.5980952641   0.0000004192  -0.0000001298  -0.0000002906
   2.6125291267   0.0000006151  -0.0000002029  -0.0000004162
   2.6269629893   0.0000006096  -0.0000002157  -0.0000003985
   2.6413968519   0.0000002744  -0.0000001219  -0.0000001572
   2.6558307144  -0.0000004217   0.0000000972   0.0000003175
   2.6702645770  -0.0000013363   0.0000004049   0.0000009185
   2.6846984396  -0.0000021266   0.0000006953   0.0000014107
   2.6991323022  -0.0000023138   0.0000008083   0.0000014806
   2.7135661647  -0.0000014519   0.0000005814   0.0000008527
   2.7280000273   0.0000006309  -0.0000000688  -0.0000005544
   2.7424338899   0.0000036013  -0.0000010624  -0.0000024855
   2.7568677525   0.0000065159  -0.0000021080  -0.0000042972
   2.7713016151   0.0000079552  -0.0000027327  -0.0000050646
   2.7857354776   0.0000064505  -0.0000024135  -0.0000038749
   2.8001693402   0.0000011503  -0.0000007976  -0.0000002640
   2.8146032028  -0.0000074707   0.0000020464   0.0000053414
   2.8290370654  -0.0000171769   0.0000054506   0.0000113882
   2.8434709280  -0.0000241460   0.0000081602   0.0000153769
   2.8579047905  -0.0000239577   0.0000086233   0.0000145628
   2.8723386531  -0.0000133001   0.0000055500   0.0000070760
   2.8867725157   0.0000080769  -0.0000013947  -0.0000068818
   2.9012063783   0.0000359370  -0.0000110210  -0.0000242661
   2.9156402408   0.0000614987  -0.0000204734  -0.0000393361
   2.9300741034   0.0000732833  -0.0000257510  -0.0000449846
   2.9445079660   0.0000607914  -0.0000229156  -0.0000351146
   2.9589418286   0.0000191332  -0.0000097341  -0.0000074593
   2.9733756912  -0.0000469445   0.0000127713   0.0000341326
   2.9878095537  -0.0001214664   0.0000395271   0.0000790415
   3.0022434163  -0.0001795175   0.0000619443   0.0001116564
   3.0166772789  -0.0001937630   0.0000700144   0.0001156823
   3.0311111415  -0.0001439613   0.0000556463   0.0000800596
   3.0455450041  -0.0000266589   0.0000163246   0.0000046409
   3.0599788666   0.0001386170  -0.0000422326  -0.0000966531
   3.0744127292   0.0003099554  -0.0001057213  -0.0001970521
   3.0888465918   0.0004319036  -0.0001539619  -0.0002630774
   3.1032804544   0.0004511899  -0.0001664288  -0.0002643830
   3.1177143169   0.0003351087  -0.0001292293  -0.0001844917
   3.1321481795   0.0000866159  -0.0000413307  -0.0000288734
   3.1465820421  -0.0002496073   0.0000823065   0.0001727392
   3.1610159047  -0.0005935310   0.0002123256   0.0003713350
   3.1754497673  -0.0008481700   0.0003115184   0.0005102105
   3.1898836298  -0.0009254613   0.0003448526   0.0005402181
   3.2043174924  -0.0007721298   0.0002901326   0.0004342392
   3.2187513550  -0.0003873979   0.0001459123   0.0001962877
   3.2331852176   0.0001735017  -0.0000661402  -0.0001379212
   3.2476190802   0.0008116840  -0.0003055937  -0.0005094086
   3.2620529427   0.0014093258  -0.0005233193  -0.0008508051
   3.2764868053   0.0018590819  -0.0006743011  -0.0011029029
   3.2909206679   0.0020891184  -0.0007292155  -0.0012277482
   3.3053545305   0.0020765488  -0.0006811964  -0.0012147108
   3.3197883930   0.0018464901  -0.0005458909  -0.0010787565
   3.3342222556   0.0014590491  -0.0003552527  -0.0008528530
   3.3486561182   0.0009902055  -0.0001475915  -0.0005779531
   3.3630899808   0.0005134107   0.0000425979  -0.0002938872
   3.3775238434   0.0000868158   0.0001918938  -0.0000331828
   3.3919577059  -0.0002523195   0.0002906377   0.0001818454
   3.4063915685  -0.0004875055   0.0003412590   0.0003395868
   3.4208254311  -0.0006200165   0.0003538683   0.0004384062
   3.4352592937  -0.0006652981   0.0003412685   0.0004854769
   3.4496931563  -0.0006494810   0.0003151088   0.0004952308
   3.4641270188  -0.0006052801   0.0002839367   0.0004869468
   3.4785608814  -0.0005662771   0.0002529238   0.0004810341
   3.4929947440  -0.0005595687   0.0002244918   0.0004941953
   3.5074286066  -0.0005983311   0.0001990659   0.0005345602
   3.5218624691  -0.0006769648   0.0001755767   0.0005985137
   3.5362963317  -0.0007713293   0.0001517961   0.0006707970
   3.5507301943  -0.0008450221   0.0001248289   0.0007284482
   3.5651640569  -0.0008603124   0.0000919868   0.0007476272
   3.5795979195  -0.0007902823   0.0000519353   0.0007110910
   3.5940317820  -0.0006279521   0.0000056805   0.0006136935
   3.6084656446  -0.0003891223  -0.0000431334   0.0004640037
   3.6228995072  -0.0001079862  -0.0000889098   0.0002816465
   3.6373333698   0.0001727290  -0.0001256247   0.0000915574
   3.6517672323   0.0004134261  -0.0001486242  -0.0000826601
   3.6662010949   0.0005870997  -0.0001559776  -0.0002240251
   3.6806349575   0.0006838388  -0.0001488533  -0.0003246524
   3.6950688201   0.0007097539  -0.0001308315  -0.0003851271
   3.7095026827   0.0006817296  -0.0001065216  -0.0004115894
   3.7239365452   0.0006204985  -0.0000801034  -0.0004119482
   3.7383704078   0.0005444694  -0.0000543513  -0.0003926554
   3.7528042704   0.0004658587  -0.0000304047  -0.0003570134
   3.7672381330   0.0003895625  -0.0000081881  -0.0003052975
   3.7816719956   0.0003143476   0.0000128520  -0.0002363310
   3.7961058581   0.0002355129   0.0000330701  -0.0001497174
   3.8105397207   0.0001480720   0.0000522506  -0.0000478028
   3.8249735833   0.0000495837   0.0000696049   0.0000634052
   3.8394074459  -0.0000580867   0.0000840428   0.0001747512
   3.8538413084  -0.0001685281   0.0000945568   0.0002757590
   3.8682751710  -0.0002721127   0.0001005626   0.0003571764
   3.8827090336  -0.0003584543   0.0001020790   0.0004133489
   3.8971428962  -0.0004191598   0.0000996971   0.0004435604
   3.9115767588  -0.0004499249   0.0000943486   0.0004518347
   3.9260106213  -0.0004512848   0.0000869569   0.0004452509
   3.9404444839  -0.0004278714   0.0000781084   0.0004313747
   3.9548783465  -0.0003866150   0.0000678937   0.0004157260
   3.9693122091  -0.0003346933   0.0000560199   0.0004001685
   3.9837460717  -0.0002780089   0.0000421805   0.0003827488
   3.9981799342  -0.0002206298   0.0000265406   0.0003589808
   4.0126137968  -0.0001651375   0.0000101084   0.0003240670
   4.0270476594  -0.0001134582  -0.0000052157   0.0002752543
   4.0414815220  -0.0000676319  -0.0000170043   0.0002135105
   4.0559153845  -0.0000301130  -0.0000229855   0.0001439662
   4.0703492471  -0.0000034622  -0.0000218053   0.0000749874
   4.0847831097   0.0000104376  -0.0000135773   0.0000161708
   4.0992169723   0.0000113217  -0.0000000128  -0.0000241211
   4.1136508349   0.0000012470   0.0000159211  -0.0000409527
   4.1280846974  -0.0000153024   0.0000306998  -0.0000340971
   4.1425185600  -0.0000321097   0.0000410793  -0.0000080537
   4.1569524226  -0.0000426659   0.0000448394   0.0000291752
   4.1713862852  -0.0000420015   0.0000412515   0.0000681534
   4.1858201478  -0.0000283284   0.0000311766   0.0001003055
   4.2002540103  -0.0000038762   0.0000167975   0.0001197928
   4.2146878729   0.0000254800   0.0000010694   0.0001245209
   4.2291217355   0.0000518005  -0.0000129644   0.0001161385
   4.2435555981   0.0000674285  -0.0000228212   0.0000991846
   4.2579894606   0.0000673630  -0.0000270444   0.0000797165
   4.2724233232   0.0000508850  -0.0000253971   0.0000637776
   4.2868571858   0.0000219101  -0.0000187822   0.0000560055
   4.3012910484  -0.0000120363  -0.0000089506   0.0000586118
   4.3157249110  -0.0000419035   0.0000019067   0.0000709129
   4.3301587735  -0.0000596549   0.0000115961   0.0000895462
   4.3445926361  -0.0000605767   0.0000183275   0.0001093882
   4.3590264987  -0.0000447636   0.0000210510   0.0001250173
   4.3734603613  -0.0000173888   0.0000196856   0.0001323587
   4.3878942239   0.0000123749   0.0000151876   0.0001300367
   4.4023280864   0.0000336139   0.0000094079   0.0001199854
   4.4167619490   0.0000366287   0.0000047073   0.0001070601
   4.4311958116   0.0000158359   0.0000033707   0.0000976791
   4.4456296742  -0.0000282173   0.0000069335   0.0000978223
   4.4600635367  -0.0000883934   0.0000156033   0.0001109466
   4.4744973993  -0.0001523066   0.0000279698   0.0001364659
   4.4889312619  -0.0002051937   0.0000411484   0.0001693596
   4.5033651245  -0.0002335977   0.0000513904   0.0002011812
   4.5177989871  -0.0002289266   0.0000550540   0.0002223174
   4.5322328496  -0.0001899761   0.0000497004   0.0002248932
   4.5466667122  -0.0001237325   0.0000350027   0.0002054262
   4.5611005748  -0.0000441307   0.0000131624   0.0001663242
   4.5755344374   0.0000310976  -0.0000113702   0.0001156375
   4.5899682999   0.0000848481  -0.0000328901   0.0000650249
   4.6044021625   0.0001052570  -0.0000459435   0.0000264804
   4.6188360251   0.0000891980  -0.0000469498   0.0000087979
   4.6332698877   0.0000435235  -0.0000354472   0.0000148717
   4.6477037503  -0.0000165089  -0.0000145213   0.0000407012
   4.6621376128  -0.0000713254   0.0000098139   0.0000764521
   4.6765714754  -0.0001025020   0.0000301968   0.0001092826
   4.6910053380  -0.0000979702   0.0000400422   0.0001270827
   4.7054392006  -0.0000553678   0.0000355662   0.0001219937
   4.7198730632   0.0000174794   0.0000170528   0.0000926683
   4.7343069257   0.0001050348  -0.0000110871   0.0000446620
   4.7487407883   0.0001886426  -0.0000415249  -0.0000110574
   4.7631746509   0.0002517591  -0.0000661387  -0.0000609590
   4.7776085135   0.0002842345  -0.0000783969  -0.0000923211
   4.7920423760   0.0002844708  -0.0000752684  -0.0000962596
   4.8064762386   0.0002590477  -0.0000580968  -0.0000697533
   4.8209101012   0.0002202301  -0.0000322073  -0.0000163171
   4.8353439638   0.0001823520  -0.0000053996   0.0000546970
   4.8497778264   0.0001582210   0.0000142145   0.0001299436
   4.8642116889   0.0001564253   0.0000204174   0.0001946721
   4.8786455515   0.0001799226   0.0000105478   0.0002355704
   4.8930794141   0.0002258098  -0.0000137944   0.0002433460
   4.9075132767   0.0002859245  -0.0000471459   0.0002145429
   4.9219471393   0.0003479689  -0.0000815413   0.0001522035
   4.9363810018   0.0003970613  -0.0001084630   0.0000651909
   4.9508148644   0.0004178004  -0.0001208694  -0.0000336914
   4.9652487270   0.0003969026  -0.0001147958  -0.0001302918
   4.9796825896   0.0003262082  -0.0000901463  -0.0002116789
   4.9941164521   0.0002054812  -0.0000505205  -0.0002679380
   5.0085503147   0.0000441845  -0.0000021788  -0.0002927394
   5.0229841773  -0.0001385272   0.0000475166  -0.0002827085
   5.0374180399  -0.0003159427   0.0000917173  -0.0002361208
   5.0518519025  -0.0004577801   0.0001253006  -0.0001517209
   5.0662857650  -0.0005351662   0.0001453703  -0.0000284094
   5.0807196276  -0.0005254532   0.0001509938   0.0001338200
   5.0951534902  -0.0004158234   0.0001423909   0.0003318220
   5.1095873528  -0.0002050982   0.0001199762   0.0005567187
   5.1240212154   0.0000962173   0.0000836893   0.0007916786
   5.1384550779   0.0004671182   0.0000329225   0.0010109655
   5.1528889405   0.0008777967  -0.0000328871   0.0011809667
   5.1673228031   0.0012913486  -0.0001131877   0.0012635404
   5.1817566657   0.0016654637  -0.0002051249   0.0012215627
   5.1961905282   0.0019545713  -0.0003026425   0.0010260710
   5.2106243908   0.0021131400  -0.0003961897   0.0006639382
   5.2250582534   0.0021006327  -0.0004732034   0.0001446552
   5.2394921160   0.0018880145  -0.0005193771  -0.0004953873
   5.2539259786   0.0014649150  -0.0005206035  -0.0011926010
   5.2683598411   0.0008458870  -0.0004653861  -0.0018608798
   5.2827937037   0.0000739477  -0.0003474181  -0.0024013803
   5.2972275663  -0.0007801089  -0.0001679224  -0.0027164323
   5.3116614289  -0.0016233497   0.0000627432  -0.0027255334
   5.3260952914  -0.0023509434   0.0003247201  -0.0023806321
   5.3405291540  -0.0028596217   0.0005898942  -0.0016777146
   5.3549630166  -0.0030622349   0.0008248410  -0.0006621773
   5.3693968792  -0.0029009959   0.0009951815   0.0005734775
   5.3838307418  -0.0023572127   0.0010707016   0.0018996864
   5.3982646043  -0.0014558993   0.0010303491   0.0031662157
   5.4126984669  -0.0002644882   0.0008661817   0.0042223279
   5.4271323295   0.0011142304   0.0005855021   0.0049374625
   5.4415661921   0.0025539682   0.0002107309   0.0052191064
   5.4560000547   0.0039199296  -0.0002230336   0.0050250443
   5.4704339172   0.0050848095  -0.0006724260   0.0043681686
   5.4848677798   0.0059435138  -0.0010915283   0.0033132763
   5.4993016424   0.0064245260  -0.0014380113   0.0019665998
   5.5137355050   0.0064963839  -0.0016787568   0.0004599756
   5.5281693675   0.0061685601  -0.0017940889  -0.0010676183
   5.5426032301   0.0054869745  -0.0017799534  -0.0024880985
   5.5570370927   0.0045252316  -0.0016477024  -0.0036990622
   5.5714709553   0.0033732827  -0.0014215443  -0.0046332606
   5.5859048179   0.0021254616  -0.0011341208  -0.0052618027
   5.6003386804   0.0008697209  -0.0008210153  -0.0055913482
   5.6147725430  -0.0003205271  -0.0005151878  -0.0056565742
   5.6292064056  -0.0013911699  -0.0002423170  -0.0055098720
   5.6436402682  -0.0023086252  -0.0000178198  -0.0052104327
   5.6580741308  -0.0030580197   0.0001540507  -0.0048146549
   5.6725079933  -0.0036392392   0.0002790490  -0.0043692564
   5.6869418559  -0.0040619970   0.0003701324  -0.0039077419
   5.7013757185  -0.0043410311   0.0004436902  -0.0034501277
   5.7158095811  -0.0044922820   0.0005156012  -0.0030052072
   5.7302434436  -0.0045305013   0.0005978652  -0.0025742650
   5.7446773062  -0.0044683131   0.0006963628  -0.0021550591
   5.7591111688  -0.0043164118   0.0008100215  -0.0017450933
   5.7735450314  -0.0040844066   0.0009313685  -0.0013435873
   5.7879788940  -0.0037818184   0.0010481971  -0.0009520253
   5.8024127565  -0.0034188707   0.0011459132  -0.0005735815
   5.8168466191  -0.0030068988   0.0012100767  -0.0002119899
   5.8312804817  -0.0025583830   0.0012286978   0.0001295157
   5.8457143443  -0.0020867265   0.0011939612   0.0004487087
   5.8601482069  -0.0016059334   0.0011031964   0.0007441300
   5.8745820694  -0.0011303086   0.0009590513   0.0010142398
   5.8890159320  -0.0006742190   0.0007689544   0.0012563590
   5.9034497946  -0.0002518606   0.0005440339   0.0014659120
   5.9178836572   0.0001230835   0.0002977181   0.0016363992
   5.9323175197   0.0004380159   0.0000442467   0.0017602961
   5.9467513823   0.0006822790  -0.0002026999   0.0018307535
   5.9611852449   0.0008482332  -0.0004310980   0.0018436860
   5.9756191075   0.0009323828  -0.0006313149   0.0017996567
   5.9900529701   0.0009362990  -0.0007964616   0.0017049788
   6.0044868326   0.0008670793  -0.0009224042   0.0015716374
   6.0189206952   0.0007371392  -0.0010075130   0.0014159446
   6.0333545578   0.0005632482  -0.0010522492   0.0012561788
   6.0477884204   0.0003648608  -0.0010586771   0.0011097172
   6.0622222830   0.0001619539  -0.0010299730   0.0009902963
   6.0766561455  -0.0000272935  -0.0009699812   0.0009059863
   6.0910900081  -0.0001885582  -0.0008828524   0.0008582847
   6.1055238707  -0.0003127705  -0.0007727963   0.0008424665
   6.1199577333  -0.0003965712  -0.0006439688   0.0008490476
   6.1343915958  -0.0004417563  -0.0005004974   0.0008659891
   6.1488254584  -0.0004538703  -0.0003466194   0.0008811463
   6.1632593210  -0.0004403087  -0.0001868675   0.0008844585
   6.1776931836  -0.0004083840  -0.0000262188   0.0008694901
   6.1921270462  -0.0003637880   0.0001298847   0.0008341093
   6.2065609087  -0.0003097500   0.0002757023   0.0007802917
   6.2209947713  -0.0002470007   0.0004055568   0.0007132021
   6.2354286339  -0.0001744504   0.0005143426   0.0006398116
   6.2498624965  -0.0000903386   0.0005980835   0.0005673473
   6.2642963590   0.0000064678   0.0006544257   0.0005018503
   6.2787302216   0.0001153504   0.0006829675   0.0004470692
   6.2931640842   0.0002332451   0.0006853687   0.0004038476
   6.3075979468   0.0003545303   0.0006652243   0.0003700887
   6.3220318094   0.0004715252   0.0006277271   0.0003413014
   6.3364656719   0.0005755141   0.0005791540   0.0003116374
   6.3508995345   0.0006581093   0.0005262227   0.0002752309
   6.3653333971   0.0007126965   0.0004753648   0.0002275627
   6.3797672597   0.0007356702   0.0004319832   0.0001665321
   6.3942011223   0.0007271853   0.0003997818   0.0000929528
   6.4086349848   0.0006912286   0.0003802775   0.0000103249
   6.4230688474   0.0006349472   0.0003726039  -0.0000760722
   6.4375027100   0.0005673449   0.0003736835  -0.0001605141
   6.4519365726   0.0004976190   0.0003787846  -0.0002382005
   6.4663704351   0.0004335165   0.0003823980  -0.0003062468
   6.4808042977   0.0003800945   0.0003792826  -0.0003640015
   6.4952381603   0.0003391701   0.0003654748  -0.0004126080
   6.5096720229   0.0003095561   0.0003390338  -0.0004539782
   6.5241058855   0.0002879702   0.0003003451  -0.0004895428
   6.5385397480   0.0002703284   0.0002518971  -0.0005192198
   6.5529736106   0.0002530504   0.0001975852  -0.0005409812
   6.5674074732   0.0002340344   0.0001417270  -0.0005512008
   6.5818413358   0.0002130862   0.0000880585  -0.0005457122
   6.5962751984   0.0001917624   0.0000389852  -0.0005212684
   6.6107090609   0.0001727534  -0.0000047166  -0.0004769531
   6.6251429235   0.0001590290  -0.0000436948  -0.0004150887
   6.6395767861   0.0001529818  -0.0000794141  -0.0003413236
   6.6540106487   0.0001557493  -0.0001133665  -0.0002638057
   6.6684445112   0.0001668197  -0.0001463636  -0.0001916174
   6.6828783738   0.0001839580  -0.0001781366  -0.0001328620
   6.6973122364   0.0002034556  -0.0002073585  -0.0000929085
   6.7117460990   0.0002206768  -0.0002320639  -0.0000732754
   6.7261799616   0.0002308401  -0.0002503154  -0.0000714606
   6.7406138241   0.0002299097  -0.0002608865  -0.0000817628
   6.7550476867   0.0002154156  -0.0002637291  -0.0000968629
   6.7694815493   0.0001869923  -0.0002600669  -0.0001097226
   6.7839154119   0.0001464688  -0.0002520775  -0.0001152821
   6.7983492745   0.0000974522  -0.0002422661  -0.0001115118
   6.8127831370   0.0000444936  -0.0002327334  -0.0000995602
   6.8272169996  -0.0000079347  -0.0002245804  -0.0000830054
   6.8416508622  -0.0000563521  -0.0002176402  -0.0000664695
   6.8560847248  -0.0000988052  -0.0002106219  -0.0000540350
   6.8705185873  -0.0001348800  -0.0002016094  -0.0000479518
   6.8849524499  -0.0001652316  -0.0001887489  -0.0000480245
   6.8993863125  -0.0001908413  -0.0001709011  -0.0000518405
   6.9138201751  -0.0002123049  -0.0001480587  -0.0000557290
   6.9282540377  -0.0002294264  -0.0001214136  -0.0000560967
   6.9426879002  -0.0002412553  -0.0000930713  -0.0000506808
   6.9571217628  -0.0002465153  -0.0000655181  -0.0000392989
   6.9715556254  -0.0002442179  -0.0000410127  -0.0000238704
   6.9859894880  -0.0002341926  -0.0000210803  -0.0000077360
   7.0004233506  -0.0002173304  -0.0000062448   0.0000054628
   7.0148572131  -0.0001954715   0.0000039500   0.0000129608
   7.0292910757  -0.0001710198   0.0000106696   0.0000137319
   7.0437249383  -0.0001464520   0.0000153831   0.0000088053
   7.0581588009  -0.0001238911   0.0000194637   0.0000009993
   7.0725926634  -0.0001048365   0.0000239180  -0.0000057903
   7.0870265260  -0.0000900565   0.0000292966  -0.0000075105
   7.1014603886  -0.0000795831   0.0000357558  -0.0000008435
   7.1158942512  -0.0000727510   0.0000431711   0.0000161026
   7.1303281138  -0.0000682616   0.0000511937   0.0000433810
   7.1447619763  -0.0000643080   0.0000591918   0.0000790871
   7.1591958389  -0.0000588168   0.0000661175   0.0001195193
   7.1736297015  -0.0000498331   0.0000704259   0.0001596166
   7.1880635641  -0.0000360058   0.0000702060   0.0001936669
   7.2024974266  -0.0000170541   0.0000636074   0.0002162443
   7.2169312892   0.0000059484   0.0000495062   0.0002232507
   7.2313651518   0.0000306161   0.0000281941   0.0002128498
   7.2457990144   0.0000536787   0.0000017862   0.0001860343
   7.2602328770   0.0000717257  -0.0000259115   0.0001466103
   7.2746667395   0.0000820724  -0.0000501556   0.0001005191
   7.2891006021   0.0000834841  -0.0000664724   0.0000546105
   7.3035344647   0.0000765137  -0.0000719408   0.0000151683
   7.3179683273   0.0000633207  -0.0000660943  -0.0000134128
   7.3324021899   0.0000470151  -0.0000510973  -0.0000294266
   7.3468360524   0.0000307365  -0.0000311005  -0.0000339127
   7.3612699150   0.0000167749  -0.0000109857  -0.0000299875
   7.3757037776   0.0000060266   0.0000050714  -0.0000216818
   7.3901376402  -0.0000020494   0.0000147348  -0.0000126628
   7.4045715027  -0.0000089955   0.0000179827  -0.0000052245
   7.4190053653  -0.0000166305   0.0000168185   0.0000001748
   7.4334392279  -0.0000263180   0.0000143767   0.0000047359
   7.4478730905  -0.0000384825   0.0000137682   0.0000106081
   7.4623069531  -0.0000524989   0.0000170476   0.0000199039
   7.4767408156  -0.0000669198   0.0000246024   0.0000337646
   7.4911746782  -0.0000798720   0.0000350941   0.0000517686
   7.5056085408  -0.0000894224   0.0000459091   0.0000718562
   7.5200424034  -0.0000937771   0.0000539459   0.0000907725
   7.5344762660  -0.0000913092   0.0000565052   0.0001048762
   7.5489101285  -0.0000805324   0.0000520503   0.0001110594
   7.5633439911  -0.0000601860   0.0000406571   0.0001075095
   7.5777778537  -0.0000295518   0.0000240495   0.0000941110
   7.5922117163   0.0000110111   0.0000052145   0.0000724035
   7.6066455788   0.0000594721  -0.0000123076   0.0000451425
   7.6210794414   0.0001117346  -0.0000252681   0.0000156114
   7.6355133040   0.0001616882  -0.0000314562  -0.0000131158
   7.6499471666   0.0002018357  -0.0000301303  -0.0000387739
   7.6643810292   0.0002244325  -0.0000220160  -0.0000602325
   7.6788148917   0.0002228906  -0.0000088980  -0.0000774864
   7.6932487543   0.0001931003   0.0000070309  -0.0000913081
   7.7076826169   0.0001343469   0.0000238254  -0.0001026201
   7.7221164795   0.0000496339   0.0000402325  -0.0001116994
   7.7365503421  -0.0000545851   0.0000558164  -0.0001173917
   7.7509842046  -0.0001691038   0.0000707882  -0.0001165811
   7.7654180672  -0.0002828539   0.0000856622  -0.0001041814
   7.7798519298  -0.0003837904   0.0001008799  -0.0000738608
   7.7942857924  -0.0004596930   0.0001164912  -0.0000195508
   7.8087196549  -0.0004989465   0.0001319151   0.0000624581
   7.8231535175  -0.0004914561   0.0001457657   0.0001712950
   7.8375873801  -0.0004298375   0.0001557626   0.0002998082
   7.8520212427  -0.0003108951   0.0001588016   0.0004340506
   7.8664551053  -0.0001371923   0.0001513013   0.0005544102
   7.8808889678   0.0000816908   0.0001298970   0.0006384494
   7.8953228304   0.0003287202   0.0000924266   0.0006650333
   7.9097566930   0.0005802395   0.0000389880   0.0006189068
   7.9241905556   0.0008082667  -0.0000272723   0.0004946601
   7.9386244181   0.0009840774  -0.0000999884   0.0002990794
   7.9530582807   0.0010825107  -0.0001702322   0.0000512103
   7.9674921433   0.0010861623  -0.0002279590  -0.0002200293
   7.9819260059   0.0009885843  -0.0002639306  -0.0004802835
