   0.0000000000   0.0000000000   0.0000000000   0.0000000000
   0.0036084656   0.0000000000   0.0000000000   0.0000000000
   0.0072169313   0.0000000000   0.0000000000   0.0000000000
   0.0108253969   0.0000000000   0.0000000000   0.0000000000
   0.0144338626   0.0000000000   0.0000000000   0.0000000000
   0.0180423282   0.0000000000   0.0000000000   0.0000000000
   0.0216507939   0.0000000000   0.0000000000   0.0000000000
   0.0252592595   0.0000000000   0.0000000000   0.0000000000
   0.0288677252   0.0000000000   0.0000000000   0.0000000000
   0.0324761908   0.0000000000   0.0000000000   0.0000000000
   0.0360846564   0.0000000000   0.0000000000   0.0000000000
   0.0396931221   0.0000000000   0.0000000000   0.0000000000
   0.0433015877   0.0000000000   0.0000000000   0.0000000000
   0.0469100534   0.0000000000   0.0000000000   0.0000000000
   0.0505185190   0.0000000000   0.0000000000   0.0000000000
   0.0541269847   0.0000000000   0.0000000000   0.0000000000
   0.0577354503   0.0000000000   0.0000000000   0.0000000000
   0.0613439160   0.0000000000   0.0000000000   0.0000000000
   0.0649523816   0.0000000000   0.0000000000   0.0000000000
   0.0685608472   0.0000000000   0.0000000000   0.0000000000
   0.0721693129   0.0000000000   0.0000000000   0.0000000000
   0.0757777785   0.0000000000   0.0000000000   0.0000000000
   0.0793862442   0.0000000000   0.0000000000   0.0000000000
   0.0829947098   0.0000000000   0.0000000000   0.0000000000
   0.0866031755   0.0000000000   0.0000000000   0.0000000000
   0.0902116411   0.0000000000   0.0000000000   0.0000000000
   0.0938201068   0.0000000000   0.0000000000   0.0000000000
   0.0974285724   0.0000000000   0.0000000000   0.0000000000
   0.1010370380   0.0000000000   0.0000000000   0.0000000000
   0.1046455037   0.0000000000   0.0000000000   0.0000000000
   0.1082539693   0.0000000000   0.0000000000   0.0000000000
   0.1118624350   0.0000000000   0.0000000000   0.0000000000
   0.1154709006   0.0000000000   0.0000000000   0.0000000000
   0.1190793663   0.0000000000   0.0000000000   0.0000000000
   0.1226878319   0.0000000000   0.0000000000   0.0000000000
   0.1262962976   0.0000000000   0.0000000000   0.0000000000
   0.1299047632   0.0000000000   0.0000000000   0.0000000000
   0.1335132289   0.0000000000   0.0000000000   0.0000000000
   0.1371216945   0.0000000000   0.0000000000   0.0000000000
   0.1407301601   0.0000000000   0.0000000000   0.0000000000
   0.1443386258   0.0000000000   0.0000000000   0.0000000000
   0.1479470914   0.0000000000   0.0000000000   0.0000000000
   0.1515555571   0.0000000000   0.0000000000   0.0000000000
   0.1551640227   0.0000000000   0.0000000000   0.0000000000
   0.1587724884   0.0000000000   0.0000000000   0.0000000000
   0.1623809540   0.0000000000   0.0000000000   0.0000000000
   0.1659894197   0.0000000000   0.0000000000   0.0000000000
   0.1695978853   0.0000000000   0.0000000000   0.0000000000
   0.1732063509   0.0000000000   0.0000000000   0.0000000000
   0.1768148166   0.0000000000   0.0000000000   0.0000000000
   0.1804232822   0.0000000000   0.0000000000   0.0000000000
   0.1840317479   0.0000000000   0.0000000000   0.0000000000
   0.1876402135   0.0000000000   0.0000000000   0.0000000000
   0.1912486792   0.0000000000   0.0000000000   0.0000000000
   0.1948571448   0.0000000000   0.0000000000   0.0000000000
   0.1984656105   0.0000000000   0.0000000000   0.0000000000
   0.2020740761   0.0000000000   0.0000000000   0.0000000000
   0.2056825417   0.0000000000   0.0000000000   0.0000000000
   0.2092910074   0.0000000000   0.0000000000   0.0000000000
   0.2128994730   0.0000000000   0.0000000000   0.0000000000
   0.2165079387   0.0000000000   0.0000000000   0.0000000000
   0.2201164043   0.0000000000   0.0000000000   0.0000000000
   0.2237248700   0.0000000000   0.0000000000   0.0000000000
   0.2273333356   0.0000000000   0.0000000000   0.0000000000
   0.2309418013   0.0000000000   0.0000000000   0.0000000000
   0.2345502669   0.0000000000   0.0000000000   0.0000000000
   0.2381587325   0.0000000000   0.0000000000   0.0000000000
   0.2417671982   0.0000000000   0.0000000000   0.0000000000
   0.2453756638   0.0000000000   0.0000000000   0.0000000000
   0.2489841295   0.0000000000   0.0000000000   0.0000000000
   0.2525925951   0.0000000000   0.0000000000   0.0000000000
   0.2562010608   0.0000000000   0.0000000000   0.0000000000
   0.2598095264   0.0000000000   0.0000000000   0.0000000000
   0.2634179921   0.0000000000   0.0000000000   0.0000000000
   0.2670264577   0.0000000000   0.0000000000   0.0000000000
   0.2706349233   0.0000000000   0.0000000000   0.0000000000
   0.2742433890   0.0000000000   0.0000000000   0.0000000000
   0.2778518546   0.0000000000   0.0000000000   0.0000000000
   0.2814603203   0.0000000000   0.0000000000   0.0000000000
   0.2850687859   0.0000000000   0.0000000000   0.0000000000
   0.2886772516   0.0000000000   0.0000000000   0.0000000000
   0.2922857172   0.0000000000   0.0000000000   0.0000000000
   0.2958941829   0.0000000000   0.0000000000   0.0000000000
   0.2995026485   0.0000000000   0.0000000000   0.0000000000
   0.3031111141   0.0000000000   0.0000000000   0.0000000000
   0.3067195798   0.0000000000   0.0000000000   0.0000000000
   0.3103280454   0.0000000000   0.0000000000   0.0000000000
   0.3139365111   0.0000000000   0.0000000000   0.0000000000
   0.3175449767   0.0000000000   0.0000000000   0.0000000000
   0.3211534424   0.0000000000   0.0000000000   0.0000000000
   0.3247619080   0.0000000000   0.0000000000   0.0000000000
   0.3283703737   0.0000000000   0.0000000000   0.0000000000
   0.3319788393   0.0000000000   0.0000000000   0.0000000000
   0.3355873049   0.0000000000   0.0000000000   0.0000000000
   0.3391957706   0.0000000000   0.0000000000   0.0000000000
   0.3428042362   0.0000000000   0.0000000000   0.0000000000
   0.3464127019   0.0000000000   0.0000000000   0.0000000000
   0.3500211675   0.0000000000   0.0000000000   0.0000000000
   0.3536296332   0.0000000000   0.0000000000   0.0000000000
   0.3572380988   0.0000000000   0.0000000000   0.0000000000
   0.3608465645   0.0000000000   0.0000000000   0.0000000000
   0.3644550301   0.0000000000   0.0000000000   0.0000000000
   0.3680634958   0.0000000000   0.0000000000   0.0000000000
   0.3716719614   0.0000000000   0.0000000000   0.0000000000
   0.3752804270   0.0000000000   0.0000000000   0.0000000000
   0.3788888927   0.0000000000   0.0000000000   0.0000000000
   0.3824973583   0.0000000000   0.0000000000   0.0000000000
   0.3861058240   0.0000000000   0.0000000000   0.0000000000
   0.3897142896   0.0000000000   0.0000000000   0.0000000000
   0.3933227553   0.0000000000   0.0000000000   0.0000000000
   0.3969312209   0.0000000000   0.0000000000   0.0000000000
   0.4005396866   0.0000000000   0.0000000000   0.0000000000
   0.4041481522   0.0000000000   0.0000000000   0.0000000000
   0.4077566178   0.0000000000   0.0000000000   0.0000000000
   0.4113650835   0.0000000000   0.0000000000   0.0000000000
   0.4149735491   0.0000000000   0.0000000000   0.0000000000
   0.4185820148   0.0000000000   0.0000000000   0.0000000000
   0.4221904804   0.0000000000   0.0000000000   0.0000000000
   0.4257989461   0.0000000000   0.0000000000   0.0000000000
   0.4294074117   0.0000000000   0.0000000000   0.0000000000
   0.4330158774   0.0000000000   0.0000000000   0.0000000000
   0.4366243430   0.0000000000   0.0000000000   0.0000000000
   0.4402328086   0.0000000000   0.0000000000   0.0000000000
   0.4438412743   0.0000000000   0.0000000000   0.0000000000
   0.4474497399   0.0000000000   0.0000000000   0.0000000000
   0.4510582056   0.0000000000   0.0000000000   0.0000000000
   0.4546666712   0.0000000000   0.0000000000   0.0000000000
   0.4582751369   0.0000000000   0.0000000000   0.0000000000
   0.4618836025   0.0000000000  -0.0000000000   0.0000000000
   0.4654920682   0.0000000000  -0.0000000000   0.0000000000
   0.4691005338   0.0000000000  -0.0000000000   0.0000000000
   0.4727089994   0.0000000000  -0.0000000000   0.0000000000
   0.4763174651   0.0000000000  -0.0000000000   0.0000000000
   0.4799259307   0.0000000000  -0.0000000000   0.0000000000
   0.4835343964   0.0000000000  -0.0000000000   0.0000000000
   0.4871428620   0.0000000000  -0.0000000000   0.0000000000
   0.4907513277   0.0000000000  -0.0000000000   0.0000000000
   0.4943597933   0.0000000000  -0.0000000000   0.0000000000
   0.4979682590   0.0000000000  -0.0000000000   0.0000000000
   0.5015767246   0.0000000000  -0.0000000000   0.0000000000
   0.5051851902   0.0000000000  -0.0000000000   0.0000000000
   0.5087936559   0.0000000000  -0.0000000000   0.0000000000
   0.5124021215   0.0000000000  -0.0000000000   0.0000000000
   0.5160105872   0.0000000000  -0.0000000000   0.0000000000
   0.5196190528   0.0000000000  -0.0000000000   0.0000000000
   0.5232275185   0.0000000000  -0.0000000000   0.0000000000
   0.5268359841   0.0000000000  -0.0000000000   0.0000000000
   0.5304444498   0.0000000000  -0.0000000000   0.0000000000
   0.5340529154   0.0000000000  -0.0000000000   0.0000000000
   0.5376613810   0.0000000000  -0.0000000000   0.0000000000
   0.5412698467   0.0000000000  -0.0000000000   0.0000000000
   0.5448783123   0.0000000000  -0.0000000000   0.0000000000
   0.5484867780   0.0000000000   0.0000000000   0.0000000000
   0.5520952436   0.0000000000   0.0000000000   0.0000000000
   0.5557037093  -0.0000000000   0.0000000000  -0.0000000000
   0.5593121749  -0.0000000000   0.0000000000  -0.0000000000
   0.5629206406  -0.0000000000   0.0000000000  -0.0000000000
   0.5665291062  -0.0000000000  -0.0000000000  -0.0000000000
   0.5701375718  -0.0000000000   0.0000000000  -0.0000000000
   0.5737460375  -0.0000000000   0.0000000000  -0.0000000000
   0.5773545031  -0.0000000000  -0.0000000000  -0.0000000000
   0.5809629688   0.0000000000  -0.0000000000   0.0000000000
   0.5845714344   0.0000000000  -0.0000000000   0.0000000000
   0.5881799001   0.0000000000   0.0000000000   0.0000000000
   0.5917883657  -0.0000000000   0.0000000000  -0.0000000000
   0.5953968314  -0.0000000000   0.0000000000  -0.0000000000
   0.5990052970   0.0000000000  -0.0000000000   0.0000000000
   0.6026137627   0.0000000000  -0.0000000000   0.0000000000
   0.6062222283   0.0000000000  -0.0000000000   0.0000000000
   0.6098306939  -0.0000000000   0.0000000000  -0.0000000000
   0.6134391596  -0.0000000000   0.0000000000  -0.0000000000
   0.6170476252  -0.0000000000  -0.0000000000  -0.0000000000
   0.6206560909   0.0000000000  -0.0000000000   0.0000000000
   0.6242645565   0.0000000000  -0.0000000000   0.0000000000
   0.6278730222  -0.0000000000   0.0000000000  -0.0000000000
   0.6314814878  -0.0000000000   0.0000000000  -0.0000000000
   0.6350899535  -0.0000000000   0.0000000000  -0.0000000000
   0.6386984191   0.0000000000  -0.0000000000   0.0000000000
   0.6423068847   0.0000000000  -0.0000000000   0.0000000000
   0.6459153504   0.0000000000   0.0000000000   0.0000000000
   0.6495238160  -0.0000000000   0.0000000000  -0.0000000000
   0.6531322817  -0.0000000000   0.0000000000  -0.0000000000
   0.6567407473   0.0000000000  -0.0000000000   0.0000000000
   0.6603492130   0.0000000000  -0.0000000000   0.0000000000
   0.6639576786   0.0000000000  -0.0000000000   0.0000000000
   0.6675661443  -0.0000000000   0.0000000000  -0.0000000000
   0.6711746099  -0.0000000000   0.0000000000  -0.0000000000
   0.6747830755  -0.0000000000   0.0000000000  -0.0000000000
   0.6783915412   0.0000000000  -0.0000000000   0.0000000000
   0.6820000068   0.0000000000  -0.0000000000   0.0000000000
   0.6856084725  -0.0000000000   0.0000000000  -0.0000000000
   0.6892169381  -0.0000000000   0.0000000000  -0.0000000000
   0.6928254038  -0.0000000000   0.0000000000  -0.0000000000
   0.6964338694   0.0000000000  -0.0000000000   0.0000000000
   0.7000423351   0.0000000000  -0.0000000000   0.0000000000
   0.7036508007   0.0000000000   0.0000000000   0.0000000000
   0.7072592663  -0.0000000000   0.0000000000  -0.0000000000
   0.7108677320  -0.0000000000   0.0000000000  -0.0000000000
   0.7144761976   0.0000000000  -0.0000000000   0.0000000000
   0.7180846633   0.0000000000  -0.0000000000   0.0000000000
   0.7216931289   0.0000000000  -0.0000000000   0.0000000000
   0.7253015946  -0.0000000000   0.0000000000  -0.0000000000
   0.7289100602  -0.0000000000   0.0000000000  -0.0000000000
   0.7325185259  -0.0000000000  -0.0000000000  -0.0000000000
   0.7361269915   0.0000000000  -0.0000000000   0.0000000000
   0.7397354571   0.0000000000  -0.0000000000   0.0000000000
   0.7433439228  -0.0000000000   0.0000000000  -0.0000000000
   0.7469523884  -0.0000000000   0.0000000000  -0.0000000000
   0.7505608541  -0.0000000000   0.0000000000  -0.0000000000
   0.7541693197   0.0000000000  -0.0000000000   0.0000000000
   0.7577777854   0.0000000000  -0.0000000000   0.0000000000
   0.7613862510  -0.0000000000   0.0000000000  -0.0000000000
   0.7649947167  -0.0000000000   0.0000000000  -0.0000000000
   0.7686031823  -0.0000000000   0.0000000000  -0.0000000000
   0.7722116479   0.0000000000  -0.0000000000   0.0000000000
   0.7758201136   0.0000000000  -0.0000000000   0.0000000000
   0.7794285792   0.0000000000  -0.0000000000   0.0000000000
   0.7830370449  -0.0000000000   0.0000000000  -0.0000000000
   0.7866455105  -0.0000000000   0.0000000000  -0.0000000000
   0.7902539762   0.0000000000  -0.0000000000   0.0000000000
   0.7938624418   0.0000000000  -0.0000000000   0.0000000000
   0.7974709075   0.0000000000  -0.0000000000   0.0000000000
   0.8010793731  -0.0000000000   0.0000000000  -0.0000000000
   0.8046878387  -0.0000000000   0.0000000000  -0.0000000000
   0.8082963044   0.0000000000  -0.0000000000   0.0000000000
   0.8119047700   0.0000000000  -0.0000000000   0.0000000000
   0.8155132357   0.0000000000  -0.0000000000   0.0000000000
   0.8191217013  -0.0000000000   0.0000000000  -0.0000000000
   0.8227301670  -0.0000000000   0.0000000000  -0.0000000000
   0.8263386326  -0.0000000000   0.0000000000  -0.0000000000
   0.8299470983   0.0000000000  -0.0000000000   0.0000000000
   0.8335555639   0.0000000000  -0.0000000000   0.0000000000
   0.8371640296  -0.0000000000   0.0000000000  -0.0000000000
   0.8407724952  -0.0000000000   0.0000000000  -0.0000000000
   0.8443809608  -0.0000000000   0.0000000000  -0.0000000000
   0.8479894265   0.0000000000  -0.0000000000   0.0000000000
   0.8515978921   0.0000000000  -0.0000000000   0.0000000000
   0.8552063578  -0.0000000000   0.0000000000  -0.0000000000
   0.8588148234  -0.0000000000   0.0000000000  -0.0000000000
   0.8624232891  -0.0000000000   0.0000000000  -0.0000000000
   0.8660317547   0.0000000000  -0.0000000000   0.0000000000
   0.8696402204   0.0000000000  -0.0000000000   0.0000000000
   0.8732486860   0.0000000000  -0.0000000000   0.0000000000
   0.8768571516  -0.0000000000   0.0000000000  -0.0000000000
   0.8804656173  -0.0000000000   0.0000000000  -0.0000000000
   0.8840740829   0.0000000000  -0.0000000000   0.0000000000
   0.8876825486   0.0000000000  -0.0000000000   0.0000000000
   0.8912910142   0.0000000000  -0.0000000000   0.0000000000
   0.8948994799  -0.0000000000   0.0000000000  -0.0000000000
   0.8985079455  -0.0000000000   0.0000000000  -0.0000000000
   0.9021164112   0.0000000000  -0.0000000000   0.0000000000
   0.9057248768   0.0000000000  -0.0000000000   0.0000000000
   0.9093333424   0.0000000000  -0.0000000000   0.0000000000
   0.9129418081  -0.0000000000   0.0000000000  -0.0000000000
   0.9165502737  -0.0000000000   0.0000000000  -0.0000000000
   0.9201587394  -0.0000000000   0.0000000000  -0.0000000000
   0.9237672050   0.0000000000  -0.0000000000   0.0000000000
   0.9273756707   0.0000000000  -0.0000000000   0.0000000000
   0.9309841363  -0.0000000000   0.0000000000  -0.0000000000
   0.9345926020  -0.0000000000   0.0000000000  -0.0000000000
   0.9382010676  -0.0000000000   0.0000000000  -0.0000000000
   0.9418095332   0.0000000000  -0.0000000000   0.0000000000
   0.9454179989   0.0000000000  -0.0000000000   0.0000000000
   0.9490264645  -0.0000000000   0.0000000000  -0.0000000000
   0.9526349302  -0.0000000000   0.0000000000  -0.0000000000
   0.9562433958  -0.0000000000   0.0000000000  -0.0000000000
   0.9598518615   0.0000000000  -0.0000000000   0.0000000000
   0.9634603271   0.0000000000  -0.0000000000   0.0000000000
   0.9670687928  -0.0000000000  -0.0000000000   0.0000000000
   0.9706772584  -0.0000000000   0.0000000000  -0.0000000000
   0.9742857240  -0.0000000000   0.0000000000  -0.0000000000
   0.9778941897   0.0000000000  -0.0000000000   0.0000000000
   0.9815026553   0.0000000000  -0.0000000000   0.0000000000
   0.9851111210   0.0000000000  -0.0000000000   0.0000000000
   0.9887195866  -0.0000000000   0.0000000000  -0.0000000000
   0.9923280523  -0.0000000000   0.0000000000  -0.0000000000
   0.9959365179   0.0000000000  -0.0000000000   0.0000000000
   0.9995449836   0.0000000000  -0.0000000000   0.0000000000
   1.0031534492   0.0000000000  -0.0000000000   0.0000000000
   1.0067619148  -0.0000000000   0.0000000000  -0.0000000000
   1.0103703805  -0.0000000000   0.0000000000  -0.0000000000
   1.0139788461   0.0000000000  -0.0000000000   0.0000000000
   1.0175873118   0.0000000000  -0.0000000000   0.0000000000
   1.0211957774   0.0000000000  -0.0000000000   0.0000000000
   1.0248042431  -0.0000000000   0.0000000000  -0.0000000000
   1.0284127087  -0.0000000000   0.0000000000  -0.0000000000
   1.0320211744   0.0000000000  -0.0000000000   0.0000000000
   1.0356296400   0.0000000000  -0.0000000000   0.0000000000
   1.0392381056   0.0000000000  -0.0000000000   0.0000000000
   1.0428465713  -0.0000000000   0.0000000000  -0.0000000000
   1.0464550369  -0.0000000000   0.0000000000  -0.0000000000
   1.0500635026   0.0000000000  -0.0000000000   0.0000000000
   1.0536719682   0.0000000000  -0.0000000000   0.0000000000
   1.0572804339   0.0000000000  -0.0000000000   0.0000000000
   1.0608888995  -0.0000000000   0.0000000000  -0.0000000000
   1.0644973652  -0.0000000000   0.0000000000  -0.0000000000
   1.0681058308   0.0000000000  -0.0000000000   0.0000000000
   1.0717142965   0.0000000000  -0.0000000000   0.0000000000
   1.0753227621   0.0000000000  -0.0000000000   0.0000000000
   1.0789312277  -0.0000000000   0.0000000000  -0.0000000000
   1.0825396934  -0.0000000000   0.0000000000  -0.0000000000
   1.0861481590   0.0000000000  -0.0000000000   0.0000000000
   1.0897566247   0.0000000000  -0.0000000000   0.0000000000
   1.0933650903   0.0000000000  -0.0000000000   0.0000000000
   1.0969735560  -0.0000000000   0.0000000000  -0.0000000000
   1.1005820216  -0.0000000000   0.0000000000  -0.0000000000
   1.1041904873   0.0000000000  -0.0000000000   0.0000000000
   1.1077989529   0.0000000000  -0.0000000000   0.0000000000
   1.1114074185   0.0000000000  -0.0000000000   0.0000000000
   1.1150158842  -0.0000000000   0.0000000000  -0.0000000000
   1.1186243498  -0.0000000000   0.0000000000  -0.0000000000
   1.1222328155   0.0000000000  -0.0000000000   0.0000000000
   1.1258412811   0.0000000000  -0.0000000000   0.0000000000
   1.1294497468   0.0000000000  -0.0000000000   0.0000000000
   1.1330582124  -0.0000000000   0.0000000000  -0.0000000000
   1.1366666781  -0.0000000000   0.0000000000  -0.0000000000
   1.1402751437   0.0000000000  -0.0000000000   0.0000000000
   1.1438836093   0.0000000000  -0.0000000000   0.0000000000
   1.1474920750   0.0000000000  -0.0000000000   0.0000000000
   1.1511005406  -0.0000000000   0.0000000000  -0.0000000000
   1.1547090063  -0.0000000000   0.0000000000  -0.0000000000
   1.1583174719   0.0000000000  -0.0000000000   0.0000000000
   1.1619259376   0.0000000000  -0.0000000000   0.0000000000
   1.1655344032   0.0000000000  -0.0000000000   0.0000000000
   1.1691428689  -0.0000000000   0.0000000000  -0.0000000000
   1.1727513345  -0.0000000000   0.0000000000  -0.0000000000
   1.1763598001   0.0000000000  -0.0000000000   0.0000000000
   1.1799682658   0.0000000000  -0.0000000000   0.0000000000
   1.1835767314   0.0000000000  -0.0000000000   0.0000000000
   1.1871851971  -0.0000000000   0.0000000000  -0.0000000000
   1.1907936627  -0.0000000000   0.0000000000  -0.0000000000
   1.1944021284   0.0000000000  -0.0000000000   0.0000000000
   1.1980105940   0.0000000000  -0.0000000000   0.0000000000
   1.2016190597   0.0000000000  -0.0000000000   0.0000000000
   1.2052275253  -0.0000000000   0.0000000000  -0.0000000000
   1.2088359909  -0.0000000000   0.0000000000  -0.0000000000
   1.2124444566   0.0000000000  -0.0000000000   0.0000000000
   1.2160529222   0.0000000000  -0.0000000000   0.0000000000
   1.2196613879   0.0000000000  -0.0000000000   0.0000000000
   1.2232698535  -0.0000000000   0.0000000000  -0.0000000000
   1.2268783192  -0.0000000000   0.0000000000  -0.0000000000
   1.2304867848   0.0000000000  -0.0000000000   0.0000000000
   1.2340952505   0.0000000000  -0.0000000000   0.0000000000
   1.2377037161   0.0000000000  -0.0000000000   0.0000000000
   1.2413121817  -0.0000000000   0.0000000000  -0.0000000000
   1.2449206474  -0.0000000000   0.0000000000  -0.0000000000
   1.2485291130   0.0000000000  -0.0000000000   0.0000000000
   1.2521375787   0.0000000000  -0.0000000000   0.0000000000
   1.2557460443   0.0000000000  -0.0000000000   0.0000000000
   1.2593545100  -0.0000000000   0.0000000000  -0.0000000000
   1.2629629756  -0.0000000000   0.0000000000  -0.0000000000
   1.2665714413   0.0000000000  -0.0000000000   0.0000000000
   1.2701799069   0.0000000000  -0.0000000000   0.0000000000
   1.2737883725   0.0000000000  -0.0000000000   0.0000000000
   1.2773968382  -0.0000000000   0.0000000000  -0.0000000000
   1.2810053038  -0.0000000000   0.0000000000  -0.0000000000
   1.2846137695  -0.0000000000  -0.0000000000   0.0000000000
   1.2882222351   0.0000000000  -0.0000000000   0.0000000000
   1.2918307008   0.0000000000  -0.0000000000   0.0000000000
   1.2954391664  -0.0000000000   0.0000000000  -0.0000000000
   1.2990476321  -0.0000000000   0.0000000000  -0.0000000000
   1.3026560977  -0.0000000000  -0.0000000000   0.0000000000
   1.3062645634   0.0000000000  -0.0000000000   0.0000000000
   1.3098730290   0.0000000000  -0.0000000000   0.0000000000
   1.3134814946  -0.0000000000   0.0000000000  -0.0000000000
   1.3170899603  -0.0000000000   0.0000000000  -0.0000000000
   1.3206984259  -0.0000000000  -0.0000000000   0.0000000000
   1.3243068916   0.0000000000  -0.0000000000   0.0000000000
   1.3279153572   0.0000000000  -0.0000000000   0.0000000000
   1.3315238229  -0.0000000000   0.0000000000  -0.0000000000
   1.3351322885  -0.0000000000   0.0000000000  -0.0000000000
   1.3387407542  -0.0000000000  -0.0000000000   0.0000000000
   1.3423492198   0.0000000000  -0.0000000000   0.0000000000
   1.3459576854   0.0000000000  -0.0000000000   0.0000000000
   1.3495661511  -0.0000000000   0.0000000000  -0.0000000000
   1.3531746167  -0.0000000000   0.0000000000  -0.0000000000
   1.3567830824  -0.0000000000   0.0000000000   0.0000000000
   1.3603915480   0.0000000000  -0.0000000000   0.0000000000
   1.3640000137   0.0000000000  -0.0000000000   0.0000000000
   1.3676084793  -0.0000000000   0.0000000000  -0.0000000000
   1.3712169450  -0.0000000000   0.0000000000  -0.0000000000
   1.3748254106  -0.0000000000   0.0000000000   0.0000000000
   1.3784338762   0.0000000000  -0.0000000000   0.0000000000
   1.3820423419   0.0000000000  -0.0000000000   0.0000000000
   1.3856508075  -0.0000000000   0.0000000000  -0.0000000000
   1.3892592732  -0.0000000000   0.0000000000  -0.0000000000
   1.3928677388  -0.0000000000   0.0000000000   0.0000000000
   1.3964762045   0.0000000000  -0.0000000000   0.0000000000
   1.4000846701   0.0000000000  -0.0000000000   0.0000000000
   1.4036931358  -0.0000000000   0.0000000000  -0.0000000000
   1.4073016014  -0.0000000000   0.0000000000  -0.0000000000
   1.4109100670  -0.0000000000   0.0000000000   0.0000000000
   1.4145185327   0.0000000000  -0.0000000000   0.0000000000
   1.4181269983   0.0000000000  -0.0000000000   0.0000000000
   1.4217354640  -0.0000000000   0.0000000000  -0.0000000000
   1.4253439296  -0.0000000000   0.0000000000  -0.0000000000
   1.4289523953  -0.0000000000   0.0000000000   0.0000000000
   1.4325608609   0.0000000000  -0.0000000000   0.0000000000
   1.4361693266   0.0000000000  -0.0000000000   0.0000000000
   1.4397777922  -0.0000000000   0.0000000000  -0.0000000000
   1.4433862578  -0.0000000000   0.0000000000  -0.0000000000
   1.4469947235  -0.0000000000   0.0000000000   0.0000000000
   1.4506031891   0.0000000000  -0.0000000000   0.0000000000
   1.4542116548   0.0000000000  -0.0000000000   0.0000000000
   1.4578201204   0.0000000000   0.0000000000  -0.0000000000
   1.4614285861  -0.0000000000   0.0000000000  -0.0000000000
   1.4650370517  -0.0000000000   0.0000000000   0.0000000000
   1.4686455174   0.0000000000  -0.0000000000   0.0000000000
   1.4722539830   0.0000000000  -0.0000000000   0.0000000000
   1.4758624486   0.0000000000   0.0000000000  -0.0000000000
   1.4794709143  -0.0000000000   0.0000000000  -0.0000000000
   1.4830793799  -0.0000000000   0.0000000000   0.0000000000
   1.4866878456   0.0000000000  -0.0000000000   0.0000000000
   1.4902963112   0.0000000000  -0.0000000000   0.0000000000
   1.4939047769   0.0000000000   0.0000000000  -0.0000000000
   1.4975132425  -0.0000000000   0.0000000000  -0.0000000000
   1.5011217082  -0.0000000000   0.0000000000   0.0000000000
   1.5047301738   0.0000000000  -0.0000000000   0.0000000000
   1.5083386394   0.0000000000  -0.0000000000   0.0000000000
   1.5119471051   0.0000000000   0.0000000000  -0.0000000000
   1.5155555707  -0.0000000000   0.0000000000  -0.0000000000
   1.5191640364  -0.0000000000   0.0000000000   0.0000000000
   1.5227725020   0.0000000000  -0.0000000000   0.0000000000
   1.5263809677   0.0000000000  -0.0000000000   0.0000000000
   1.5299894333   0.0000000000   0.0000000000  -0.0000000000
   1.5335978990  -0.0000000000   0.0000000000  -0.0000000000
   1.5372063646  -0.0000000000   0.0000000000   0.0000000000
   1.5408148303   0.0000000000  -0.0000000000   0.0000000000
   1.5444232959   0.0000000000  -0.0000000000  -0.0000000000
   1.5480317615   0.0000000000   0.0000000000  -0.0000000000
   1.5516402272  -0.0000000000   0.0000000000   0.0000000000
   1.5552486928  -0.0000000000   0.0000000000   0.0000000000
   1.5588571585   0.0000000000  -0.0000000000   0.0000000000
   1.5624656241   0.0000000000  -0.0000000000  -0.0000000000
   1.5660740898   0.0000000000   0.0000000000  -0.0000000000
   1.5696825554  -0.0000000000   0.0000000000   0.0000000000
   1.5732910211  -0.0000000000   0.0000000000   0.0000000000
   1.5768994867   0.0000000000  -0.0000000000   0.0000000000
   1.5805079523   0.0000000000  -0.0000000000  -0.0000000000
   1.5841164180   0.0000000000   0.0000000000  -0.0000000000
   1.5877248836  -0.0000000000   0.0000000000  -0.0000000000
   1.5913333493  -0.0000000000  -0.0000000000   0.0000000000
   1.5949418149   0.0000000000  -0.0000000000   0.0000000000
   1.5985502806   0.0000000000   0.0000000000  -0.0000000000
   1.6021587462   0.0000000000   0.0000000000  -0.0000000000
   1.6057672119  -0.0000000000  -0.0000000000   0.0000000000
   1.6093756775  -0.0000000000  -0.0000000000   0.0000000000
   1.6129841431   0.0000000000  -0.0000000000  -0.0000000000
   1.6165926088   0.0000000000   0.0000000000  -0.0000000000
   1.6202010744   0.0000000000   0.0000000000  -0.0000000000
   1.6238095401  -0.0000000000   0.0000000000   0.0000000000
   1.6274180057  -0.0000000000  -0.0000000000   0.0000000000
   1.6310264714   0.0000000000  -0.0000000000  -0.0000000000
   1.6346349370   0.0000000000   0.0000000000  -0.0000000000
   1.6382434027   0.0000000000   0.0000000000  -0.0000000000
   1.6418518683  -0.0000000000  -0.0000000000   0.0000000000
   1.6454603339  -0.0000000000  -0.0000000000   0.0000000000
   1.6490687996  -0.0000000000   0.0000000000   0.0000000000
   1.6526772652   0.0000000000   0.0000000000  -0.0000000000
   1.6562857309   0.0000000000   0.0000000000  -0.0000000000
   1.6598941965  -0.0000000000  -0.0000000000   0.0000000000
   1.6635026622  -0.0000000000  -0.0000000000   0.0000000000
   1.6671111278  -0.0000000000   0.0000000000   0.0000000000
   1.6707195935   0.0000000000   0.0000000000  -0.0000000000
   1.6743280591   0.0000000000   0.0000000000  -0.0000000000
   1.6779365247  -0.0000000000  -0.0000000000  -0.0000000000
   1.6815449904  -0.0000000000  -0.0000000000   0.0000000000
   1.6851534560  -0.0000000000  -0.0000000000   0.0000000000
   1.6887619217   0.0000000000   0.0000000000  -0.0000000000
   1.6923703873   0.0000000000   0.0000000000  -0.0000000000
   1.6959788530  -0.0000000000  -0.0000000000   0.0000000000
   1.6995873186  -0.0000000000  -0.0000000000   0.0000000000
   1.7031957843   0.0000000000  -0.0000000000  -0.0000000000
   1.7068042499   0.0000000000   0.0000000000  -0.0000000000
   1.7104127155   0.0000000000   0.0000000000  -0.0000000000
   1.7140211812  -0.0000000000  -0.0000000000   0.0000000000
   1.7176296468  -0.0000000000  -0.0000000000   0.0000000000
   1.7212381125  -0.0000000000  -0.0000000000  -0.0000000000
   1.7248465781   0.0000000000   0.0000000000  -0.0000000000
   1.7284550438   0.0000000000   0.0000000000  -0.0000000000
   1.7320635094  -0.0000000000  -0.0000000000   0.0000000000
   1.7356719751  -0.0000000000  -0.0000000000   0.0000000000
   1.7392804407  -0.0000000000   0.0000000000   0.0000000000
   1.7428889063   0.0000000000   0.0000000000  -0.0000000000
   1.7464973720   0.0000000000   0.0000000000  -0.0000000000
   1.7501058376   0.0000000000  -0.0000000000  -0.0000000000
   1.7537143033  -0.0000000000  -0.0000000000   0.0000000000
   1.7573227689  -0.0000000000   0.0000000000   0.0000000000
   1.7609312346   0.0000000000   0.0000000000  -0.0000000000
   1.7645397002   0.0000000000   0.0000000000  -0.0000000000
   1.7681481659   0.0000000000  -0.0000000000  -0.0000000000
   1.7717566315  -0.0000000000  -0.0000000000   0.0000000000
   1.7753650971   0.0000000000  -0.0000000000  -0.0000000000
   1.7789735628   0.0000000000   0.0000000000  -0.0000000000
   1.7825820284   0.0000000000   0.0000000000   0.0000000000
   1.7861904941  -0.0000000000   0.0000000000   0.0000000000
   1.7897989597  -0.0000000000  -0.0000000000   0.0000000000
   1.7934074254   0.0000000000  -0.0000000000  -0.0000000000
   1.7970158910   0.0000000000   0.0000000000  -0.0000000000
   1.8006243567   0.0000000000   0.0000000000  -0.0000000000
   1.8042328223  -0.0000000000   0.0000000000   0.0000000000
   1.8078412880  -0.0000000000  -0.0000000000   0.0000000000
   1.8114497536  -0.0000000000  -0.0000000000   0.0000000000
   1.8150582192   0.0000000000   0.0000000000  -0.0000000000
   1.8186666849   0.0000000000   0.0000000000  -0.0000000000
   1.8222751505   0.0000000000  -0.0000000000  -0.0000000000
   1.8258836162  -0.0000000000  -0.0000000000   0.0000000000
   1.8294920818  -0.0000000000   0.0000000000   0.0000000000
   1.8331005475  -0.0000000000   0.0000000000  -0.0000000000
   1.8367090131   0.0000000000   0.0000000000  -0.0000000000
   1.8403174788   0.0000000000  -0.0000000000  -0.0000000000
   1.8439259444   0.0000000000  -0.0000000000   0.0000000000
   1.8475344100  -0.0000000000  -0.0000000000   0.0000000000
   1.8511428757  -0.0000000000   0.0000000000   0.0000000000
   1.8547513413  -0.0000000000   0.0000000000   0.0000000000
   1.8583598070  -0.0000000000   0.0000000000   0.0000000000
   1.8619682726   0.0000000000  -0.0000000000  -0.0000000000
   1.8655767383   0.0000000000  -0.0000000000  -0.0000000000
   1.8691852039   0.0000000000   0.0000000000  -0.0000000000
   1.8727936696   0.0000000000   0.0000000000   0.0000000000
   1.8764021352  -0.0000000000   0.0000000000   0.0000000000
   1.8800106008  -0.0000000000  -0.0000000000   0.0000000000
   1.8836190665  -0.0000000000  -0.0000000000  -0.0000000000
   1.8872275321   0.0000000000  -0.0000000000  -0.0000000000
   1.8908359978   0.0000000000   0.0000000000  -0.0000000000
   1.8944444634   0.0000000000   0.0000000000   0.0000000000
   1.8980529291  -0.0000000000  -0.0000000000   0.0000000000
   1.9016613947  -0.0000000000   0.0000000000   0.0000000000
   1.9052698604   0.0000000000   0.0000000000  -0.0000000000
   1.9088783260   0.0000000000   0.0000000000  -0.0000000000
   1.9124867916   0.0000000000  -0.0000000000  -0.0000000000
   1.9160952573   0.0000000000  -0.0000000000   0.0000000000
   1.9197037229  -0.0000000000  -0.0000000000   0.0000000000
   1.9233121886  -0.0000000000   0.0000000000   0.0000000000
   1.9269206542  -0.0000000000   0.0000000000  -0.0000000000
   1.9305291199   0.0000000000  -0.0000000000  -0.0000000000
   1.9341375855   0.0000000000  -0.0000000000  -0.0000000000
   1.9377460512   0.0000000000  -0.0000000000  -0.0000000000
   1.9413545168   0.0000000000   0.0000000000   0.0000000000
   1.9449629824  -0.0000000000   0.0000000000   0.0000000000
   1.9485714481  -0.0000000000   0.0000000000   0.0000000000
   1.9521799137  -0.0000000000  -0.0000000000   0.0000000000
   1.9557883794   0.0000000000  -0.0000000000  -0.0000000000
   1.9593968450   0.0000000000  -0.0000000000  -0.0000000000
   1.9630053107   0.0000000000   0.0000000000  -0.0000000000
   1.9666137763  -0.0000000000   0.0000000000   0.0000000000
   1.9702222420  -0.0000000000   0.0000000000   0.0000000000
   1.9738307076  -0.0000000000  -0.0000000000   0.0000000000
   1.9774391732   0.0000000000  -0.0000000000  -0.0000000000
   1.9810476389   0.0000000000  -0.0000000000  -0.0000000000
   1.9846561045   0.0000000000  -0.0000000000  -0.0000000000
   1.9882645702  -0.0000000000  -0.0000000000   0.0000000000
   1.9918730358  -0.0000000000   0.0000000000   0.0000000000
   1.9954815015  -0.0000000000   0.0000000000   0.0000000000
   1.9990899671   0.0000000000   0.0000000000  -0.0000000000
   2.0026984328   0.0000000000  -0.0000000000  -0.0000000000
   2.0063068984   0.0000000000  -0.0000000000  -0.0000000000
   2.0099153640   0.0000000000  -0.0000000000   0.0000000000
   2.0135238297  -0.0000000000   0.0000000000   0.0000000000
   2.0171322953  -0.0000000000   0.0000000000   0.0000000000
   2.0207407610  -0.0000000000   0.0000000000   0.0000000000
   2.0243492266   0.0000000000  -0.0000000000  -0.0000000000
   2.0279576923   0.0000000000  -0.0000000000  -0.0000000000
   2.0315661579   0.0000000000  -0.0000000000  -0.0000000000
   2.0351746236   0.0000000000   0.0000000000   0.0000000000
   2.0387830892  -0.0000000000   0.0000000000   0.0000000000
   2.0423915549  -0.0000000000   0.0000000000   0.0000000000
   2.0460000205  -0.0000000000  -0.0000000000   0.0000000000
   2.0496084861   0.0000000000  -0.0000000000  -0.0000000000
   2.0532169518   0.0000000000  -0.0000000000  -0.0000000000
   2.0568254174   0.0000000000  -0.0000000000  -0.0000000000
   2.0604338831  -0.0000000000   0.0000000000   0.0000000000
   2.0640423487  -0.0000000000   0.0000000000   0.0000000000
   2.0676508144  -0.0000000000   0.0000000000   0.0000000000
   2.0712592800   0.0000000000   0.0000000000  -0.0000000000
   2.0748677457   0.0000000000  -0.0000000000  -0.0000000000
   2.0784762113   0.0000000000  -0.0000000000  -0.0000000000
   2.0820846769  -0.0000000000  -0.0000000000   0.0000000000
   2.0856931426  -0.0000000000   0.0000000000   0.0000000000
   2.0893016082  -0.0000000000   0.0000000000   0.0000000000
   2.0929100739  -0.0000000000   0.0000000000  -0.0000000000
   2.0965185395   0.0000000000  -0.0000000000  -0.0000000000
   2.1001270052   0.0000000000  -0.0000000000  -0.0000000000
   2.1037354708   0.0000000000  -0.0000000000  -0.0000000000
   2.1073439365  -0.0000000000   0.0000000000   0.0000000000
   2.1109524021  -0.0000000000   0.0000000000   0.0000000000
   2.1145608677  -0.0000000000   0.0000000000   0.0000000000
   2.1181693334   0.0000000000  -0.0000000000  -0.0000000000
   2.1217777990   0.0000000000  -0.0000000000  -0.0000000000
   2.1253862647   0.0000000000  -0.0000000000  -0.0000000000
   2.1289947303   0.0000000000   0.0000000000   0.0000000000
   2.1326031960  -0.0000000000   0.0000000000   0.0000000000
   2.1362116616  -0.0000000000   0.0000000000   0.0000000000
   2.1398201273  -0.0000000000   0.0000000000   0.0000000000
   2.1434285929   0.0000000000  -0.0000000000  -0.0000000000
   2.1470370585   0.0000000000  -0.0000000000  -0.0000000000
   2.1506455242   0.0000000000  -0.0000000000  -0.0000000000
   2.1542539898  -0.0000000000   0.0000000000   0.0000000000
   2.1578624555  -0.0000000000   0.0000000000   0.0000000000
   2.1614709211  -0.0000000000   0.0000000000   0.0000000000
   2.1650793868   0.0000000000   0.0000000000  -0.0000000000
   2.1686878524   0.0000000000  -0.0000000000  -0.0000000000
   2.1722963181   0.0000000000  -0.0000000000  -0.0000000000
   2.1759047837   0.0000000000  -0.0000000000   0.0000000000
   2.1795132493  -0.0000000000   0.0000000000   0.0000000000
   2.1831217150  -0.0000000000   0.0000000000   0.0000000000
   2.1867301806  -0.0000000000   0.0000000000   0.0000000000
   2.1903386463   0.0000000000  -0.0000000000  -0.0000000000
   2.1939471119   0.0000000000  -0.0000000000  -0.0000000000
   2.1975555776   0.0000000000  -0.0000000000  -0.0000000000
   2.2011640432  -0.0000000000   0.0000000000   0.0000000000
   2.2047725089  -0.0000000000   0.0000000000   0.0000000000
   2.2083809745  -0.0000000000   0.0000000000   0.0000000000
   2.2119894401  -0.0000000000  -0.0000000000  -0.0000000000
   2.2155979058   0.0000000000  -0.0000000000  -0.0000000000
   2.2192063714   0.0000000000  -0.0000000000  -0.0000000000
   2.2228148371   0.0000000000  -0.0000000000   0.0000000000
   2.2264233027  -0.0000000000   0.0000000000   0.0000000000
   2.2300317684  -0.0000000000   0.0000000000   0.0000000000
   2.2336402340  -0.0000000000   0.0000000000   0.0000000000
   2.2372486997   0.0000000000  -0.0000000000  -0.0000000000
   2.2408571653   0.0000000000  -0.0000000000  -0.0000000000
   2.2444656309   0.0000000000  -0.0000000000  -0.0000000000
   2.2480740966  -0.0000000000  -0.0000000000   0.0000000000
   2.2516825622  -0.0000000000   0.0000000000   0.0000000000
   2.2552910279  -0.0000000000   0.0000000000   0.0000000000
   2.2588994935  -0.0000000000   0.0000000000  -0.0000000000
   2.2625079592   0.0000000000  -0.0000000000  -0.0000000000
   2.2661164248   0.0000000000  -0.0000000000  -0.0000000000
   2.2697248905   0.0000000000  -0.0000000000  -0.0000000000
   2.2733333561  -0.0000000000   0.0000000000   0.0000000000
   2.2769418218  -0.0000000000   0.0000000000   0.0000000000
   2.2805502874  -0.0000000000   0.0000000000   0.0000000000
   2.2841587530   0.0000000000  -0.0000000000  -0.0000000000
   2.2877672187   0.0000000000  -0.0000000000  -0.0000000000
   2.2913756843   0.0000000000  -0.0000000000  -0.0000000000
   2.2949841500   0.0000000000  -0.0000000000   0.0000000000
   2.2985926156  -0.0000000000   0.0000000000   0.0000000000
   2.3022010813  -0.0000000000   0.0000000000   0.0000000000
   2.3058095469  -0.0000000000   0.0000000000  -0.0000000000
   2.3094180126   0.0000000000  -0.0000000000  -0.0000000000
   2.3130264782   0.0000000000  -0.0000000000  -0.0000000000
   2.3166349438   0.0000000000  -0.0000000000  -0.0000000000
   2.3202434095  -0.0000000000   0.0000000000   0.0000000000
   2.3238518751  -0.0000000000   0.0000000000   0.0000000000
   2.3274603408  -0.0000000000   0.0000000000   0.0000000000
   2.3310688064   0.0000000000   0.0000000000  -0.0000000000
   2.3346772721   0.0000000000  -0.0000000000  -0.0000000000
   2.3382857377   0.0000000000  -0.0000000000  -0.0000000000
   2.3418942034   0.0000000000  -0.0000000000   0.0000000000
   2.3455026690  -0.0000000000   0.0000000000   0.0000000000
   2.3491111346  -0.0000000000   0.0000000000   0.0000000000
   2.3527196003  -0.0000000000   0.0000000000   0.0000000000
   2.3563280659   0.0000000000  -0.0000000000  -0.0000000000
   2.3599365316   0.0000000000  -0.0000000000  -0.0000000000
   2.3635449972   0.0000000000  -0.0000000000  -0.0000000000
   2.3671534629  -0.0000000000   0.0000000000   0.0000000000
   2.3707619285  -0.0000000000   0.0000000000   0.0000000000
   2.3743703942  -0.0000000000   0.0000000000   0.0000000000
   2.3779788598  -0.0000000000   0.0000000000  -0.0000000000
   2.3815873254   0.0000000000  -0.0000000000  -0.0000000000
   2.3851957911   0.0000000000  -0.0000000000  -0.0000000000
   2.3888042567   0.0000000000  -0.0000000000  -0.0000000000
   2.3924127224  -0.0000000000   0.0000000000   0.0000000000
   2.3960211880  -0.0000000000   0.0000000000   0.0000000000
   2.3996296537  -0.0000000000   0.0000000000   0.0000000000
   2.4032381193   0.0000000000  -0.0000000000  -0.0000000000
   2.4068465850   0.0000000000  -0.0000000000  -0.0000000000
   2.4104550506   0.0000000000  -0.0000000000  -0.0000000000
   2.4140635162   0.0000000000  -0.0000000000   0.0000000000
   2.4176719819  -0.0000000000   0.0000000000   0.0000000000
   2.4212804475  -0.0000000000   0.0000000000   0.0000000000
   2.4248889132  -0.0000000000   0.0000000000   0.0000000000
   2.4284973788   0.0000000000  -0.0000000000  -0.0000000000
   2.4321058445   0.0000000000  -0.0000000000  -0.0000000000
   2.4357143101   0.0000000000  -0.0000000000  -0.0000000000
   2.4393227758  -0.0000000000   0.0000000000   0.0000000000
   2.4429312414  -0.0000000000   0.0000000000   0.0000000000
   2.4465397070  -0.0000000000   0.0000000000   0.0000000000
   2.4501481727  -0.0000000000   0.0000000000  -0.0000000000
   2.4537566383   0.0000000000  -0.0000000000  -0.0000000000
   2.4573651040   0.0000000000  -0.0000000000  -0.0000000000
   2.4609735696   0.0000000000  -0.0000000000  -0.0000000000
   2.4645820353  -0.0000000000   0.0000000000   0.0000000000
   2.4681905009  -0.0000000000   0.0000000000   0.0000000000
   2.4717989666  -0.0000000000   0.0000000000   0.0000000000
   2.4754074322   0.0000000000  -0.0000000000  -0.0000000000
   2.4790158978   0.0000000000  -0.0000000000  -0.0000000000
   2.4826243635   0.0000000000  -0.0000000000  -0.0000000000
   2.4862328291   0.0000000000  -0.0000000000   0.0000000000
   2.4898412948  -0.0000000000   0.0000000000   0.0000000000
   2.4934497604  -0.0000000000   0.0000000000   0.0000000000
   2.4970582261  -0.0000000000   0.0000000000  -0.0000000000
   2.5006666917   0.0000000000  -0.0000000000  -0.0000000000
   2.5042751574   0.0000000000  -0.0000000000  -0.0000000000
   2.5078836230   0.0000000000  -0.0000000000  -0.0000000000
   2.5114920887  -0.0000000000   0.0000000000   0.0000000000
   2.5151005543  -0.0000000000   0.0000000000   0.0000000000
   2.5187090199  -0.0000000000   0.0000000000   0.0000000000
   2.5223174856  -0.0000000000   0.0000000000  -0.0000000000
   2.5259259512   0.0000000000  -0.0000000000  -0.0000000000
   2.5295344169   0.0000000000  -0.0000000000  -0.0000000000
   2.5331428825   0.0000000000  -0.0000000000   0.0000000000
   2.5367513482  -0.0000000000   0.0000000000   0.0000000000
   2.5403598138  -0.0000000000   0.0000000000   0.0000000000
   2.5439682795  -0.0000000000   0.0000000000   0.0000000000
   2.5475767451   0.0000000000  -0.0000000000  -0.0000000000
   2.5511852107   0.0000000000  -0.0000000000  -0.0000000000
   2.5547936764   0.0000000000  -0.0000000000  -0.0000000000
   2.5584021420   0.0000000000  -0.0000000000   0.0000000000
   2.5620106077  -0.0000000000   0.0000000000   0.0000000000
   2.5656190733  -0.0000000000   0.0000000000   0.0000000000
   2.5692275390  -0.0000000000   0.0000000000   0.0000000000
   2.5728360046   0.0000000000  -0.0000000000  -0.0000000000
   2.5764444703   0.0000000000  -0.0000000000  -0.0000000000
   2.5800529359   0.0000000000  -0.0000000000  -0.0000000000
   2.5836614015  -0.0000000000   0.0000000000   0.0000000000
   2.5872698672  -0.0000000000   0.0000000000   0.0000000000
   2.5908783328  -0.0000000000   0.0000000000   0.0000000000
   2.5944867985  -0.0000000000   0.0000000000  -0.0000000000
   2.5980952641   0.0000000000  -0.0000000000  -0.0000000000
   2.6017037298   0.0000000000  -0.0000000000  -0.0000000000
   2.6053121954   0.0000000000  -0.0000000000  -0.0000000000
   2.6089206611  -0.0000000000   0.0000000000   0.0000000000
   2.6125291267  -0.0000000000   0.0000000000   0.0000000000
   2.6161375923  -0.0000000000   0.0000000000   0.0000000000
   2.6197460580   0.0000000000  -0.0000000000  -0.0000000000
   2.6233545236   0.0000000000  -0.0000000000  -0.0000000000
   2.6269629893   0.0000000000  -0.0000000000  -0.0000000000
   2.6305714549   0.0000000000  -0.0000000000   0.0000000000
   2.6341799206  -0.0000000000   0.0000000000   0.0000000000
   2.6377883862  -0.0000000000   0.0000000000   0.0000000000
   2.6413968519  -0.0000000000   0.0000000000   0.0000000000
   2.6450053175   0.0000000000  -0.0000000000  -0.0000000000
   2.6486137831   0.0000000000  -0.0000000000  -0.0000000000
   2.6522222488   0.0000000000  -0.0000000000  -0.0000000000
   2.6558307144  -0.0000000000  -0.0000000000   0.0000000000
   2.6594391801  -0.0000000000  -0.0000000000   0.0000000000
   2.6630476457  -0.0000000000   0.0000000000   0.0000000000
   2.6666561114   0.0000000000   0.0000000000  -0.0000000000
   2.6702645770   0.0000000000   0.0000000000  -0.0000000000
   2.6738730427   0.0000000000  -0.0000000000  -0.0000000000
   2.6774815083   0.0000000000  -0.0000000000   0.0000000000
   2.6810899739  -0.0000000000  -0.0000000000   0.0000000000
   2.6846984396  -0.0000000000  -0.0000000000   0.0000000000
   2.6883069052  -0.0000000000   0.0000000000  -0.0000000000
   2.6919153709   0.0000000000   0.0000000000  -0.0000000000
   2.6955238365   0.0000000000   0.0000000000  -0.0000000000
   2.6991323022   0.0000000000  -0.0000000000   0.0000000000
   2.7027407678  -0.0000000000  -0.0000000000   0.0000000000
   2.7063492335  -0.0000000000  -0.0000000000   0.0000000000
   2.7099576991  -0.0000000000   0.0000000000  -0.0000000000
   2.7135661647  -0.0000000000   0.0000000000  -0.0000000000
   2.7171746304   0.0000000000   0.0000000000  -0.0000000000
   2.7207830960   0.0000000000  -0.0000000000  -0.0000000000
   2.7243915617   0.0000000000  -0.0000000000   0.0000000000
   2.7280000273  -0.0000000000  -0.0000000000   0.0000000000
   2.7316084930  -0.0000000000   0.0000000000   0.0000000000
   2.7352169586  -0.0000000000   0.0000000000  -0.0000000000
   2.7388254243   0.0000000000   0.0000000000  -0.0000000000
   2.7424338899   0.0000000000  -0.0000000000  -0.0000000000
   2.7460423556   0.0000000000  -0.0000000000   0.0000000000
   2.7496508212  -0.0000000000  -0.0000000000   0.0000000000
   2.7532592868  -0.0000000000  -0.0000000000   0.0000000000
   2.7568677525  -0.0000000000   0.0000000000  -0.0000000000
   2.7604762181   0.0000000000   0.0000000000  -0.0000000000
   2.7640846838   0.0000000000   0.0000000000  -0.0000000000
   2.7676931494   0.0000000000  -0.0000000000   0.0000000000
   2.7713016151  -0.0000000000  -0.0000000000   0.0000000000
   2.7749100807  -0.0000000000  -0.0000000000   0.0000000000
   2.7785185464  -0.0000000000   0.0000000000  -0.0000000000
   2.7821270120   0.0000000000   0.0000000000  -0.0000000000
   2.7857354776   0.0000000000   0.0000000000  -0.0000000000
   2.7893439433   0.0000000000  -0.0000000000   0.0000000000
   2.7929524089  -0.0000000000  -0.0000000000   0.0000000000
   2.7965608746  -0.0000000000   0.0000000000  -0.0000000000
   2.8001693402  -0.0000000000   0.0000000000  -0.0000000000
   2.8037778059   0.0000000000   0.0000000000  -0.0000000000
   2.8073862715   0.0000000000  -0.0000000000   0.0000000000
   2.8109947372   0.0000000000  -0.0000000000   0.0000000000
   2.8146032028   0.0000000000  -0.0000000000   0.0000000000
   2.8182116684  -0.0000000000   0.0000000000  -0.0000000000
   2.8218201341  -0.0000000000   0.0000000000  -0.0000000000
   2.8254285997  -0.0000000000   0.0000000000  -0.0000000000
   2.8290370654   0.0000000000  -0.0000000000   0.0000000000
   2.8326455310   0.0000000000  -0.0000000000   0.0000000000
   2.8362539967   0.0000000000  -0.0000000000   0.0000000000
   2.8398624623  -0.0000000000   0.0000000000  -0.0000000000
   2.8434709280  -0.0000000000   0.0000000000  -0.0000000000
   2.8470793936  -0.0000000000   0.0000000000  -0.0000000000
   2.8506878592   0.0000000000  -0.0000000000   0.0000000000
   2.8542963249   0.0000000000  -0.0000000000   0.0000000000
   2.8579047905   0.0000000000  -0.0000000000   0.0000000000
   2.8615132562  -0.0000000000   0.0000000000  -0.0000000000
   2.8651217218  -0.0000000000   0.0000000000  -0.0000000000
   2.8687301875  -0.0000000000   0.0000000000  -0.0000000000
   2.8723386531   0.0000000000  -0.0000000000   0.0000000000
   2.8759471188   0.0000000000  -0.0000000000   0.0000000000
   2.8795555844   0.0000000000  -0.0000000000   0.0000000000
   2.8831640500  -0.0000000000   0.0000000000  -0.0000000000
   2.8867725157  -0.0000000000   0.0000000000  -0.0000000000
   2.8903809813  -0.0000000000   0.0000000000  -0.0000000000
   2.8939894470   0.0000000000  -0.0000000000   0.0000000000
   2.8975979126   0.0000000000  -0.0000000000   0.0000000000
   2.9012063783   0.0000000000  -0.0000000000   0.0000000000
   2.9048148439  -0.0000000000   0.0000000000  -0.0000000000
   2.9084233096  -0.0000000000   0.0000000000  -0.0000000000
   2.9120317752  -0.0000000000   0.0000000000  -0.0000000000
   2.9156402408   0.0000000000  -0.0000000000   0.0000000000
   2.9192487065   0.0000000000  -0.0000000000   0.0000000000
   2.9228571721   0.0000000000  -0.0000000000   0.0000000000
   2.9264656378  -0.0000000000   0.0000000000  -0.0000000000
   2.9300741034  -0.0000000000   0.0000000000  -0.0000000000
   2.9336825691  -0.0000000000   0.0000000000  -0.0000000000
   2.9372910347   0.0000000000  -0.0000000000   0.0000000000
   2.9408995004   0.0000000000  -0.0000000000   0.0000000000
   2.9445079660   0.0000000000  -0.0000000000   0.0000000000
   2.9481164316  -0.0000000000   0.0000000000  -0.0000000000
   2.9517248973  -0.0000000000   0.0000000000  -0.0000000000
   2.9553333629  -0.0000000000   0.0000000000  -0.0000000000
   2.9589418286   0.0000000000  -0.0000000000   0.0000000000
   2.9625502942   0.0000000000  -0.0000000000   0.0000000000
   2.9661587599   0.0000000000  -0.0000000000   0.0000000000
   2.9697672255  -0.0000000000   0.0000000000  -0.0000000000
   2.9733756912  -0.0000000000   0.0000000000  -0.0000000000
   2.9769841568  -0.0000000000   0.0000000000  -0.0000000000
   2.9805926225   0.0000000000  -0.0000000000   0.0000000000
   2.9842010881   0.0000000000  -0.0000000000   0.0000000000
   2.9878095537   0.0000000000  -0.0000000000   0.0000000000
   2.9914180194  -0.0000000000  -0.0000000000  -0.0000000000
   2.9950264850  -0.0000000000   0.0000000000  -0.0000000000
   2.9986349507  -0.0000000000   0.0000000000  -0.0000000000
   3.0022434163   0.0000000000   0.0000000000   0.0000000000
   3.0058518820   0.0000000000  -0.0000000000   0.0000000000
   3.0094603476   0.0000000000  -0.0000000000   0.0000000000
   3.0130688133   0.0000000000  -0.0000000000  -0.0000000000
   3.0166772789  -0.0000000000   0.0000000000  -0.0000000000
   3.0202857445  -0.0000000000   0.0000000000  -0.0000000000
   3.0238942102  -0.0000000000   0.0000000000  -0.0000000000
   3.0275026758   0.0000000000  -0.0000000000   0.0000000000
   3.0311111415   0.0000000000  -0.0000000000   0.0000000000
   3.0347196071   0.0000000000  -0.0000000000   0.0000000000
   3.0383280728  -0.0000000000   0.0000000000  -0.0000000000
   3.0419365384  -0.0000000000   0.0000000000  -0.0000000000
   3.0455450041  -0.0000000000   0.0000000000  -0.0000000000
   3.0491534697   0.0000000000  -0.0000000000   0.0000000000
   3.0527619353   0.0000000000  -0.0000000000   0.0000000000
   3.0563704010   0.0000000000  -0.0000000000   0.0000000000
   3.0599788666  -0.0000000000   0.0000000000  -0.0000000000
   3.0635873323  -0.0000000000   0.0000000000  -0.0000000000
   3.0671957979  -0.0000000000   0.0000000000  -0.0000000000
   3.0708042636   0.0000000000  -0.0000000000   0.0000000000
   3.0744127292   0.0000000000  -0.0000000000   0.0000000000
   3.0780211949   0.0000000000  -0.0000000000   0.0000000000
   3.0816296605  -0.0000000000   0.0000000000  -0.0000000000
   3.0852381261  -0.0000000000   0.0000000000  -0.0000000000
   3.0888465918  -0.0000000000   0.0000000000  -0.0000000000
   3.0924550574   0.0000000000  -0.0000000000   0.0000000000
   3.0960635231   0.0000000000  -0.0000000000   0.0000000000
   3.0996719887   0.0000000000  -0.0000000000   0.0000000000
   3.1032804544  -0.0000000000   0.0000000000  -0.0000000000
   3.1068889200  -0.0000000000   0.0000000000  -0.0000000000
   3.1104973857  -0.0000000000   0.0000000000  -0.0000000000
   3.1141058513   0.0000000000   0.0000000000   0.0000000000
   3.1177143169   0.0000000000  -0.0000000000   0.0000000000
   3.1213227826   0.0000000000  -0.0000000000   0.0000000000
   3.1249312482  -0.0000000000  -0.0000000000  -0.0000000000
   3.1285397139  -0.0000000000   0.0000000000  -0.0000000000
   3.1321481795  -0.0000000000   0.0000000000  -0.0000000000
   3.1357566452  -0.0000000000   0.0000000000  -0.0000000000
   3.1393651108   0.0000000000  -0.0000000000   0.0000000000
   3.1429735765   0.0000000000  -0.0000000000   0.0000000000
   3.1465820421   0.0000000000  -0.0000000000   0.0000000000
   3.1501905077  -0.0000000000   0.0000000000  -0.0000000000
   3.1537989734  -0.0000000000   0.0000000000  -0.0000000000
   3.1574074390  -0.0000000000   0.0000000000  -0.0000000000
   3.1610159047   0.0000000000  -0.0000000000   0.0000000000
   3.1646243703   0.0000000000  -0.0000000000   0.0000000000
   3.1682328360   0.0000000000  -0.0000000000   0.0000000000
   3.1718413016  -0.0000000000   0.0000000000  -0.0000000000
   3.1754497673  -0.0000000000   0.0000000000  -0.0000000000
   3.1790582329  -0.0000000000   0.0000000000  -0.0000000000
   3.1826666985   0.0000000000  -0.0000000000   0.0000000000
   3.1862751642   0.0000000000  -0.0000000000   0.0000000000
   3.1898836298   0.0000000000  -0.0000000000   0.0000000000
   3.1934920955  -0.0000000000   0.0000000000  -0.0000000000
   3.1971005611  -0.0000000000   0.0000000000  -0.0000000000
   3.2007090268  -0.0000000000   0.0000000000  -0.0000000000
   3.2043174924   0.0000000000  -0.0000000000   0.0000000000
   3.2079259581   0.0000000000  -0.0000000000   0.0000000000
   3.2115344237   0.0000000000  -0.0000000000   0.0000000000
   3.2151428894  -0.0000000000  -0.0000000000  -0.0000000000
   3.2187513550  -0.0000000000   0.0000000000  -0.0000000000
   3.2223598206  -0.0000000000   0.0000000000  -0.0000000000
   3.2259682863  -0.0000000000   0.0000000000  -0.0000000000
   3.2295767519   0.0000000000  -0.0000000000   0.0000000000
   3.2331852176   0.0000000000  -0.0000000000   0.0000000000
   3.2367936832   0.0000000000  -0.0000000000   0.0000000000
   3.2404021489  -0.0000000000   0.0000000000  -0.0000000000
   3.2440106145  -0.0000000000   0.0000000000  -0.0000000000
   3.2476190802  -0.0000000000   0.0000000000  -0.0000000000
   3.2512275458   0.0000000000  -0.0000000000   0.0000000000
   3.2548360114   0.0000000000  -0.0000000000   0.0000000000
   3.2584444771   0.0000000000  -0.0000000000   0.0000000000
   3.2620529427  -0.0000000000   0.0000000000  -0.0000000000
   3.2656614084  -0.0000000000   0.0000000000  -0.0000000000
   3.2692698740  -0.0000000000   0.0000000000  -0.0000000000
   3.2728783397   0.0000000000  -0.0000000000   0.0000000000
   3.2764868053   0.0000000000  -0.0000000000   0.0000000000
   3.2800952710   0.0000000000  -0.0000000000   0.0000000000
   3.2837037366  -0.0000000000   0.0000000000  -0.0000000000
   3.2873122022  -0.0000000000   0.0000000000  -0.0000000000
   3.2909206679  -0.0000000000   0.0000000000  -0.0000000000
   3.2945291335   0.0000000000   0.0000000000   0.0000000000
   3.2981375992   0.0000000000  -0.0000000000   0.0000000000
   3.3017460648   0.0000000000  -0.0000000000   0.0000000000
   3.3053545305   0.0000000000  -0.0000000000   0.0000000000
   3.3089629961  -0.0000000000   0.0000000000  -0.0000000000
   3.3125714618  -0.0000000000   0.0000000000  -0.0000000000
   3.3161799274  -0.0000000000   0.0000000000  -0.0000000000
   3.3197883930   0.0000000000  -0.0000000000   0.0000000000
   3.3233968587   0.0000000000  -0.0000000000   0.0000000000
   3.3270053243   0.0000000000  -0.0000000000   0.0000000000
   3.3306137900  -0.0000000000   0.0000000000  -0.0000000000
   3.3342222556  -0.0000000000   0.0000000000  -0.0000000000
   3.3378307213  -0.0000000000   0.0000000000  -0.0000000000
   3.3414391869   0.0000000000  -0.0000000000   0.0000000000
   3.3450476526   0.0000000000  -0.0000000000   0.0000000000
   3.3486561182   0.0000000000  -0.0000000000   0.0000000000
   3.3522645838  -0.0000000000  -0.0000000000  -0.0000000000
   3.3558730495  -0.0000000000   0.0000000000  -0.0000000000
   3.3594815151  -0.0000000000   0.0000000000  -0.0000000000
   3.3630899808   0.0000000000   0.0000000000   0.0000000000
   3.3666984464   0.0000000000  -0.0000000000   0.0000000000
   3.3703069121   0.0000000000  -0.0000000000   0.0000000000
   3.3739153777   0.0000000000  -0.0000000000   0.0000000000
   3.3775238434  -0.0000000000   0.0000000000  -0.0000000000
   3.3811323090  -0.0000000000   0.0000000000  -0.0000000000
   3.3847407746  -0.0000000000   0.0000000000  -0.0000000000
   3.3883492403   0.0000000000  -0.0000000000   0.0000000000
   3.3919577059   0.0000000000  -0.0000000000   0.0000000000
   3.3955661716   0.0000000000  -0.0000000000   0.0000000000
   3.3991746372  -0.0000000000   0.0000000000  -0.0000000000
   3.4027831029  -0.0000000000   0.0000000000  -0.0000000000
   3.4063915685  -0.0000000000   0.0000000000  -0.0000000000
   3.4100000342   0.0000000000   0.0000000000   0.0000000000
   3.4136084998   0.0000000000  -0.0000000000   0.0000000000
   3.4172169654   0.0000000000  -0.0000000000   0.0000000000
   3.4208254311  -0.0000000000  -0.0000000000  -0.0000000000
   3.4244338967  -0.0000000000   0.0000000000  -0.0000000000
   3.4280423624  -0.0000000000   0.0000000000  -0.0000000000
   3.4316508280  -0.0000000000   0.0000000000  -0.0000000000
   3.4352592937   0.0000000000  -0.0000000000   0.0000000000
   3.4388677593   0.0000000000  -0.0000000000   0.0000000000
   3.4424762250   0.0000000000  -0.0000000000   0.0000000000
   3.4460846906  -0.0000000000   0.0000000000  -0.0000000000
   3.4496931563  -0.0000000000   0.0000000000  -0.0000000000
   3.4533016219  -0.0000000000   0.0000000000  -0.0000000000
   3.4569100875   0.0000000000  -0.0000000000   0.0000000000
   3.4605185532   0.0000000000  -0.0000000000   0.0000000000
   3.4641270188   0.0000000000  -0.0000000000   0.0000000000
   3.4677354845  -0.0000000000  -0.0000000000  -0.0000000000
   3.4713439501  -0.0000000000   0.0000000000  -0.0000000000
   3.4749524158  -0.0000000000   0.0000000000  -0.0000000000
   3.4785608814  -0.0000000000   0.0000000000  -0.0000000000
   3.4821693471   0.0000000000  -0.0000000000   0.0000000000
   3.4857778127   0.0000000000  -0.0000000000   0.0000000000
   3.4893862783   0.0000000000  -0.0000000000   0.0000000000
   3.4929947440  -0.0000000000   0.0000000000  -0.0000000000
   3.4966032096  -0.0000000000   0.0000000000  -0.0000000000
   3.5002116753  -0.0000000000   0.0000000000  -0.0000000000
   3.5038201409   0.0000000000  -0.0000000000   0.0000000000
   3.5074286066   0.0000000000  -0.0000000000   0.0000000000
   3.5110370722   0.0000000000  -0.0000000000   0.0000000000
   3.5146455379  -0.0000000000  -0.0000000000  -0.0000000000
   3.5182540035  -0.0000000000   0.0000000000  -0.0000000000
   3.5218624691  -0.0000000000   0.0000000000  -0.0000000000
   3.5254709348   0.0000000000   0.0000000000  -0.0000000000
   3.5290794004   0.0000000000  -0.0000000000   0.0000000000
   3.5326878661   0.0000000000  -0.0000000000   0.0000000000
   3.5362963317   0.0000000000  -0.0000000000   0.0000000000
   3.5399047974  -0.0000000000   0.0000000000  -0.0000000000
   3.5435132630  -0.0000000000   0.0000000000  -0.0000000000
   3.5471217287  -0.0000000000   0.0000000000  -0.0000000000
   3.5507301943   0.0000000000  -0.0000000000   0.0000000000
   3.5543386599   0.0000000000  -0.0000000000   0.0000000000
   3.5579471256   0.0000000000  -0.0000000000   0.0000000000
   3.5615555912  -0.0000000000  -0.0000000000  -0.0000000000
   3.5651640569  -0.0000000000   0.0000000000  -0.0000000000
   3.5687725225  -0.0000000000   0.0000000000  -0.0000000000
   3.5723809882  -0.0000000000   0.0000000000  -0.0000000000
   3.5759894538   0.0000000000  -0.0000000000   0.0000000000
   3.5795979195   0.0000000000  -0.0000000000   0.0000000000
   3.5832063851   0.0000000000  -0.0000000000   0.0000000000
   3.5868148507  -0.0000000000   0.0000000000  -0.0000000000
   3.5904233164  -0.0000000000   0.0000000000  -0.0000000000
   3.5940317820  -0.0000000000   0.0000000000  -0.0000000000
   3.5976402477   0.0000000000  -0.0000000000   0.0000000000
   3.6012487133   0.0000000000  -0.0000000000   0.0000000000
   3.6048571790   0.0000000000  -0.0000000000   0.0000000000
   3.6084656446  -0.0000000000  -0.0000000000  -0.0000000000
   3.6120741103  -0.0000000000   0.0000000000  -0.0000000000
   3.6156825759  -0.0000000000   0.0000000000  -0.0000000000
   3.6192910415  -0.0000000000   0.0000000000  -0.0000000000
   3.6228995072   0.0000000000  -0.0000000000   0.0000000000
   3.6265079728   0.0000000000  -0.0000000000   0.0000000000
   3.6301164385   0.0000000000  -0.0000000000   0.0000000000
   3.6337249041  -0.0000000000   0.0000000000  -0.0000000000
   3.6373333698  -0.0000000000   0.0000000000  -0.0000000000
   3.6409418354  -0.0000000000   0.0000000000  -0.0000000000
   3.6445503011   0.0000000000  -0.0000000000   0.0000000000
   3.6481587667   0.0000000000  -0.0000000000   0.0000000000
   3.6517672323   0.0000000000  -0.0000000000   0.0000000000
   3.6553756980   0.0000000000  -0.0000000000   0.0000000000
   3.6589841636  -0.0000000000   0.0000000000  -0.0000000000
   3.6625926293  -0.0000000000   0.0000000000  -0.0000000000
   3.6662010949  -0.0000000000   0.0000000000  -0.0000000000
   3.6698095606   0.0000000000  -0.0000000000   0.0000000000
   3.6734180262   0.0000000000  -0.0000000000   0.0000000000
   3.6770264919   0.0000000000  -0.0000000000   0.0000000000
   3.6806349575  -0.0000000000   0.0000000000  -0.0000000000
   3.6842434232  -0.0000000000   0.0000000000  -0.0000000000
   3.6878518888  -0.0000000000   0.0000000000  -0.0000000000
   3.6914603544   0.0000000000   0.0000000000   0.0000000000
   3.6950688201   0.0000000000  -0.0000000000   0.0000000000
   3.6986772857   0.0000000000  -0.0000000000   0.0000000000
   3.7022857514   0.0000000000  -0.0000000000   0.0000000000
   3.7058942170  -0.0000000000   0.0000000000  -0.0000000000
   3.7095026827  -0.0000000000   0.0000000000  -0.0000000000
   3.7131111483  -0.0000000000   0.0000000000  -0.0000000000
   3.7167196140   0.0000000000  -0.0000000000   0.0000000000
   3.7203280796   0.0000000000  -0.0000000000   0.0000000000
   3.7239365452   0.0000000000  -0.0000000000   0.0000000000
   3.7275450109  -0.0000000000  -0.0000000000  -0.0000000000
   3.7311534765  -0.0000000000   0.0000000000  -0.0000000000
   3.7347619422  -0.0000000000   0.0000000000  -0.0000000000
   3.7383704078  -0.0000000000   0.0000000000  -0.0000000000
   3.7419788735   0.0000000000  -0.0000000000   0.0000000000
   3.7455873391   0.0000000000  -0.0000000000   0.0000000000
   3.7491958048   0.0000000000  -0.0000000000   0.0000000000
   3.7528042704  -0.0000000000   0.0000000000  -0.0000000000
   3.7564127360  -0.0000000000   0.0000000000  -0.0000000000
   3.7600212017  -0.0000000000   0.0000000000  -0.0000000000
   3.7636296673   0.0000000000   0.0000000000   0.0000000000
   3.7672381330   0.0000000000  -0.0000000000   0.0000000000
   3.7708465986   0.0000000000  -0.0000000000   0.0000000000
   3.7744550643   0.0000000000  -0.0000000000   0.0000000000
   3.7780635299  -0.0000000000   0.0000000000  -0.0000000000
   3.7816719956  -0.0000000000   0.0000000000  -0.0000000000
   3.7852804612  -0.0000000000   0.0000000000  -0.0000000000
   3.7888889268   0.0000000000  -0.0000000000   0.0000000000
   3.7924973925   0.0000000000  -0.0000000000   0.0000000000
   3.7961058581   0.0000000000  -0.0000000000   0.0000000000
   3.7997143238  -0.0000000000  -0.0000000000  -0.0000000000
   3.8033227894  -0.0000000000   0.0000000000  -0.0000000000
   3.8069312551  -0.0000000000   0.0000000000  -0.0000000000
   3.8105397207  -0.0000000000   0.0000000000  -0.0000000000
   3.8141481864   0.0000000000  -0.0000000000   0.0000000000
   3.8177566520   0.0000000000  -0.0000000000   0.0000000000
   3.8213651176   0.0000000000  -0.0000000000   0.0000000000
   3.8249735833  -0.0000000000  -0.0000000000  -0.0000000000
   3.8285820489  -0.0000000000   0.0000000000  -0.0000000000
   3.8321905146  -0.0000000000   0.0000000000  -0.0000000000
   3.8357989802  -0.0000000000   0.0000000000  -0.0000000000
   3.8394074459   0.0000000000  -0.0000000000   0.0000000000
   3.8430159115   0.0000000000  -0.0000000000   0.0000000000
   3.8466243772   0.0000000000  -0.0000000000   0.0000000000
   3.8502328428  -0.0000000000   0.0000000000  -0.0000000000
   3.8538413084  -0.0000000000   0.0000000000  -0.0000000000
   3.8574497741  -0.0000000000   0.0000000000  -0.0000000000
   3.8610582397   0.0000000000   0.0000000000   0.0000000000
   3.8646667054   0.0000000000  -0.0000000000   0.0000000000
   3.8682751710   0.0000000000  -0.0000000000   0.0000000000
   3.8718836367   0.0000000000  -0.0000000000   0.0000000000
   3.8754921023  -0.0000000000   0.0000000000  -0.0000000000
   3.8791005680  -0.0000000000   0.0000000000  -0.0000000000
   3.8827090336  -0.0000000000   0.0000000000  -0.0000000000
   3.8863174992   0.0000000000  -0.0000000000   0.0000000000
   3.8899259649   0.0000000000  -0.0000000000   0.0000000000
   3.8935344305   0.0000000000  -0.0000000000   0.0000000000
   3.8971428962   0.0000000000  -0.0000000000   0.0000000000
   3.9007513618  -0.0000000000   0.0000000000  -0.0000000000
   3.9043598275  -0.0000000000   0.0000000000  -0.0000000000
   3.9079682931  -0.0000000000   0.0000000000  -0.0000000000
   3.9115767588   0.0000000000  -0.0000000000   0.0000000000
   3.9151852244   0.0000000000  -0.0000000000   0.0000000000
   3.9187936901   0.0000000000  -0.0000000000   0.0000000000
   3.9224021557  -0.0000000000  -0.0000000000  -0.0000000000
   3.9260106213  -0.0000000000   0.0000000000  -0.0000000000
   3.9296190870  -0.0000000000   0.0000000000  -0.0000000000
   3.9332275526  -0.0000000000   0.0000000000  -0.0000000000
   3.9368360183   0.0000000000  -0.0000000000   0.0000000000
   3.9404444839   0.0000000000  -0.0000000000   0.0000000000
   3.9440529496   0.0000000000  -0.0000000000   0.0000000000
   3.9476614152  -0.0000000000  -0.0000000000  -0.0000000000
   3.9512698809  -0.0000000000   0.0000000000  -0.0000000000
   3.9548783465  -0.0000000000   0.0000000000  -0.0000000000
   3.9584868121  -0.0000000000   0.0000000000  -0.0000000000
   3.9620952778   0.0000000000  -0.0000000000   0.0000000000
   3.9657037434   0.0000000000  -0.0000000000   0.0000000000
   3.9693122091   0.0000000000  -0.0000000000   0.0000000000
   3.9729206747  -0.0000000000  -0.0000000000  -0.0000000000
   3.9765291404  -0.0000000000   0.0000000000  -0.0000000000
   3.9801376060  -0.0000000000   0.0000000000  -0.0000000000
   3.9837460717  -0.0000000000   0.0000000000  -0.0000000000
   3.9873545373   0.0000000000  -0.0000000000   0.0000000000
   3.9909630029   0.0000000000  -0.0000000000   0.0000000000
   3.9945714686   0.0000000000  -0.0000000000   0.0000000000
   3.9981799342  -0.0000000000   0.0000000000  -0.0000000000
   4.0017883999  -0.0000000000   0.0000000000  -0.0000000000
   4.0053968655  -0.0000000000   0.0000000000  -0.0000000000
   4.0090053312  -0.0000000000   0.0000000000  -0.0000000000
   4.0126137968   0.0000000000  -0.0000000000   0.0000000000
   4.0162222625   0.0000000000  -0.0000000000   0.0000000000
   4.0198307281   0.0000000000  -0.0000000000   0.0000000000
   4.0234391937  -0.0000000000   0.0000000000  -0.0000000000
   4.0270476594  -0.0000000000   0.0000000000  -0.0000000000
   4.0306561250  -0.0000000000   0.0000000000  -0.0000000000
   4.0342645907  -0.0000000000   0.0000000000  -0.0000000000
   4.0378730563   0.0000000000  -0.0000000000   0.0000000000
   4.0414815220   0.0000000000  -0.0000000000   0.0000000000
   4.0450899876   0.0000000000  -0.0000000000   0.0000000000
   4.0486984533  -0.0000000000   0.0000000000  -0.0000000000
   4.0523069189  -0.0000000000   0.0000000000  -0.0000000000
   4.0559153845  -0.0000000000   0.0000000000  -0.0000000000
   4.0595238502  -0.0000000000   0.0000000000  -0.0000000000
   4.0631323158   0.0000000000  -0.0000000000   0.0000000000
   4.0667407815   0.0000000000  -0.0000000000   0.0000000000
   4.0703492471   0.0000000000  -0.0000000000   0.0000000000
   4.0739577128  -0.0000000000   0.0000000000  -0.0000000000
   4.0775661784  -0.0000000000   0.0000000000  -0.0000000000
   4.0811746441  -0.0000000000   0.0000000000  -0.0000000000
   4.0847831097  -0.0000000000   0.0000000000  -0.0000000000
   4.0883915753   0.0000000000  -0.0000000000   0.0000000000
   4.0920000410   0.0000000000  -0.0000000000   0.0000000000
   4.0956085066   0.0000000000  -0.0000000000   0.0000000000
   4.0992169723  -0.0000000000   0.0000000000  -0.0000000000
   4.1028254379  -0.0000000000   0.0000000000  -0.0000000000
   4.1064339036  -0.0000000000   0.0000000000  -0.0000000000
   4.1100423692  -0.0000000000   0.0000000000  -0.0000000000
   4.1136508349   0.0000000000  -0.0000000000   0.0000000000
   4.1172593005   0.0000000000  -0.0000000000   0.0000000000
   4.1208677661   0.0000000000  -0.0000000000   0.0000000000
   4.1244762318  -0.0000000000  -0.0000000000  -0.0000000000
   4.1280846974  -0.0000000000   0.0000000000  -0.0000000000
   4.1316931631  -0.0000000000   0.0000000000  -0.0000000000
   4.1353016287  -0.0000000000   0.0000000000  -0.0000000000
   4.1389100944   0.0000000000  -0.0000000000   0.0000000000
   4.1425185600   0.0000000000  -0.0000000000   0.0000000000
   4.1461270257   0.0000000000  -0.0000000000   0.0000000000
   4.1497354913  -0.0000000000  -0.0000000000  -0.0000000000
   4.1533439570  -0.0000000000   0.0000000000  -0.0000000000
   4.1569524226  -0.0000000000   0.0000000000  -0.0000000000
   4.1605608882  -0.0000000000   0.0000000000  -0.0000000000
   4.1641693539   0.0000000000  -0.0000000000   0.0000000000
   4.1677778195   0.0000000000  -0.0000000000   0.0000000000
   4.1713862852   0.0000000000  -0.0000000000   0.0000000000
   4.1749947508   0.0000000000  -0.0000000000   0.0000000000
   4.1786032165  -0.0000000000   0.0000000000  -0.0000000000
   4.1822116821  -0.0000000000   0.0000000000  -0.0000000000
   4.1858201478  -0.0000000000   0.0000000000  -0.0000000000
   4.1894286134   0.0000000000   0.0000000000   0.0000000000
   4.1930370790   0.0000000000  -0.0000000000   0.0000000000
   4.1966455447   0.0000000000  -0.0000000000   0.0000000000
   4.2002540103   0.0000000000  -0.0000000000   0.0000000000
   4.2038624760  -0.0000000000   0.0000000000  -0.0000000000
   4.2074709416  -0.0000000000   0.0000000000  -0.0000000000
   4.2110794073  -0.0000000000   0.0000000000  -0.0000000000
   4.2146878729   0.0000000000   0.0000000000   0.0000000000
   4.2182963386   0.0000000000  -0.0000000000   0.0000000000
   4.2219048042   0.0000000000  -0.0000000000   0.0000000000
   4.2255132698   0.0000000000  -0.0000000000   0.0000000000
   4.2291217355  -0.0000000000   0.0000000000  -0.0000000000
   4.2327302011  -0.0000000000   0.0000000000  -0.0000000000
   4.2363386668  -0.0000000000   0.0000000000  -0.0000000001
   4.2399471324  -0.0000000000   0.0000000000  -0.0000000000
   4.2435555981   0.0000000001  -0.0000000000   0.0000000001
   4.2471640637   0.0000000001  -0.0000000000   0.0000000001
   4.2507725294   0.0000000001  -0.0000000001   0.0000000001
   4.2543809950  -0.0000000000  -0.0000000000  -0.0000000000
   4.2579894606  -0.0000000002   0.0000000001  -0.0000000002
   4.2615979263  -0.0000000002   0.0000000001  -0.0000000002
   4.2652063919  -0.0000000001   0.0000000001  -0.0000000001
   4.2688148576   0.0000000002  -0.0000000000   0.0000000002
   4.2724233232   0.0000000004  -0.0000000002   0.0000000004
   4.2760317889   0.0000000004  -0.0000000002   0.0000000005
   4.2796402545   0.0000000001  -0.0000000001   0.0000000001
   4.2832487202  -0.0000000005   0.0000000001  -0.0000000005
   4.2868571858  -0.0000000009   0.0000000004  -0.0000000010
   4.2904656514  -0.0000000008   0.0000000005  -0.0000000008
   4.2940741171   0.0000000001   0.0000000002   0.0000000001
   4.2976825827   0.0000000013  -0.0000000004   0.0000000014
   4.3012910484   0.0000000019  -0.0000000009   0.0000000021
   4.3048995140   0.0000000012  -0.0000000008   0.0000000013
   4.3085079797  -0.0000000009  -0.0000000000  -0.0000000010
   4.3121164453  -0.0000000032   0.0000000011  -0.0000000034
   4.3157249110  -0.0000000037   0.0000000019  -0.0000000040
   4.3193333766  -0.0000000014   0.0000000014  -0.0000000015
   4.3229418422   0.0000000031  -0.0000000005   0.0000000033
   4.3265503079   0.0000000069  -0.0000000027   0.0000000074
   4.3301587735   0.0000000066  -0.0000000036   0.0000000072
   4.3337672392   0.0000000008  -0.0000000020   0.0000000010
   4.3373757048  -0.0000000080   0.0000000020  -0.0000000085
   4.3409841705  -0.0000000139   0.0000000059  -0.0000000150
   4.3445926361  -0.0000000110   0.0000000067  -0.0000000119
   4.3482011018   0.0000000019   0.0000000024   0.0000000019
   4.3518095674   0.0000000183  -0.0000000055   0.0000000197
   4.3554180330   0.0000000265  -0.0000000121   0.0000000286
   4.3590264987   0.0000000168  -0.0000000117   0.0000000184
   4.3626349643  -0.0000000097  -0.0000000019  -0.0000000103
   4.3662434300  -0.0000000386   0.0000000131  -0.0000000415
   4.3698518956  -0.0000000480   0.0000000235  -0.0000000520
   4.3734603613  -0.0000000237   0.0000000194  -0.0000000260
   4.3770688269   0.0000000277  -0.0000000010   0.0000000295
   4.3806772926   0.0000000760  -0.0000000281   0.0000000821
   4.3842857582   0.0000000834  -0.0000000433   0.0000000906
   4.3878942238   0.0000000301  -0.0000000310   0.0000000332
   4.3915026895  -0.0000000642   0.0000000089  -0.0000000689
   4.3951111551  -0.0000001421   0.0000000558  -0.0000001538
   4.3987196208  -0.0000001400   0.0000000768  -0.0000001523
   4.4023280864  -0.0000000334   0.0000000478  -0.0000000372
   4.4059365521   0.0000001322  -0.0000000259   0.0000001425
   4.4095450177   0.0000002537  -0.0000001044   0.0000002752
   4.4131534834   0.0000002287  -0.0000001317   0.0000002490
   4.4167619490   0.0000000304  -0.0000000723   0.0000000344
   4.4203704147  -0.0000002499   0.0000000575  -0.0000002702
   4.4239788803  -0.0000004355   0.0000001855  -0.0000004730
   4.4275873459  -0.0000003667   0.0000002200  -0.0000003997
   4.4311958116  -0.0000000196   0.0000001094  -0.0000000231
   4.4348042772   0.0000004397  -0.0000001096   0.0000004767
   4.4384127429   0.0000007215  -0.0000003144   0.0000007846
   4.4420212085   0.0000005825  -0.0000003591   0.0000006349
   4.4456296742   0.0000000071  -0.0000001698   0.0000000097
   4.4492381398  -0.0000007246   0.0000001858  -0.0000007872
   4.4528466055  -0.0000011560   0.0000005093  -0.0000012584
   4.4564550711  -0.0000009224   0.0000005748  -0.0000010054
   4.4600635367  -0.0000000182   0.0000002745  -0.0000000211
   4.4636720024   0.0000011170  -0.0000002811   0.0000012160
   4.4672804680   0.0000017909  -0.0000007872   0.0000019512
   4.4708889337   0.0000014603  -0.0000009023   0.0000015912
   4.4744973993   0.0000001169  -0.0000004638   0.0000001265
   4.4781058650  -0.0000015974   0.0000003696  -0.0000017427
   4.4817143306  -0.0000026728   0.0000011535  -0.0000029144
   4.4853227963  -0.0000023032   0.0000013842  -0.0000025088
   4.4889312619  -0.0000004321   0.0000008051  -0.0000004656
   4.4925397275   0.0000020761  -0.0000003870   0.0000022706
   4.4961481932   0.0000038101  -0.0000015818   0.0000041581
   4.4997566588   0.0000035822  -0.0000020571   0.0000039018
   4.5033651245   0.0000011840  -0.0000013974   0.0000012778
   4.5069735901  -0.0000023364   0.0000002070  -0.0000025647
   4.5105820558  -0.0000051062   0.0000019780  -0.0000055788
   4.5141905214  -0.0000054059   0.0000029182  -0.0000058899
   4.5177989871  -0.0000026846   0.0000023559  -0.0000029044
   4.5214074527   0.0000019720   0.0000003754   0.0000021826
   4.5250159183   0.0000062483  -0.0000021309   0.0000068375
   4.5286243840   0.0000077405  -0.0000038575   0.0000084396
   4.5322328496   0.0000052666  -0.0000037544   0.0000057110
   4.5358413153  -0.0000003620  -0.0000016266  -0.0000004461
   4.5394497809  -0.0000065678   0.0000016669  -0.0000072071
   4.5430582466  -0.0000101892   0.0000045543  -0.0000111234
   4.5466667122  -0.0000090634   0.0000054955  -0.0000098502
   4.5502751779  -0.0000032179   0.0000037740  -0.0000034408
   4.5538836435   0.0000049568  -0.0000000649   0.0000054781
   4.5574921091   0.0000116949  -0.0000043710   0.0000127936
   4.5611005748   0.0000135772  -0.0000070987   0.0000147897
   4.5647090404   0.0000091937  -0.0000067578   0.0000099545
   4.5683175061  -0.0000000416  -0.0000031664  -0.0000001433
   4.5719259717  -0.0000103374   0.0000023569  -0.0000113551
   4.5755344374  -0.0000170827   0.0000074758  -0.0000186572
   4.5791429030  -0.0000168627   0.0000098136  -0.0000183472
   4.5827513687  -0.0000090643   0.0000080125  -0.0000097852
   4.5863598343   0.0000036467   0.0000024180   0.0000040979
   4.5899682999   0.0000162328  -0.0000049313   0.0000177989
   4.5935767656   0.0000232609  -0.0000110401   0.0000253998
   4.5971852312   0.0000211718  -0.0000131528   0.0000230405
   4.6007936969   0.0000099158  -0.0000099360   0.0000106945
   4.6044021625  -0.0000067565  -0.0000021542  -0.0000075226
   4.6080106282  -0.0000225423   0.0000074688  -0.0000247222
   4.6116190938  -0.0000309528   0.0000151996  -0.0000338281
   4.6152275595  -0.0000279016   0.0000177187  -0.0000304008
   4.6188360251  -0.0000134933   0.0000134756  -0.0000145843
   4.6224444907   0.0000077361   0.0000034339   0.0000086404
   4.6260529564   0.0000282853  -0.0000091173   0.0000310645
   4.6296614220   0.0000403555  -0.0000196563   0.0000441711
   4.6332698877   0.0000387388  -0.0000240421   0.0000422903
   4.6368783533   0.0000228486  -0.0000200637   0.0000248124
   4.6404868190  -0.0000028619  -0.0000083502  -0.0000033638
   4.6440952846  -0.0000302495   0.0000076942  -0.0000333144
   4.6477037503  -0.0000501162   0.0000229199  -0.0000549762
   4.6513122159  -0.0000552156   0.0000320752  -0.0000604357
   4.6549206816  -0.0000426380   0.0000315202  -0.0000465341
   4.6585291472  -0.0000148444   0.0000204615  -0.0000159946
   4.6621376128   0.0000209067   0.0000013379   0.0000232096
   4.6657460785   0.0000545060  -0.0000207430   0.0000599913
   4.6693545441   0.0000757324  -0.0000393457   0.0000831506
   4.6729630098   0.0000770605  -0.0000484610   0.0000844531
   4.6765714754   0.0000558638  -0.0000442250   0.0000610436
   4.6801799411   0.0000155026  -0.0000261766   0.0000166371
   4.6837884067  -0.0000349940   0.0000022766  -0.0000388344
   4.6873968724  -0.0000826900   0.0000343548  -0.0000911579
   4.6910053380  -0.0001136975   0.0000613420  -0.0001250853
   4.6946138036  -0.0001167622   0.0000747110  -0.0001282675
   4.6982222693  -0.0000866481   0.0000684795  -0.0000949711
   4.7018307349  -0.0000264016   0.0000412049  -0.0000285620
   4.7054392006   0.0000522521  -0.0000029552   0.0000580552
   4.7090476662   0.0001306351  -0.0000544884   0.0001443293
   4.7126561319   0.0001865784  -0.0001000902   0.0002058579
   4.7162645975   0.0001986447  -0.0001251605   0.0002190219
   4.7198730632   0.0001498947  -0.0001165563   0.0001651244
   4.7234815288   0.0000301897  -0.0000648685   0.0000329278
   4.7270899944  -0.0001633734   0.0000343102  -0.0001808538
   4.7306984601  -0.0004275810   0.0001802755  -0.0004727650
   4.7343069257  -0.0007549505   0.0003680222  -0.0008346215
   4.7379153914  -0.0011354057   0.0005895042  -0.0012553377
   4.7415238570  -0.0015572282   0.0008348714  -0.0017219718
   4.7451323227  -0.0020073048   0.0010934214  -0.0022200090
   4.7487407883  -0.0024711502   0.0013542677  -0.0027334104
   4.7523492540  -0.0029333081   0.0016069150  -0.0032450785
   4.7559577196  -0.0033784626   0.0018419373  -0.0037380979
   4.7595661852  -0.0037931117   0.0020517999  -0.0041975772
   4.7631746509  -0.0041672194   0.0022316516  -0.0046124532
   4.7667831165  -0.0044951337   0.0023797768  -0.0049764799
   4.7703915822  -0.0047752854   0.0024974212  -0.0052878807
   4.7740000478  -0.0050086797   0.0025878992  -0.0055476884
   4.7776085135  -0.0051967124   0.0026551665  -0.0057573564
   4.7812169791  -0.0053391533   0.0027022775  -0.0059165641
   4.7848254448  -0.0054331043   0.0027302327  -0.0060220894
   4.7884339104  -0.0054733641   0.0027376102  -0.0060682166
   4.7920423760  -0.0054540741   0.0027211107  -0.0060485356
   4.7956508417  -0.0053709984   0.0026768147  -0.0059584278
   4.7992593073  -0.0052235158   0.0026016884  -0.0057972346
   4.8028677730  -0.0050154897   0.0024947843  -0.0055691997
   4.8064762386  -0.0047546065   0.0023576964  -0.0052827406
   4.8100847043  -0.0044503730   0.0021941140  -0.0049482579
   4.8136931699  -0.0041115058   0.0020086682  -0.0045752829
   4.8173016356  -0.0037437095   0.0018055360  -0.0041700549
   4.8209101012  -0.0033487145   0.0015873613  -0.0037344770
   4.8245185668  -0.0029249750   0.0013549272  -0.0032668889
   4.8281270325  -0.0024697993   0.0011077180  -0.0027644019
   4.8317354981  -0.0019821427   0.0008451646  -0.0022259530
   4.8353439638  -0.0014650457   0.0005681016  -0.0016549644
   4.8389524294  -0.0009268240   0.0002798765  -0.0010606326
   4.8425608951  -0.0003805533  -0.0000133311  -0.0004573547
   4.8461693607   0.0001580242  -0.0003031493   0.0001375678
   4.8497778264   0.0006735262  -0.0005804562   0.0007072411
   4.8533862920   0.0011539465  -0.0008371940   0.0012384745
   4.8569947576   0.0015927266  -0.0010679967   0.0017240431
   4.8606032233   0.0019892426  -0.0012711156   0.0021632171
   4.8642116889   0.0023475538  -0.0014483359   0.0025603911
   4.8678201546   0.0026737832  -0.0016038790   0.0029222139
   4.8714286202   0.0029729094  -0.0017425885   0.0032540753
   4.8750370859   0.0032459251  -0.0018679202   0.0035569926
   4.8786455515   0.0034882048  -0.0019803172   0.0038258232
   4.8822540172   0.0036895700  -0.0020764511   0.0040493389
   4.8858624828   0.0038360551  -0.0021495632   0.0042121661
   4.8894709485   0.0039129167  -0.0021908419   0.0042980884
   4.8930794141   0.0039081171  -0.0021914961   0.0042938694
   4.8966878797   0.0038154343  -0.0021450148   0.0041926660
   4.9002963454   0.0036364857  -0.0020490726   0.0039962525
   4.9039048110   0.0033812517  -0.0019066412   0.0037156019
   4.9075132767   0.0030670468  -0.0017260685   0.0033697642
   4.9111217423   0.0027162177  -0.0015201221   0.0029833451
   4.9147302080   0.0023530922  -0.0013042168   0.0025831551
   4.9183386736   0.0020008036  -0.0010942029   0.0021947146
   4.9219471393   0.0016785824  -0.0009041590   0.0018392651
   4.9255556049   0.0013999410  -0.0007445966   0.0015317613
   4.9291640705   0.0011719519  -0.0006213711   0.0012800649
   4.9327725362   0.0009955693  -0.0005354222   0.0010852902
   4.9363810018   0.0008667585  -0.0004832962   0.0009430400
   4.9399894675   0.0007780893  -0.0004582662   0.0008451561
   4.9435979331   0.0007204430  -0.0004517822   0.0007815967
   4.9472063988   0.0006845429  -0.0004549710   0.0007421248
   4.9508148644   0.0006621170  -0.0004599411   0.0007175944
   4.9544233301   0.0006466040  -0.0004607180   0.0007007383
   4.9580317957   0.0006334115  -0.0004537257   0.0006864606
   4.9616402613   0.0006198011  -0.0004378145   0.0006717169
   4.9652487270   0.0006045297  -0.0004139099   0.0006551201
   4.9688571926   0.0005873837  -0.0003844098   0.0006364265
   4.9724656583   0.0005687331  -0.0003524753   0.0006160418
   4.9760741239   0.0005491836  -0.0003213525   0.0005946367
   4.9796825896   0.0005293563  -0.0002938232   0.0005729023
   4.9832910552   0.0005097796  -0.0002718431   0.0005514306
   4.9868995209   0.0004908595  -0.0002563784   0.0005306788
   4.9905079865   0.0004728924  -0.0002474216   0.0005109808
   4.9941164521   0.0004560930  -0.0002441469   0.0004925760
   4.9977249178   0.0004406220  -0.0002451563   0.0004756398
   5.0013333834   0.0004265994  -0.0002487628   0.0004603012
   5.0049418491   0.0004141000  -0.0002532618   0.0004466394
   5.0085503147   0.0004031289  -0.0002571528   0.0004346593
   5.0121587804   0.0003935906  -0.0002592891   0.0004242567
   5.0157672460   0.0003852703  -0.0002589509   0.0004151960
   5.0193757117   0.0003778396  -0.0002558519   0.0004071165
   5.0229841773   0.0003708945  -0.0002500944   0.0003995720
   5.0265926429   0.0003640116  -0.0002420913   0.0003920948
   5.0302011086   0.0003568098  -0.0002324674   0.0003842631
   5.0338095742   0.0003490003  -0.0002219547   0.0003757571
   5.0374180399   0.0003404210  -0.0002112930   0.0003663974
   5.0410265055   0.0003310548  -0.0002011468   0.0003561656
   5.0446349712   0.0003210305  -0.0001920462   0.0003452056
   5.0482434368   0.0003106047  -0.0001843529   0.0003338020
   5.0518519025   0.0003001184  -0.0001782472   0.0003223318
   5.0554603681   0.0002899340  -0.0001737307   0.0003111934
   5.0590688337   0.0002803643  -0.0001706413   0.0003007280
   5.0626772994   0.0002716130  -0.0001686801   0.0002911567
   5.0662857650   0.0002637452  -0.0001674512   0.0002825504
   5.0698942307   0.0002566917  -0.0001665132   0.0002748361
   5.0735026963   0.0002502818  -0.0001654363   0.0002678317
   5.0771111620   0.0002442916  -0.0001638565   0.0002612955
   5.0807196276   0.0002384955  -0.0001615191   0.0002549791
   5.0843280933   0.0002327150  -0.0001583077   0.0002486814
   5.0879365589   0.0002268606  -0.0001542569   0.0002422974
   5.0915450245   0.0002209619  -0.0001495491   0.0002358565
   5.0951534902   0.0002151757  -0.0001444927   0.0002295350
   5.0987619558   0.0002097685  -0.0001394838   0.0002236337
   5.1023704215   0.0002050677  -0.0001349498   0.0002185205
   5.1059788871   0.0002013939  -0.0001312854   0.0002145495
   5.1095873528   0.0001989835  -0.0001287873   0.0002119760
   5.1131958184   0.0001979157  -0.0001275996   0.0002108790
   5.1168042841   0.0001980498  -0.0001276736   0.0002110989
   5.1204127497   0.0001989755  -0.0001287453   0.0002121853
   5.1240212154   0.0001999804  -0.0001303286   0.0002133591
   5.1276296810   0.0002000404  -0.0001317269   0.0002134957
   5.1312381466   0.0001978414  -0.0001320621   0.0002111432
   5.1348466123   0.0001918364  -0.0001303252   0.0002045842
   5.1384550779   0.0001803317  -0.0001254442   0.0001919368
   5.1420635436   0.0001615934  -0.0001163617   0.0001712782
   5.1456720092   0.0001339571  -0.0001021119   0.0001407703
   5.1492804749   0.0000959349  -0.0000818879   0.0000987750
   5.1528889405   0.0000463124  -0.0000550942   0.0000439549
   5.1564974062  -0.0000157636  -0.0000213854  -0.0000246354
   5.1601058718  -0.0000907119   0.0000193091  -0.0001074702
   5.1637143374  -0.0001784657   0.0000667732  -0.0002044907
   5.1673228031  -0.0002784507   0.0001205078  -0.0003150729
   5.1709312687  -0.0003895955   0.0001797515  -0.0004380345
   5.1745397344  -0.0005103713   0.0002435178  -0.0005716796
   5.1781482000  -0.0006388537   0.0003106445  -0.0007138739
   5.1817566657  -0.0007727988   0.0003798487  -0.0008621367
   5.1853651313  -0.0009097328   0.0004497818  -0.0010137415
   5.1889735970  -0.0010470493   0.0005190818  -0.0011658203
   5.1925820626  -0.0011821108   0.0005864191  -0.0013154676
   5.1961905282  -0.0013123442   0.0006505373  -0.0014598390
   5.1997989939  -0.0014353187   0.0007102834  -0.0015962367
   5.2034074595  -0.0015487995   0.0007646282  -0.0017221748
   5.2070159252  -0.0016507792   0.0008126739  -0.0018354225
   5.2106243908  -0.0017394932   0.0008536522  -0.0019340272
   5.2142328565  -0.0018134301   0.0008869162  -0.0020163248
   5.2178413221  -0.0018713391   0.0009119310  -0.0020809399
   5.2214497878  -0.0019122353   0.0009282660  -0.0021267837
   5.2250582534  -0.0019353998   0.0009355921  -0.0021530491
   5.2286667190  -0.0019403729   0.0009336825  -0.0021592087
   5.2322751847  -0.0019269460   0.0009224181  -0.0021450140
   5.2358836503  -0.0018951544   0.0009017952  -0.0021104968
   5.2394921160  -0.0018452718   0.0008719321  -0.0020559644
   5.2431005816  -0.0017778036   0.0008330730  -0.0019819842
   5.2467090473  -0.0016934713   0.0007855844  -0.0018893564
   5.2503175129  -0.0015931874   0.0007299456  -0.0017790801
   5.2539259786  -0.0014780251   0.0006667356  -0.0016523214
   5.2575344442  -0.0013491904   0.0005966190  -0.0015103934
   5.2611429098  -0.0012080046   0.0005203342  -0.0013547478
   5.2647513755  -0.0010559004   0.0004386852  -0.0011869737
   5.2683598411  -0.0008944283   0.0003525350  -0.0010087981
   5.2719683068  -0.0007252682   0.0002628040  -0.0008220868
   5.2755767724  -0.0005502430   0.0001704700  -0.0006288510
   5.2791852381  -0.0003713306   0.0000765751  -0.0004312612
   5.2827937037  -0.0001906698  -0.0000177669  -0.0002316648
   5.2864021694  -0.0000105557  -0.0001113645  -0.0000325931
   5.2900106350   0.0001665837  -0.0002029544   0.0001632605
   5.2936191006   0.0003382352  -0.0002912219   0.0003530996
   5.2972275663   0.0005018716  -0.0003748406   0.0005341163
   5.3008360319   0.0006550407  -0.0004525226   0.0007035993
   5.3044444976   0.0007954626  -0.0005230750   0.0008590400
   5.3080529632   0.0009211259  -0.0005854540   0.0009982285
   5.3116614289   0.0010303778  -0.0006388150   0.0011193398
   5.3152698945   0.0011220019  -0.0006825563   0.0012210155
   5.3188783602   0.0011952800  -0.0007163556   0.0013024377
   5.3224868258   0.0012500280  -0.0007401947   0.0013633831
   5.3260952914   0.0012866037  -0.0007543658   0.0014042409
   5.3297037571   0.0013058813  -0.0007594550   0.0014259850
   5.3333122227   0.0013091974  -0.0007563038   0.0014301043
   5.3369206884   0.0012982750  -0.0007459532   0.0014185054
   5.3405291540   0.0012751304  -0.0007295803   0.0013934052
   5.3441376197   0.0012419704  -0.0007084329   0.0013572216
   5.3477460853   0.0012010809  -0.0006837671   0.0013124637
   5.3513545510   0.0011547157  -0.0006567877   0.0012616179
   5.3549630166   0.0011049917  -0.0006285946   0.0012070342
   5.3585714823   0.0010538034  -0.0006001365   0.0011508219
   5.3621799479   0.0010027615  -0.0005721785   0.0010947705
   5.3657884135   0.0009531576  -0.0005452881   0.0010403039
   5.3693968792   0.0009059515  -0.0005198388   0.0009884700
   5.3730053448   0.0008617763  -0.0004960295   0.0009399562
   5.3766138105   0.0008209585  -0.0004739122   0.0008951209
   5.3802222761   0.0007835545  -0.0004534240   0.0008540362
   5.3838307418   0.0007494021  -0.0004344193   0.0008165386
   5.3874392074   0.0007181845  -0.0004167023   0.0007822891
   5.3910476731   0.0006894957  -0.0004000580   0.0007508391
   5.3946561387   0.0006629000  -0.0003842815   0.0007216971
   5.3982646043   0.0006379772  -0.0003692012   0.0006943867
   5.4018730700   0.0006143549  -0.0003546929   0.0006684913
