   0.0000000000   0.0000000000   0.0000000000   0.0000000000
   0.0144338626   0.0000000000   0.0000000000   0.0000000000
   0.0288677252   0.0000000000   0.0000000000   0.0000000000
   0.0433015877  -0.0000000000   0.0000000000   0.0000000000
   0.0577354503  -0.0000000000   0.0000000000  -0.0000000000
   0.0721693129  -0.0000000000   0.0000000000  -0.0000000000
   0.0866031755  -0.0000000000   0.0000000000  -0.0000000000
   0.1010370380  -0.0000000000   0.0000000000  -0.0000000000
   0.1154709006   0.0000000000  -0.0000000000  -0.0000000000
   0.1299047632   0.0000000000  -0.0000000000   0.0000000000
   0.1443386258   0.0000000000  -0.0000000000   0.0000000000
   0.1587724884   0.0000000000  -0.0000000000   0.0000000000
   0.1732063509  -0.0000000000   0.0000000000  -0.0000000000
   0.1876402135  -0.0000000000   0.0000000000  -0.0000000000
   0.2020740761  -0.0000000000   0.0000000000  -0.0000000000
   0.2165079387   0.0000000000  -0.0000000000  -0.0000000000
   0.2309418013   0.0000000000  -0.0000000000  -0.0000000000
   0.2453756638   0.0000000000  -0.0000000000   0.0000000000
   0.2598095264  -0.0000000000   0.0000000000   0.0000000000
   0.2742433890  -0.0000000000   0.0000000000   0.0000000000
   0.2886772516   0.0000000000  -0.0000000000   0.0000000000
   0.3031111141   0.0000000000  -0.0000000000  -0.0000000000
   0.3175449767   0.0000000000  -0.0000000000  -0.0000000001
   0.3319788393  -0.0000000000   0.0000000001  -0.0000000000
   0.3464127019  -0.0000000003   0.0000000003   0.0000000004
   0.3608465645  -0.0000000004   0.0000000003   0.0000000010
   0.3752804270   0.0000000001  -0.0000000006   0.0000000006
   0.3897142896   0.0000000017  -0.0000000025  -0.0000000027
   0.4041481522   0.0000000033  -0.0000000035  -0.0000000079
   0.4185820148   0.0000000014   0.0000000007  -0.0000000073
   0.4330158774  -0.0000000076   0.0000000134   0.0000000109
   0.4474497399  -0.0000000205   0.0000000274   0.0000000472
   0.4618836025  -0.0000000207   0.0000000194   0.0000000676
   0.4763174651   0.0000000152  -0.0000000383   0.0000000033
   0.4907513277   0.0000000895  -0.0000001390  -0.0000001900
   0.5051851902   0.0000001472  -0.0000001993  -0.0000004190
   0.5196190528   0.0000000770  -0.0000000669  -0.0000003847
   0.5340529154  -0.0000002083   0.0000003638   0.0000002771
   0.5484867780  -0.0000006228   0.0000009537   0.0000015780
   0.5629206406  -0.0000008083   0.0000011894   0.0000026980
   0.5773545031  -0.0000002565   0.0000003480   0.0000019852
   0.5917883657   0.0000012640  -0.0000019302  -0.0000020453
   0.6062222283   0.0000031673  -0.0000048835  -0.0000088309
   0.6206560909   0.0000038664  -0.0000062861  -0.0000141997
   0.6350899535   0.0000014419  -0.0000032067  -0.0000110573
   0.6495238160  -0.0000048053   0.0000059448   0.0000064117
   0.6639576786  -0.0000126884   0.0000189013   0.0000361476
   0.6783915412  -0.0000167687   0.0000283372   0.0000634005
   0.6928254038  -0.0000105032   0.0000238753   0.0000632614
   0.7072592663   0.0000092020  -0.0000021098   0.0000136348
   0.7216931289   0.0000371068  -0.0000467563  -0.0000846864
   0.7361269915   0.0000579079  -0.0000913285  -0.0001916239
   0.7505608541   0.0000507287  -0.0001031748  -0.0002292798
   0.7649947167   0.0000001622  -0.0000478595  -0.0001106799
   0.7794285792  -0.0000899101   0.0000905129   0.0002077379
   0.7938624418  -0.0001868901   0.0002883154   0.0006692180
   0.8082963044  -0.0002320005   0.0004716388   0.0010846701
   0.8227301670  -0.0001586348   0.0005252493   0.0011516333
   0.8371640296   0.0000766071   0.0003240570   0.0005324350
   0.8515978921   0.0004607465  -0.0002200107  -0.0010264548
   0.8660317547   0.0009038821  -0.0011116931  -0.0035746693
   0.8804656173   0.0012442748  -0.0022459248  -0.0068863155
   0.8948994799   0.0012838957  -0.0034157894  -0.0104721666
   0.9093333424   0.0008472949  -0.0043577558  -0.0136818419
   0.9237672050  -0.0001543966  -0.0048227105  -0.0158677860
   0.9382010676  -0.0016776064  -0.0046502567  -0.0165582621
   0.9526349302  -0.0035380379  -0.0038208922  -0.0155823368
   0.9670687928  -0.0054473046  -0.0024675217  -0.0131077107
   0.9815026553  -0.0070857220  -0.0008418326  -0.0095843961
   0.9959365179  -0.0081887031   0.0007531775  -0.0056199190
   1.0103703805  -0.0086183696   0.0020419595  -0.0018316350
   1.0248042431  -0.0083967134   0.0028413307   0.0012778649
   1.0392381056  -0.0076902125   0.0030931064   0.0033929722
   1.0536719682  -0.0067528253   0.0028586758   0.0043996024
   1.0681058308  -0.0058480634   0.0022830058   0.0043564898
   1.0825396934  -0.0051762926   0.0015442716   0.0034457242
   1.0969735560  -0.0048292133   0.0008068216   0.0019212418
   1.1114074185  -0.0047822470   0.0001901245   0.0000641348
   1.1258412811  -0.0049222590  -0.0002420827  -0.0018548835
   1.1402751437  -0.0050975475  -0.0004760329  -0.0036082068
   1.1547090063  -0.0051723417  -0.0005333980  -0.0050387198
   1.1691428689  -0.0050696669  -0.0004557712  -0.0060767982
   1.1835767314  -0.0047926644  -0.0002928675  -0.0067402932
   1.1980105940  -0.0044223609  -0.0000953607  -0.0071144228
   1.2124444566  -0.0040963981   0.0000892644  -0.0073158151
   1.2268783192  -0.0039764505   0.0002200525  -0.0074519884
   1.2413121817  -0.0042119243   0.0002664658  -0.0075900702
   1.2557460443  -0.0049056212   0.0002128800  -0.0077447371
   1.2701799069  -0.0060852483   0.0000627342  -0.0078870215
   1.2846137695  -0.0076838752  -0.0001591527  -0.0079670905
   1.2990476321  -0.0095322759  -0.0004076618  -0.0079395108
   1.3134814946  -0.0113656581  -0.0006229750  -0.0077804570
   1.3279153572  -0.0128460872  -0.0007407705  -0.0074913660
   1.3423492198  -0.0136000519  -0.0007055911  -0.0070896751
   1.3567830824  -0.0132682550  -0.0004846016  -0.0065919166
   1.3712169450  -0.0115619157  -0.0000783470  -0.0059964066
   1.3856508075  -0.0083170315   0.0004744331  -0.0052721742
   1.4000846701  -0.0035363456   0.0010996361  -0.0043583359
   1.4145185327   0.0025904211   0.0016983918  -0.0031748335
   1.4289523953   0.0096937933   0.0021639438  -0.0016423861
   1.4433862578   0.0172595081   0.0024018994   0.0002925292
   1.4578201204   0.0246863159   0.0023498468   0.0026327533
   1.4722539830   0.0313579953   0.0019920183   0.0053108838
   1.4866878456   0.0367187709   0.0013654493   0.0081802512
   1.5011217082   0.0403404019   0.0005558963   0.0110206929
   1.5155555707   0.0419699835  -0.0003159154   0.0135609149
   1.5299894333   0.0415507914  -0.0011150652   0.0155152022
   1.5444232959   0.0392141192  -0.0017162140   0.0166280508
   1.5588571585   0.0352461781  -0.0020258477   0.0167179166
   1.5732910211   0.0300383934  -0.0019987251   0.0157116741
   1.5877248836   0.0240308116  -0.0016452979   0.0136637599
   1.6021587462   0.0176576991  -0.0010286161   0.0107567204
   1.6165926088   0.0113031417  -0.0002514271   0.0072821770
   1.6310264714   0.0052727847   0.0005636762   0.0036035591
   1.6454603339  -0.0002151390   0.0012967447   0.0001051350
   1.6598941965  -0.0050210334   0.0018509204  -0.0028644724
   1.6743280591  -0.0090639193   0.0021669554  -0.0050435881
   1.6887619217  -0.0122993906   0.0022295594  -0.0062931656
   1.7031957843  -0.0147037034   0.0020653163  -0.0066097308
   1.7176296468  -0.0162680405   0.0017336647  -0.0061137434
   1.7320635094  -0.0170020651   0.0013135155  -0.0050171521
   1.7464973720  -0.0169422074   0.0008882977  -0.0035785723
   1.7609312346  -0.0161586789   0.0005317980  -0.0020570495
   1.7753650971  -0.0147561890   0.0002965611  -0.0006747182
   1.7897989597  -0.0128665831   0.0002062759   0.0004055496
   1.8042328223  -0.0106361259   0.0002534791   0.0010877080
   1.8186666849  -0.0082135925   0.0004035920   0.0013406216
   1.8331005475  -0.0057449365   0.0006051920   0.0011927790
   1.8475344100  -0.0033752703   0.0008044646   0.0007258988
   1.8619682726  -0.0012520207   0.0009597404   0.0000644601
   1.8764021352   0.0004803759   0.0010511914  -0.0006437450
   1.8908359978   0.0017002519   0.0010820730  -0.0012572059
   1.9052698604   0.0023393307   0.0010711948  -0.0016741816
   1.9197037229   0.0024107578   0.0010401537  -0.0018579216
   1.9341375855   0.0020179121   0.0010013393  -0.0018417249
   1.9485714481   0.0013338336   0.0009523988  -0.0017093464
   1.9630053107   0.0005544652   0.0008797312  -0.0015573188
   1.9774391732  -0.0001577100   0.0007690793  -0.0014546818
   1.9918730358  -0.0007167275   0.0006176064  -0.0014175386
   2.0063068984  -0.0011243767   0.0004408519  -0.0014094268
   2.0207407610  -0.0014447202   0.0002703216  -0.0013665542
   2.0351746236  -0.0017538525   0.0001421445  -0.0012352448
   2.0496084861  -0.0020888674   0.0000819480  -0.0010032996
   2.0640423487  -0.0024207941   0.0000933487  -0.0007102958
   2.0784762113  -0.0026646561   0.0001559136  -0.0004324370
   2.0929100739  -0.0027211451   0.0002337795  -0.0002499618
   2.1073439365  -0.0025283381   0.0002907966  -0.0002130295
   2.1217777990  -0.0020970877   0.0003049480  -0.0003217646
   2.1362116616  -0.0015127647   0.0002754975  -0.0005284891
   2.1506455242  -0.0009036688   0.0002202657  -0.0007594387
   2.1650793868  -0.0003927668   0.0001653179  -0.0009448149
   2.1795132493  -0.0000559345   0.0001325955  -0.0010435030
   2.1939471119   0.0000958158   0.0001312156  -0.0010526663
   2.2083809745   0.0001060608   0.0001556730  -0.0010002804
   2.2228148371   0.0000438444   0.0001906116  -0.0009265288
   2.2372486997  -0.0000284350   0.0002190104  -0.0008642098
   2.2516825622  -0.0000761270   0.0002296659  -0.0008272123
   2.2661164248  -0.0000961598   0.0002208436  -0.0008107125
   2.2805502874  -0.0001062080   0.0001991613  -0.0008002213
   2.2949841500  -0.0001276335   0.0001750430  -0.0007826215
   2.3094180126  -0.0001715307   0.0001574259  -0.0007528149
   2.3238518751  -0.0002337447   0.0001503022  -0.0007136724
   2.3382857377  -0.0002992152   0.0001523371  -0.0006715925
   2.3527196003  -0.0003512741   0.0001590281  -0.0006320770
   2.3671534629  -0.0003797818   0.0001656702  -0.0005983557
   2.3815873254  -0.0003837861   0.0001693687  -0.0005728577
   2.3960211880  -0.0003683692   0.0001693509  -0.0005589678
   2.4104550506  -0.0003389672   0.0001660593  -0.0005607263
   2.4248889132  -0.0002974846   0.0001601258  -0.0005803560
   2.4393227758  -0.0002425552   0.0001520213  -0.0006156283
   2.4537566383  -0.0001729543   0.0001423570  -0.0006593294
   2.4681905009  -0.0000909805   0.0001322346  -0.0007014295
   2.4826243635  -0.0000031080   0.0001231191  -0.0007325577
   2.4970582261   0.0000822590   0.0001162665  -0.0007466970
   2.5114920887   0.0001577401   0.0001122106  -0.0007420056
   2.5259259512   0.0002182059   0.0001107731  -0.0007202442
   2.5403598138   0.0002597800   0.0001115856  -0.0006860109
   2.5547936764   0.0002784063   0.0001146471  -0.0006463843
   2.5692275390   0.0002703030   0.0001203996  -0.0006104332
   2.5836614015   0.0002348746   0.0001292013  -0.0005875984
   2.5980952641   0.0001781296   0.0001405774  -0.0005847027
   2.6125291267   0.0001135962   0.0001528357  -0.0006027009
   2.6269629893   0.0000591447   0.0001634054  -0.0006350475
   2.6413968519   0.0000309441   0.0001697851  -0.0006690351
   2.6558307144   0.0000377711   0.0001705957  -0.0006899221
   2.6702645770   0.0000785813   0.0001661758  -0.0006861653
   2.6846984396   0.0001440345   0.0001584401  -0.0006535418
   2.6991323022   0.0002203650   0.0001501339  -0.0005965968
   2.7135661647   0.0002932370   0.0001439127  -0.0005271363
   2.7280000273   0.0003502225   0.0001416865  -0.0004605908
   2.7424338899   0.0003821102   0.0001444282  -0.0004115475
   2.7568677525   0.0003840077   0.0001523447  -0.0003896573
   2.7713016151   0.0003566735   0.0001651407  -0.0003968284
   2.7857354776   0.0003074206   0.0001821543  -0.0004263625
   2.8001693402   0.0002493717   0.0002023189  -0.0004644284
   2.8146032028   0.0001984041   0.0002240569  -0.0004937918
   2.8290370654   0.0001684386   0.0002452459  -0.0004990030
   2.8434709280   0.0001668801   0.0002633305  -0.0004715351
   2.8579047905   0.0001922183   0.0002755860  -0.0004130773
   2.8723386531   0.0002348985   0.0002795199  -0.0003356061
   2.8867725157   0.0002811003   0.0002734041  -0.0002579144
   2.9012063783   0.0003177971   0.0002568923  -0.0001995967
   2.9156402408   0.0003370141   0.0002315617  -0.0001745394
   2.9300741034   0.0003376831   0.0002010935  -0.0001862833
   2.9445079660   0.0003245881   0.0001707920  -0.0002270180
   2.9589418286   0.0003050973   0.0001463376  -0.0002805908
   2.9733756912   0.0002852202   0.0001320517  -0.0003283070
   2.9878095537   0.0002667557   0.0001293347  -0.0003551779
   3.0022434163   0.0002468562   0.0001360703  -0.0003541819
   3.0166772789   0.0002203357   0.0001474779  -0.0003271123
   3.0311111415   0.0001837953   0.0001582128  -0.0002821653
   3.0455450041   0.0001396085   0.0001648016  -0.0002297862
   3.0599788666   0.0000975274   0.0001672071  -0.0001787985
   3.0744127292   0.0000724854   0.0001686747  -0.0001343533
   3.0888465918   0.0000789114   0.0001738727  -0.0000981262
   3.1032804544   0.0001237952   0.0001862173  -0.0000700683
   3.1177143169   0.0002018260   0.0002056808  -0.0000503949
   3.1321481795   0.0002954071   0.0002281333  -0.0000405860
   3.1465820421   0.0003802469   0.0002465405  -0.0000428568
   3.1610159047   0.0004344654   0.0002535320  -0.0000584727
   3.1754497673   0.0004471866   0.0002443032  -0.0000859758
   3.1898836298   0.0004225639   0.0002186960  -0.0001205081
   3.2043174924   0.0003772920   0.0001816134  -0.0001548683
   3.2187513550   0.0003328583   0.0001415579  -0.0001819860
   3.2331852176   0.0003063540   0.0001078262  -0.0001976494
   3.2476190802   0.0003041952   0.0000874572  -0.0002020851
   3.2620529427   0.0003213616   0.0000831351  -0.0001995338
   3.2764868053   0.0003458162   0.0000928114  -0.0001960438
   3.2909206679   0.0003653161   0.0001110252  -0.0001966819
   3.3053545305   0.0003730887   0.0001311783  -0.0002036774
   3.3197883930   0.0003699432   0.0001477122  -0.0002164432
   3.3342222556   0.0003624327   0.0001573600  -0.0002332919
   3.3486561182   0.0003585071   0.0001592037  -0.0002536502
   3.3630899808   0.0003629368   0.0001538588  -0.0002792833
   3.3775238434   0.0003745519   0.0001424276  -0.0003136315
   3.3919577059   0.0003863443   0.0001258233  -0.0003594837
   3.4063915685   0.0003882132   0.0001047276  -0.0004161992
   3.4208254311   0.0003710468   0.0000800186  -0.0004780108
   3.4352592937   0.0003303272   0.0000532287  -0.0005344535
   3.4496931563   0.0002677562   0.0000266285  -0.0005729691
   3.4641270188   0.0001904158   0.0000028286  -0.0005827480
   3.4785608814   0.0001081625  -0.0000158544  -0.0005583323
   3.4929947440   0.0000306642  -0.0000278857  -0.0005016082
   3.5074286066  -0.0000346665  -0.0000326224  -0.0004214714
   3.5218624691  -0.0000833767  -0.0000301160  -0.0003313453
   3.5362963317  -0.0001136845  -0.0000208686  -0.0002454992
   3.5507301943  -0.0001258954  -0.0000057380  -0.0001754497
   3.5651640569  -0.0001219673   0.0000140210  -0.0001275462
   3.5795979195  -0.0001051954   0.0000367470  -0.0001022774
   3.5940317820  -0.0000797381   0.0000605174  -0.0000952014
   3.6084656446  -0.0000498437   0.0000834128  -0.0000989534
   3.6228995072  -0.0000189824   0.0001037653  -0.0001056425
   3.6373333698   0.0000107066   0.0001203026  -0.0001090248
   3.6517672323   0.0000383520   0.0001322175  -0.0001059862
   3.6662010949   0.0000637170   0.0001392358  -0.0000970209
   3.6806349575   0.0000863856   0.0001416864  -0.0000855931
   3.6950688201   0.0001052634   0.0001404836  -0.0000765594
   3.7095026827   0.0001187002   0.0001369466  -0.0000741655
   3.7239365452   0.0001251778   0.0001324992  -0.0000803330
   3.7383704078   0.0001241742   0.0001283904  -0.0000938707
   3.7528042704   0.0001167199   0.0001255558  -0.0001108751
   3.7672381330   0.0001053317   0.0001246050  -0.0001261075
   3.7816719956   0.0000933496   0.0001258274  -0.0001347873
   3.7961058581   0.0000839948   0.0001291403  -0.0001341577
   3.8105397207   0.0000795588   0.0001340356  -0.0001243324
   3.8249735833   0.0000809954   0.0001396533  -0.0001082061
   3.8394074459   0.0000879515   0.0001450386  -0.0000904973
   3.8538413084   0.0000990913   0.0001494789  -0.0000762408
   3.8682751710   0.0001125300   0.0001527241  -0.0000692225
   3.8827090336   0.0001262609   0.0001549613  -0.0000708851
   3.8971428962   0.0001385356   0.0001565870  -0.0000800703
   3.9115767588   0.0001481775   0.0001579417  -0.0000936397
   3.9260106213   0.0001547740   0.0001591573  -0.0001076699
   3.9404444839   0.0001586838   0.0001601462  -0.0001187311
   3.9548783465   0.0001608264   0.0001606684  -0.0001248126
   3.9693122091   0.0001623088   0.0001604067  -0.0001256840
   3.9837460717   0.0001640203   0.0001590454  -0.0001227122
   3.9981799342   0.0001663431   0.0001563761  -0.0001182849
   4.0126137968   0.0001690847   0.0001524207  -0.0001150206
   4.0270476594   0.0001716485   0.0001475084  -0.0001149496
   4.0414815220   0.0001733677   0.0001422366  -0.0001188713
   4.0559153845   0.0001738632   0.0001373147  -0.0001260944
   4.0703492471   0.0001732724   0.0001333599  -0.0001346834
   4.0847831097   0.0001722366   0.0001307364  -0.0001421542
   4.0992169723   0.0001716371   0.0001294809  -0.0001463697
   4.1136508349   0.0001721865   0.0001293071  -0.0001462933
   4.1280846974   0.0001740628   0.0001296653  -0.0001423171
   4.1425185600   0.0001767638   0.0001298569  -0.0001360695
   4.1569524226   0.0001792514   0.0001292074  -0.0001298101
   4.1713862852   0.0001803156   0.0001272704  -0.0001256541
   4.1858201478   0.0001789979   0.0001239848  -0.0001249005
   4.2002540103   0.0001749198   0.0001197077  -0.0001276663
   4.2146878729   0.0001684397   0.0001150980  -0.0001329190
   4.2291217355   0.0001606297   0.0001109070  -0.0001388646
   4.2435555981   0.0001530851   0.0001077666  -0.0001435508
   4.2579894606   0.0001475692   0.0001060404  -0.0001454887
   4.2724233232   0.0001455261   0.0001057533  -0.0001441021
   4.2868571858   0.0001475783   0.0001065839  -0.0001398710
   4.3012910484   0.0001532141   0.0001079248  -0.0001341289
   4.3157249110   0.0001608575   0.0001090232  -0.0001285777
   4.3301587735   0.0001683612   0.0001091980  -0.0001246825
   4.3445926361   0.0001737408   0.0001080703  -0.0001231602
   4.3590264987   0.0001758265   0.0001057036  -0.0001237569
   4.3734603613   0.0001745408   0.0001025750  -0.0001254125
   4.3878942239   0.0001707157   0.0000993761  -0.0001267495
   4.4023280864   0.0001655921   0.0000967348  -0.0001266810
   4.4167619490   0.0001602788   0.0000949807  -0.0001248681
   4.4311958116   0.0001554176   0.0000940525  -0.0001218248
   4.4456296742   0.0001511608   0.0000935706  -0.0001186353
   4.4600635367   0.0001474028   0.0000930352  -0.0001164252
   4.4744973993   0.0001441048   0.0000920653  -0.0001158419
   4.4889312619   0.0001415259   0.0000905841  -0.0001167746
   4.5033651245   0.0001402233   0.0000888685  -0.0001184278
   4.5177989871   0.0001407948   0.0000874294  -0.0001196936
   4.5322328496   0.0001434720   0.0000867614  -0.0001196453
   4.5466667122   0.0001477782   0.0000870728  -0.0001179315
   4.5611005748   0.0001524771   0.0000881369  -0.0001149030
   4.5755344374   0.0001559207   0.0000893525  -0.0001114220
   4.5899682999   0.0001566949   0.0000900014  -0.0001084417
   4.6044021625   0.0001542726   0.0000895774  -0.0001065493
   4.6188360251   0.0001493373   0.0000880236  -0.0001056898
   4.6332698877   0.0001435775   0.0000857581  -0.0001052139
   4.6477037503   0.0001390134   0.0000834787  -0.0001042376
   4.6621376128   0.0001371545   0.0000818427  -0.0001021439
   4.6765714754   0.0001383751   0.0000811757  -0.0000989639
   4.6910053380   0.0001417800   0.0000813374  -0.0000954307
   4.7054392006   0.0001456046   0.0000818045  -0.0000926588
   4.7198730632   0.0001479550   0.0000819255  -0.0000916047
   4.7343069257   0.0001475736   0.0000812365  -0.0000925871
   4.7487407883   0.0001443324   0.0000796906  -0.0000951125
   4.7631746509   0.0001392868   0.0000776964  -0.0000980939
   4.7776085135   0.0001342896   0.0000759409  -0.0001003389
   4.7920423760   0.0001313121   0.0000750754  -0.0001010496
   4.8064762386   0.0001317114   0.0000754093  -0.0001000813
   4.8209101012   0.0001356942   0.0000767590  -0.0000978523
   4.8353439638   0.0001421675   0.0000785229  -0.0000949822
   4.8497778264   0.0001490350   0.0000799423  -0.0000918823
   4.8642116889   0.0001538484   0.0000804192  -0.0000885356
   4.8786455515   0.0001545937   0.0000797381  -0.0000845946
   4.8930794141   0.0001503539   0.0000780954  -0.0000797492
   4.9075132767   0.0001416377   0.0000759440  -0.0000741609
   4.9219471393   0.0001302873   0.0000737509  -0.0000687073
   4.9363810018   0.0001190059   0.0000718026  -0.0000648581
   4.9508148644   0.0001106474   0.0000701506  -0.0000641818
   4.9652487270   0.0001074541   0.0000687073  -0.0000676703
   4.9796825896   0.0001104365   0.0000674166  -0.0000751827
   4.9941164521   0.0001190620   0.0000663892  -0.0000852754
   5.0085503147   0.0001313598   0.0000659173  -0.0000955257
   5.0229841773   0.0001444458   0.0000663525  -0.0001032406
   5.0374180399   0.0001553317   0.0000679073  -0.0001062750
   5.0518519025   0.0001617611   0.0000704808  -0.0001036482
   5.0662857650   0.0001627780   0.0000735980  -0.0000957508
   5.0807196276   0.0001588237   0.0000765009  -0.0000841172
   5.0951534902   0.0001513583   0.0000783613  -0.0000709076
   5.1095873528   0.0001422069   0.0000785357  -0.0000583240
   5.1240212154   0.0001329408   0.0000767683  -0.0000481585
   5.1384550779   0.0001245522   0.0000732709  -0.0000415640
   5.1528889405   0.0001174953   0.0000686582  -0.0000390304
   5.1673228031   0.0001119738   0.0000637710  -0.0000404801
   5.1817566657   0.0001082370   0.0000594540  -0.0000453927
   5.1961905282   0.0001066904   0.0000563621  -0.0000529109
   5.2106243908   0.0001077628   0.0000548477  -0.0000619296
   5.2250582534   0.0001116294   0.0000549411  -0.0000711942
   5.2394921160   0.0001179692   0.0000564050  -0.0000794337
   5.2539259786   0.0001259022   0.0000588257  -0.0000855230
   5.2683598411   0.0001341494   0.0000617096  -0.0000886468
   5.2827937037   0.0001413438   0.0000645658  -0.0000884234
   5.2972275663   0.0001463623   0.0000669704  -0.0000849553
   5.3116614289   0.0001485578   0.0000686130  -0.0000787949
   5.3260952914   0.0001478356   0.0000693232  -0.0000708372
   5.3405291540   0.0001445841   0.0000690747  -0.0000621666
   5.3549630166   0.0001395214   0.0000679654  -0.0000538900
   5.3693968792   0.0001335223   0.0000661821  -0.0000469824
   5.3838307418   0.0001274721   0.0000639585  -0.0000421608
   5.3982646043   0.0001221580   0.0000615400  -0.0000397961
   5.4126984669   0.0001181885   0.0000591603  -0.0000398718
   5.4271323295   0.0001159252   0.0000570268  -0.0000419965
   5.4415661921   0.0001154318   0.0000553110  -0.0000454796
   5.4560000547   0.0001164605   0.0000541367  -0.0000494668
   5.4704339172   0.0001185020   0.0000535664  -0.0000531138
   5.4848677798   0.0001209101   0.0000535885  -0.0000557616
   5.4993016424   0.0001230726   0.0000541122  -0.0000570637
   5.5137355050   0.0001245721   0.0000549762  -0.0000570288
   5.5281693675   0.0001252732   0.0000559729  -0.0000559662
   5.5426032301   0.0001253022   0.0000568867  -0.0000543565
   5.5570370927   0.0001249361   0.0000575362  -0.0000526921
   5.5714709553   0.0001244589   0.0000578092  -0.0000513405
   5.5859048179   0.0001240552   0.0000576798  -0.0000504652
   5.6003386804   0.0001237797   0.0000572023  -0.0000500186
   5.6147725430   0.0001235977   0.0000564840  -0.0000497939
   5.6292064056   0.0001234502   0.0000556485  -0.0000495101
   5.6436402682   0.0001232970   0.0000548013  -0.0000489055
   5.6580741308   0.0001231176   0.0000540079  -0.0000478172
   5.6725079933   0.0001228856   0.0000532892  -0.0000462305
   5.6869418559   0.0001225520   0.0000526308  -0.0000442898
   5.7013757185   0.0001220610   0.0000520014  -0.0000422664
   5.7158095811   0.0001213928   0.0000513727  -0.0000404881
   5.7302434436   0.0001206011   0.0000507353  -0.0000392482
   5.7446773062   0.0001198150   0.0000501075  -0.0000387188
   5.7591111688   0.0001191935   0.0000495339  -0.0000388979
   5.7735450314   0.0001188583   0.0000490748  -0.0000396058
   5.7879788940   0.0001188386   0.0000487868  -0.0000405356
   5.8024127565   0.0001190603   0.0000487008  -0.0000413381
   5.8168466191   0.0001193809   0.0000488052  -0.0000417172
   5.8312804817   0.0001196475   0.0000490407  -0.0000415042
   5.8457143443   0.0001197464   0.0000493108  -0.0000406935
   5.8601482069   0.0001196244   0.0000495053  -0.0000394316
   5.8745820694   0.0001192814   0.0000495293  -0.0000379678
   5.8890159320   0.0001187496   0.0000493286  -0.0000365807
   5.9034497946   0.0001180774   0.0000489016  -0.0000355031
   5.9178836572   0.0001173249   0.0000482969  -0.0000348634
   5.9323175197   0.0001165662   0.0000475955  -0.0000346604
   5.9467513823   0.0001158883   0.0000468865  -0.0000347751
   5.9611852449   0.0001153778   0.0000462424  -0.0000350151
   5.9756191075   0.0001150986   0.0000457014  -0.0000351765
   5.9900529701   0.0001150692   0.0000452635  -0.0000351023
   6.0044868326   0.0001152510   0.0000448980  -0.0000347206
   6.0189206952   0.0001155540   0.0000445609  -0.0000340527
   6.0333545578   0.0001158576   0.0000442146  -0.0000331922
   6.0477884204   0.0001160410   0.0000438415  -0.0000322669
   6.0622222830   0.0001160124   0.0000434483  -0.0000313987
   6.0766561455   0.0001157323   0.0000430590  -0.0000306749
   6.0910900081   0.0001152249   0.0000427022  -0.0000301355
   6.1055238707   0.0001145768   0.0000423974  -0.0000297762
   6.1199577333   0.0001139206   0.0000421480  -0.0000295597
   6.1343915958   0.0001134017   0.0000419411  -0.0000294288
   6.1488254584   0.0001131345   0.0000417546  -0.0000293156
   6.1632593210   0.0001131577   0.0000415670  -0.0000291484
   6.1776931836   0.0001134064   0.0000413651  -0.0000288600
   6.1921270462   0.0001137180   0.0000411462  -0.0000284006
   6.2065609087   0.0001138804   0.0000409145  -0.0000277548
   6.2209947713   0.0001137090   0.0000406735  -0.0000269572
   6.2354286339   0.0001131276   0.0000404186  -0.0000260974
   6.2498624965   0.0001122143   0.0000401345  -0.0000253046
   6.2642963590   0.0001111876   0.0000397998  -0.0000247127
   6.2787302216   0.0001103290   0.0000393982  -0.0000244124
   6.2931640842   0.0001098709   0.0000389304  -0.0000244105
   6.3075979468   0.0001098965   0.0000384230  -0.0000246133
   6.3220318094   0.0001102992   0.0000379256  -0.0000248472
   6.3364656719   0.0001108223   0.0000374965  -0.0000249136
   6.3508995345   0.0001111651   0.0000371813  -0.0000246601
   6.3653333971   0.0001111102   0.0000369914  -0.0000240401
   6.3797672597   0.0001106145   0.0000368949  -0.0000231355
   6.3942011223   0.0001098240   0.0000368237  -0.0000221306
   6.4086349848   0.0001090053   0.0000366966  -0.0000212444
   6.4230688474   0.0001084271   0.0000364503  -0.0000206483
   6.4375027100   0.0001082442   0.0000360649  -0.0000204017
   6.4519365726   0.0001084346   0.0000355729  -0.0000204330
   6.4663704351   0.0001088165   0.0000350480  -0.0000205736
   6.4808042977   0.0001091315   0.0000345771  -0.0000206287
   6.4952381603   0.0001091578   0.0000342264  -0.0000204564
   6.5096720229   0.0001088001   0.0000340168  -0.0000200195
   6.5241058855   0.0001081222   0.0000339158  -0.0000193915
   6.5385397480   0.0001073098   0.0000338516  -0.0000187163
   6.5529736106   0.0001065859   0.0000337418  -0.0000181419
   6.5674074732   0.0001061177   0.0000335242  -0.0000177581
   6.5818413358   0.0001059552   0.0000331804  -0.0000175649
   6.5962751984   0.0001060256   0.0000327399  -0.0000174815
   6.6107090609   0.0001061798   0.0000322668  -0.0000173885
   6.6251429235   0.0001062659   0.0000318346  -0.0000171828
   6.6395767861   0.0001061930   0.0000314993  -0.0000168180
   6.6540106487   0.0001059589   0.0000312814  -0.0000163171
   6.6684445112   0.0001056319   0.0000311613  -0.0000157533
   6.6828783738   0.0001053031   0.0000310894  -0.0000152130
   6.6973122364   0.0001050354   0.0000310040  -0.0000147604
   6.7117460990   0.0001048360   0.0000308507  -0.0000144179
   6.7261799616   0.0001046622   0.0000305984  -0.0000141688
   6.7406138241   0.0001044533   0.0000302451  -0.0000139761
   6.7550476867   0.0001041691   0.0000298170  -0.0000138035
   6.7694815493   0.0001038118   0.0000293590  -0.0000136278
   6.7839154119   0.0001034245   0.0000289220  -0.0000134382
   6.7983492745   0.0001030676   0.0000285499  -0.0000132279
   6.8127831370   0.0001027894   0.0000282685  -0.0000129859
   6.8272169996   0.0001026064   0.0000280800  -0.0000126970
   6.8416508622   0.0001025009   0.0000279633  -0.0000123501
   6.8560847248   0.0001024340   0.0000278798  -0.0000119488
   6.8705185873   0.0001023647   0.0000277838  -0.0000115164
   6.8849524499   0.0001022635   0.0000276347  -0.0000110906
   6.8993863125   0.0001021166   0.0000274084  -0.0000107094
   6.9138201751   0.0001019226   0.0000271036  -0.0000103956
   6.9282540377   0.0001016856   0.0000267415  -0.0000101481
   6.9426879002   0.0001014115   0.0000263587  -0.0000099444
   6.9571217628   0.0001011090   0.0000259937  -0.0000097530
   6.9715556254   0.0001007920   0.0000256746  -0.0000095477
   6.9859894880   0.0001004801   0.0000254104  -0.0000093178
   7.0004233506   0.0001001946   0.0000251904  -0.0000090682
   7.0148572131   0.0000999510   0.0000249916  -0.0000088125
   7.0292910757   0.0000997528   0.0000247894  -0.0000085630
   7.0437249383   0.0000995894   0.0000245679  -0.0000083249
   7.0581588009   0.0000994409   0.0000243242  -0.0000080953
   7.0725926634   0.0000992867   0.0000240668  -0.0000078684
   7.0870265260   0.0000991141   0.0000238090  -0.0000076398
   7.1014603886   0.0000989216   0.0000235623  -0.0000074088
   7.1158942512   0.0000987161   0.0000233316  -0.0000071753
   7.1303281138   0.0000985063   0.0000231147  -0.0000069365
   7.1447619763   0.0000982961   0.0000229047  -0.0000066840
   7.1591958389   0.0000980824   0.0000226934  -0.0000064067
   7.1736297015   0.0000978585   0.0000224738  -0.0000060965
   7.1880635641   0.0000976198   0.0000222410  -0.0000057551
   7.2024974266   0.0000973685   0.0000219924  -0.0000053979
   7.2169312892   0.0000971138   0.0000217269  -0.0000050524
   7.2313651518   0.0000968674   0.0000214452  -0.0000047511
   7.2457990144   0.0000966376   0.0000211496  -0.0000045226
   7.2602328770   0.0000964259   0.0000208455  -0.0000043832
   7.2746667395   0.0000962282   0.0000205417  -0.0000043313
   7.2891006021   0.0000960409   0.0000202497  -0.0000043463
   7.3035344647   0.0000958667   0.0000199826  -0.0000043916
   7.3179683273   0.0000957161   0.0000197523  -0.0000044198
   7.3324021899   0.0000956020   0.0000195664  -0.0000043821
   7.3468360524   0.0000955291   0.0000194245  -0.0000042373
   7.3612699150   0.0000954834   0.0000193172  -0.0000039625
   7.3757037776   0.0000954280   0.0000192252  -0.0000035596
   7.3901376402   0.0000953113   0.0000191228  -0.0000030574
   7.4045715027   0.0000950836   0.0000189830  -0.0000025068
   7.4190053653   0.0000947192   0.0000187842  -0.0000019685
   7.4334392279   0.0000942322   0.0000185173  -0.0000014995
   7.4478730905   0.0000936791   0.0000181892  -0.0000011394
   7.4623069531   0.0000931448   0.0000178227  -0.0000009050
   7.4767408156   0.0000927166   0.0000174513  -0.0000007913
   7.4911746782   0.0000924548   0.0000171099  -0.0000007799
   7.5056085408   0.0000923727   0.0000168253  -0.0000008470
   7.5200424034   0.0000924327   0.0000166090  -0.0000009681
   7.5344762660   0.0000925615   0.0000164553  -0.0000011164
   7.5489101285   0.0000926769   0.0000163457  -0.0000012563
   7.5633439911   0.0000927162   0.0000162565  -0.0000013399
   7.5777778537   0.0000926544   0.0000161681  -0.0000013095
   7.5922117163   0.0000925055   0.0000160695  -0.0000011111
   7.6066455788   0.0000923063   0.0000159578  -0.0000007140
   7.6210794414   0.0000920924   0.0000158328  -0.0000001293
   7.6355133040   0.0000918765   0.0000156903   0.0000005829
   7.6499471666   0.0000916408   0.0000155185   0.0000013215
   7.6643810292   0.0000913467   0.0000153001   0.0000019692
   7.6788148917   0.0000909585   0.0000150202   0.0000024239
   7.6932487543   0.0000904699   0.0000146757   0.0000026274
   7.7076826169   0.0000899190   0.0000142826   0.0000025807
   7.7221164795   0.0000893842   0.0000138753   0.0000023410
   7.7365503421   0.0000889598   0.0000134992   0.0000020026
   7.7509842046   0.0000887215   0.0000131967   0.0000016701
   7.7654180672   0.0000886959   0.0000129948   0.0000014320
   7.7798519298   0.0000888479   0.0000128959   0.0000013443
   7.7942857924   0.0000890922   0.0000128772   0.0000014261
   7.8087196549   0.0000893225   0.0000128976   0.0000016646
   7.8231535175   0.0000894485   0.0000129096   0.0000020273
   7.8375873801   0.0000894223   0.0000128719   0.0000024719
   7.8520212427   0.0000892474   0.0000127589   0.0000029539
   7.8664551053   0.0000889667   0.0000125645   0.0000034294
   7.8808889678   0.0000886384   0.0000123004   0.0000038561
   7.8953228304   0.0000883099   0.0000119895   0.0000041949
   7.9097566930   0.0000880024   0.0000116582   0.0000044148
   7.9241905556   0.0000877100   0.0000113301   0.0000045001
   7.9386244181   0.0000874112   0.0000110228   0.0000044577
   7.9530582807   0.0000870868   0.0000107479   0.0000043200
   7.9674921433   0.0000867334   0.0000105119   0.0000041410
   7.9819260059   0.0000863684   0.0000103181   0.0000039858
