   0.0000000000   0.0000000000   0.0000000000   0.0000000000
   0.0144338626   0.0000000000   0.0000000000   0.0000000000
   0.0288677252   0.0000000000   0.0000000000   0.0000000000
   0.0433015877   0.0000000000   0.0000000000   0.0000000000
   0.0577354503   0.0000000000   0.0000000000   0.0000000000
   0.0721693129   0.0000000000   0.0000000000   0.0000000000
   0.0866031755   0.0000000000   0.0000000000  -0.0000000000
   0.1010370380   0.0000000000  -0.0000000000   0.0000000000
   0.1154709006  -0.0000000000  -0.0000000000   0.0000000000
   0.1299047632  -0.0000000000   0.0000000000   0.0000000000
   0.1443386258  -0.0000000000   0.0000000000   0.0000000000
   0.1587724884  -0.0000000000   0.0000000000   0.0000000000
   0.1732063509  -0.0000000000  -0.0000000000   0.0000000000
   0.1876402135  -0.0000000000  -0.0000000000   0.0000000000
   0.2020740761  -0.0000000000  -0.0000000000   0.0000000000
   0.2165079387   0.0000000000  -0.0000000000   0.0000000000
   0.2309418013   0.0000000000  -0.0000000000   0.0000000000
   0.2453756638   0.0000000000   0.0000000000  -0.0000000000
   0.2598095264   0.0000000000   0.0000000000  -0.0000000000
   0.2742433890  -0.0000000000   0.0000000000  -0.0000000000
   0.2886772516  -0.0000000000  -0.0000000000  -0.0000000000
   0.3031111141   0.0000000000  -0.0000000000   0.0000000000
   0.3175449767   0.0000000000   0.0000000000   0.0000000000
   0.3319788393   0.0000000000   0.0000000000   0.0000000000
   0.3464127019  -0.0000000000   0.0000000000   0.0000000000
   0.3608465645  -0.0000000000  -0.0000000000  -0.0000000000
   0.3752804270  -0.0000000000  -0.0000000000  -0.0000000000
   0.3897142896   0.0000000000  -0.0000000000  -0.0000000000
   0.4041481522   0.0000000000   0.0000000000   0.0000000000
   0.4185820148   0.0000000000   0.0000000000   0.0000000000
   0.4330158774  -0.0000000000   0.0000000000  -0.0000000000
   0.4474497399  -0.0000000000  -0.0000000000  -0.0000000000
   0.4618836025  -0.0000000000  -0.0000000000  -0.0000000000
   0.4763174651   0.0000000000  -0.0000000000   0.0000000000
   0.4907513277   0.0000000000   0.0000000000   0.0000000000
   0.5051851902   0.0000000000   0.0000000000   0.0000000000
   0.5196190528  -0.0000000000   0.0000000000  -0.0000000000
   0.5340529154  -0.0000000000  -0.0000000000  -0.0000000000
   0.5484867780  -0.0000000000  -0.0000000000  -0.0000000000
   0.5629206406   0.0000000000  -0.0000000000   0.0000000000
   0.5773545031   0.0000000000   0.0000000000   0.0000000000
   0.5917883657   0.0000000000   0.0000000000   0.0000000000
   0.6062222283  -0.0000000000   0.0000000000  -0.0000000000
   0.6206560909  -0.0000000000  -0.0000000000  -0.0000000000
   0.6350899535  -0.0000000000  -0.0000000000  -0.0000000000
   0.6495238160   0.0000000000  -0.0000000000   0.0000000000
   0.6639576786   0.0000000000   0.0000000000   0.0000000000
   0.6783915412   0.0000000000   0.0000000000   0.0000000000
   0.6928254038  -0.0000000000   0.0000000000  -0.0000000000
   0.7072592663  -0.0000000000  -0.0000000000  -0.0000000000
   0.7216931289  -0.0000000000  -0.0000000000  -0.0000000000
   0.7361269915   0.0000000000  -0.0000000000   0.0000000000
   0.7505608541   0.0000000000   0.0000000000   0.0000000000
   0.7649947167   0.0000000000   0.0000000000   0.0000000000
   0.7794285792  -0.0000000000   0.0000000000   0.0000000000
   0.7938624418  -0.0000000000  -0.0000000000  -0.0000000000
   0.8082963044  -0.0000000000  -0.0000000000  -0.0000000000
   0.8227301670   0.0000000000  -0.0000000000  -0.0000000000
   0.8371640296   0.0000000000   0.0000000000   0.0000000000
   0.8515978921   0.0000000000   0.0000000000   0.0000000000
   0.8660317547  -0.0000000000   0.0000000000   0.0000000000
   0.8804656173  -0.0000000000  -0.0000000000  -0.0000000000
   0.8948994799  -0.0000000000  -0.0000000000  -0.0000000000
   0.9093333424   0.0000000000   0.0000000000  -0.0000000000
   0.9237672050   0.0000000000   0.0000000000   0.0000000000
   0.9382010676   0.0000000000   0.0000000000   0.0000000000
   0.9526349302  -0.0000000000  -0.0000000000   0.0000000000
   0.9670687928  -0.0000000000  -0.0000000000  -0.0000000000
   0.9815026553  -0.0000000000  -0.0000000000  -0.0000000000
   0.9959365179   0.0000000000   0.0000000000  -0.0000000000
   1.0103703805   0.0000000000   0.0000000000   0.0000000000
   1.0248042431   0.0000000000   0.0000000000   0.0000000000
   1.0392381056  -0.0000000000  -0.0000000000   0.0000000000
   1.0536719682  -0.0000000000  -0.0000000000   0.0000000000
   1.0681058308  -0.0000000000  -0.0000000000  -0.0000000000
   1.0825396934   0.0000000000   0.0000000000  -0.0000000000
   1.0969735560   0.0000000000   0.0000000000  -0.0000000000
   1.1114074185   0.0000000000   0.0000000000   0.0000000000
   1.1258412811  -0.0000000000  -0.0000000000   0.0000000000
   1.1402751437  -0.0000000000  -0.0000000000   0.0000000000
   1.1547090063  -0.0000000000  -0.0000000000  -0.0000000000
   1.1691428689   0.0000000000  -0.0000000000  -0.0000000000
   1.1835767314   0.0000000000   0.0000000000  -0.0000000000
   1.1980105940   0.0000000000   0.0000000000   0.0000000000
   1.2124444566  -0.0000000000   0.0000000000   0.0000000000
   1.2268783192  -0.0000000000  -0.0000000000  -0.0000000000
   1.2413121817  -0.0000000000  -0.0000000000  -0.0000000000
   1.2557460443   0.0000000000  -0.0000000000   0.0000000000
   1.2701799069   0.0000000000   0.0000000000   0.0000000000
   1.2846137695  -0.0000000000   0.0000000000   0.0000000000
   1.2990476321  -0.0000000000   0.0000000000  -0.0000000000
   1.3134814946  -0.0000000000  -0.0000000000  -0.0000000000
   1.3279153572   0.0000000000  -0.0000000000  -0.0000000000
   1.3423492198   0.0000000000  -0.0000000000   0.0000000000
   1.3567830824   0.0000000000   0.0000000000   0.0000000000
   1.3712169450  -0.0000000000   0.0000000000   0.0000000000
   1.3856508075  -0.0000000000   0.0000000000   0.0000000000
   1.4000846701  -0.0000000000  -0.0000000000  -0.0000000000
   1.4145185327   0.0000000000  -0.0000000000  -0.0000000000
   1.4289523953   0.0000000000  -0.0000000000  -0.0000000000
   1.4433862578   0.0000000000   0.0000000000   0.0000000000
   1.4578201204  -0.0000000000   0.0000000000   0.0000000000
   1.4722539830  -0.0000000000   0.0000000000   0.0000000000
   1.4866878456  -0.0000000000  -0.0000000000  -0.0000000000
   1.5011217082   0.0000000000  -0.0000000000  -0.0000000000
   1.5155555707   0.0000000000  -0.0000000000  -0.0000000000
   1.5299894333   0.0000000000   0.0000000000  -0.0000000000
   1.5444232959  -0.0000000000   0.0000000000  -0.0000000000
   1.5588571585  -0.0000000000   0.0000000000  -0.0000000000
   1.5732910211  -0.0000000000  -0.0000000000   0.0000000000
   1.5877248836   0.0000000000  -0.0000000000   0.0000000000
   1.6021587462   0.0000000000  -0.0000000000   0.0000000000
   1.6165926088   0.0000000000   0.0000000000  -0.0000000000
   1.6310264714   0.0000000000   0.0000000000  -0.0000000000
   1.6454603339  -0.0000000000   0.0000000000  -0.0000000000
   1.6598941965  -0.0000000000   0.0000000000  -0.0000000000
   1.6743280591  -0.0000000000  -0.0000000000   0.0000000000
   1.6887619217   0.0000000000  -0.0000000000   0.0000000000
   1.7031957843   0.0000000000  -0.0000000000   0.0000000000
   1.7176296468   0.0000000000   0.0000000000  -0.0000000000
   1.7320635094  -0.0000000000   0.0000000000  -0.0000000000
   1.7464973720  -0.0000000000   0.0000000000  -0.0000000000
   1.7609312346  -0.0000000000   0.0000000000  -0.0000000000
   1.7753650971   0.0000000000  -0.0000000000   0.0000000000
   1.7897989597   0.0000000000  -0.0000000000   0.0000000000
   1.8042328223  -0.0000000000  -0.0000000000   0.0000000000
   1.8186666849  -0.0000000000  -0.0000000000  -0.0000000000
   1.8331005475  -0.0000000000   0.0000000000  -0.0000000000
   1.8475344100   0.0000000000   0.0000000000  -0.0000000000
   1.8619682726   0.0000000000   0.0000000000  -0.0000000000
   1.8764021352   0.0000000000  -0.0000000000  -0.0000000000
   1.8908359978  -0.0000000000  -0.0000000000   0.0000000000
   1.9052698604  -0.0000000000  -0.0000000000   0.0000000000
   1.9197037229  -0.0000000000  -0.0000000000   0.0000000000
   1.9341375855  -0.0000000000   0.0000000000  -0.0000000000
   1.9485714481   0.0000000000   0.0000000000  -0.0000000000
   1.9630053107   0.0000000000   0.0000000000  -0.0000000000
   1.9774391732   0.0000000000  -0.0000000000  -0.0000000000
   1.9918730358  -0.0000000000  -0.0000000000   0.0000000000
   2.0063068984  -0.0000000000  -0.0000000000   0.0000000000
   2.0207407610  -0.0000000000   0.0000000000   0.0000000000
   2.0351746236   0.0000000000   0.0000000000  -0.0000000000
   2.0496084861   0.0000000000  -0.0000000000  -0.0000000000
   2.0640423487   0.0000000000  -0.0000000000  -0.0000000000
   2.0784762113  -0.0000000000  -0.0000000000   0.0000000000
   2.0929100739  -0.0000000000   0.0000000000   0.0000000000
   2.1073439365  -0.0000000000   0.0000000000   0.0000000000
   2.1217777990   0.0000000000   0.0000000000  -0.0000000000
   2.1362116616   0.0000000000  -0.0000000000  -0.0000000000
   2.1506455242   0.0000000000  -0.0000000000   0.0000000000
   2.1650793868  -0.0000000000  -0.0000000000   0.0000000000
   2.1795132493  -0.0000000000   0.0000000000   0.0000000000
   2.1939471119   0.0000000000   0.0000000000  -0.0000000000
   2.2083809745   0.0000000000   0.0000000000  -0.0000000000
   2.2228148371   0.0000000000  -0.0000000000  -0.0000000000
   2.2372486997  -0.0000000000  -0.0000000000   0.0000000000
   2.2516825622  -0.0000000000  -0.0000000000   0.0000000000
   2.2661164248  -0.0000000000   0.0000000000   0.0000000000
   2.2805502874   0.0000000000   0.0000000000  -0.0000000000
   2.2949841500   0.0000000000   0.0000000000  -0.0000000000
   2.3094180126   0.0000000000  -0.0000000000  -0.0000000000
   2.3238518751  -0.0000000000  -0.0000000000   0.0000000000
   2.3382857377  -0.0000000001  -0.0000000000   0.0000000000
   2.3527196003  -0.0000000001   0.0000000000   0.0000000000
   2.3671534629   0.0000000000   0.0000000000  -0.0000000000
   2.3815873254   0.0000000001   0.0000000000  -0.0000000000
   2.3960211880   0.0000000001  -0.0000000000  -0.0000000000
   2.4104550506  -0.0000000001  -0.0000000000   0.0000000000
   2.4248889132  -0.0000000003  -0.0000000000   0.0000000001
   2.4393227758  -0.0000000002   0.0000000001   0.0000000000
   2.4537566383   0.0000000001   0.0000000001  -0.0000000000
   2.4681905009   0.0000000004   0.0000000000  -0.0000000001
   2.4826243635   0.0000000004  -0.0000000001  -0.0000000000
   2.4970582261  -0.0000000002  -0.0000000001   0.0000000001
   2.5114920887  -0.0000000007  -0.0000000000   0.0000000001
   2.5259259512  -0.0000000004   0.0000000001   0.0000000000
   2.5403598138   0.0000000005   0.0000000002  -0.0000000001
   2.5547936764   0.0000000013  -0.0000000000  -0.0000000002
   2.5692275390   0.0000000008  -0.0000000003  -0.0000000000
   2.5836614015  -0.0000000011  -0.0000000002   0.0000000003
   2.5980952641  -0.0000000027   0.0000000002   0.0000000004
   2.6125291267  -0.0000000020   0.0000000007   0.0000000001
   2.6269629893   0.0000000010   0.0000000006  -0.0000000004
   2.6413968519   0.0000000040  -0.0000000002  -0.0000000007
   2.6558307144   0.0000000038  -0.0000000013  -0.0000000004
   2.6702645770   0.0000000004  -0.0000000016   0.0000000003
   2.6846984396  -0.0000000030  -0.0000000008   0.0000000008
   2.6991323022  -0.0000000023   0.0000000007   0.0000000004
   2.7135661647   0.0000000018   0.0000000015  -0.0000000004
   2.7280000273   0.0000000034   0.0000000013  -0.0000000006
   2.7424338899  -0.0000000032   0.0000000009   0.0000000005
   2.7568677525  -0.0000000152   0.0000000018   0.0000000020
   2.7713016151  -0.0000000210   0.0000000038   0.0000000020
   2.7857354776  -0.0000000087   0.0000000040  -0.0000000005
   2.8001693402   0.0000000204  -0.0000000009  -0.0000000044
   2.8146032028   0.0000000494  -0.0000000105  -0.0000000066
   2.8290370654   0.0000000565  -0.0000000196  -0.0000000048
   2.8434709280   0.0000000333  -0.0000000203   0.0000000007
   2.8579047905  -0.0000000088  -0.0000000085   0.0000000066
   2.8723386531  -0.0000000512   0.0000000131   0.0000000099
   2.8867725157  -0.0000000856   0.0000000357   0.0000000102
   2.9012063783  -0.0000001169   0.0000000511   0.0000000093
   2.9156402408  -0.0000001426   0.0000000542   0.0000000076
   2.9300741034  -0.0000001304   0.0000000420   0.0000000016
   2.9445079660  -0.0000000268   0.0000000082  -0.0000000137
   2.9589418286   0.0000001952  -0.0000000538  -0.0000000375
   2.9733756912   0.0000004810  -0.0000001399  -0.0000000584
   2.9878095537   0.0000006858  -0.0000002209  -0.0000000580
   3.0022434163   0.0000006365  -0.0000002429  -0.0000000226
   3.0166772789   0.0000002327  -0.0000001506   0.0000000454
   3.0311111415  -0.0000004787   0.0000000759   0.0000001238
   3.0455450041  -0.0000013019   0.0000003923   0.0000001794
   3.0599788666  -0.0000019500   0.0000006903   0.0000001812
   3.0744127292  -0.0000021166   0.0000008294   0.0000001107
   3.0888465918  -0.0000015341   0.0000006837  -0.0000000341
   3.1032804544  -0.0000000481   0.0000001873  -0.0000002352
   3.1177143169   0.0000022541  -0.0000006280  -0.0000004462
   3.1321481795   0.0000048840  -0.0000016009  -0.0000005874
   3.1465820421   0.0000068857  -0.0000024258  -0.0000005563
   3.1610159047   0.0000070143  -0.0000026861  -0.0000002669
   3.1754497673   0.0000042092  -0.0000019707   0.0000002919
   3.1898836298  -0.0000017781  -0.0000000707   0.0000010080
   3.2043174924  -0.0000098953   0.0000028087   0.0000016420
   3.2187513550  -0.0000177308   0.0000059345   0.0000018860
   3.2331852176  -0.0000220195   0.0000081326   0.0000014727
   3.2476190802  -0.0000196273   0.0000081076   0.0000002971
   3.2620529427  -0.0000087639   0.0000049240  -0.0000014891
   3.2764868053   0.0000099096  -0.0000014977  -0.0000034492
   3.2909206679   0.0000326359  -0.0000100479  -0.0000049190
   3.3053545305   0.0000527392  -0.0000184120  -0.0000051617
   3.3197883930   0.0000619010  -0.0000234712  -0.0000036051
   3.3342222556   0.0000525552  -0.0000221244  -0.0000001166
   3.3486561182   0.0000209652  -0.0000124048   0.0000047767
   3.3630899808  -0.0000299648   0.0000053972   0.0000098338
   3.3775238434  -0.0000893858   0.0000280240   0.0000133039
   3.3919577059  -0.0001397569   0.0000493805   0.0000133987
   3.4063915685  -0.0001609787   0.0000617523   0.0000089345
   3.4208254311  -0.0001366621   0.0000580054  -0.0000000561
   3.4352592937  -0.0000607905   0.0000342380  -0.0000119818
   3.4496931563   0.0000574935  -0.0000079641  -0.0000238094
   3.4641270188   0.0001930387  -0.0000605726  -0.0000317047
   3.4785608814   0.0003088845  -0.0001101010  -0.0000320915
   3.4929947440   0.0003651505  -0.0001406123  -0.0000228611
   3.5074286066   0.0003306720  -0.0001381680  -0.0000043659
   3.5218624691   0.0001942122  -0.0000955467   0.0000201650
   3.5362963317  -0.0000283270  -0.0000157743   0.0000450246
   3.5507301943  -0.0002935943   0.0000868454   0.0000632570
   3.5651640569  -0.0005385394   0.0001889126   0.0000684627
   3.5795979195  -0.0006949808   0.0002631133   0.0000567082
   3.5940317820  -0.0007074095   0.0002852033   0.0000279705
   3.6084656446  -0.0005490004   0.0002408772  -0.0000133664
   3.6228995072  -0.0002308819   0.0001304368  -0.0000591926
   3.6373333698   0.0001985279  -0.0000303133  -0.0000994059
   3.6517672323   0.0006643483  -0.0002134256  -0.0001242398
   3.6662010949   0.0010832695  -0.0003855707  -0.0001265338
   3.6806349575   0.0013835398  -0.0005162253  -0.0001033115
   3.6950688201   0.0015211114  -0.0005848228  -0.0000562657
   3.7095026827   0.0014875443  -0.0005847577   0.0000089020
   3.7239365452   0.0013080800  -0.0005232295   0.0000839833
   3.7383704078   0.0010314594  -0.0004173451   0.0001600976
   3.7528042704   0.0007154141  -0.0002881345   0.0002293278
   3.7672381330   0.0004125215  -0.0001547030   0.0002857989
   3.7816719956   0.0001601849  -0.0000304369   0.0003260947
   3.7961058581  -0.0000235413   0.0000778314   0.0003491438
   3.8105397207  -0.0001387435   0.0001680697   0.0003558170
   3.8249735833  -0.0001989727   0.0002400651   0.0003484591
   3.8394074459  -0.0002253152   0.0002928880   0.0003304555
   3.8538413084  -0.0002407887   0.0003240200   0.0003058067
   3.8682751710  -0.0002656758   0.0003304058   0.0002786269
   3.8827090336  -0.0003137627   0.0003107002   0.0002525315
   3.8971428962  -0.0003894385   0.0002674073   0.0002299979
   3.9115767588  -0.0004860604   0.0002076916   0.0002118997
   3.9260106213  -0.0005864067   0.0001422851   0.0001974338
   3.9404444839  -0.0006659244   0.0000828014   0.0001845556
   3.9548783465  -0.0006986861   0.0000384755   0.0001708336
   3.9693122091  -0.0006647932   0.0000135825   0.0001544452
   3.9837460717  -0.0005570107   0.0000064877   0.0001349461
   3.9981799342  -0.0003842576   0.0000106184   0.0001135258
   4.0126137968  -0.0001704308   0.0000169354   0.0000926675
   4.0270476594   0.0000513727   0.0000169902   0.0000753668
   4.0414815220   0.0002474982   0.0000055560   0.0000642263
   4.0559153845   0.0003924449  -0.0000179377   0.0000607560
   4.0703492471   0.0004748429  -0.0000494783   0.0000650932
   4.0847831097   0.0004989047  -0.0000818885   0.0000761657
   4.0992169723   0.0004811623  -0.0001070755   0.0000921579
   4.1136508349   0.0004438540  -0.0001184325   0.0001110562
   4.1280846974   0.0004072965  -0.0001127354   0.0001310743
   4.1425185600   0.0003836928  -0.0000910462   0.0001508547
   4.1569524226   0.0003741585  -0.0000584040   0.0001694613
   4.1713862852   0.0003696095  -0.0000224016   0.0001862548
   4.1858201478   0.0003549394   0.0000089546   0.0002007605
   4.2002540103   0.0003149815   0.0000294928   0.0002125935
   4.2146878729   0.0002403159   0.0000365776   0.0002214442
   4.2291217355   0.0001311263   0.0000317541   0.0002270846
   4.2435555981  -0.0000020319   0.0000201418   0.0002293516
   4.2579894606  -0.0001407257   0.0000087633   0.0002281019
   4.2724233232  -0.0002635632   0.0000043274   0.0002231724
   4.2868571858  -0.0003519739   0.0000111430   0.0002144058
   4.3012910484  -0.0003950571   0.0000297913   0.0002017800
   4.3157249110  -0.0003920625   0.0000569390   0.0001856218
   4.3301587735  -0.0003518705   0.0000863276   0.0001668204
   4.3445926361  -0.0002898134   0.0001106277   0.0001469180
   4.3590264987  -0.0002229863   0.0001236053   0.0001279728
   4.3734603613  -0.0001655746   0.0001219638   0.0001121696
   4.3878942239  -0.0001255850   0.0001063290   0.0001012671
   4.4023280864  -0.0001037950   0.0000810922   0.0000960597
   4.4167619490  -0.0000949725   0.0000531579   0.0000960615
   4.4311958116  -0.0000907267   0.0000299626   0.0000995618
   4.4456296742  -0.0000829419   0.0000173507   0.0001040765
   4.4600635367  -0.0000666967   0.0000179365   0.0001070772
   4.4744973993  -0.0000418348   0.0000304386   0.0001067660
   4.4889312619  -0.0000128214   0.0000501702   0.0001026313
   4.5033651245   0.0000129556   0.0000705100   0.0000955810
   4.5177989871   0.0000278214   0.0000848793   0.0000875879
   4.5322328496   0.0000265045   0.0000886151   0.0000809570
   4.5466667122   0.0000080006   0.0000801902   0.0000774647
   4.5611005748  -0.0000239812   0.0000614645   0.0000776748
   4.5755344374  -0.0000620893   0.0000369578   0.0000806834
   4.5899682999  -0.0000975078   0.0000124180   0.0000843896
   4.6044021625  -0.0001224781  -0.0000068606   0.0000862048
   4.6188360251  -0.0001323341  -0.0000174802   0.0000839552
   4.6332698877  -0.0001264476  -0.0000187495   0.0000766634
   4.6477037503  -0.0001078882  -0.0000126662   0.0000649391
   4.6621376128  -0.0000820388  -0.0000031198   0.0000508452
   4.6765714754  -0.0000547178   0.0000054184   0.0000372845
   4.6910053380  -0.0000304629   0.0000093114   0.0000271146
   4.7054392006  -0.0000114989   0.0000068540   0.0000222844
   4.7198730632   0.0000023704  -0.0000012658   0.0000232686
   4.7343069257   0.0000130368  -0.0000122637   0.0000289731
   4.7487407883   0.0000228816  -0.0000221984   0.0000371258
   4.7631746509   0.0000335509  -0.0000272488   0.0000450090
   4.7776085135   0.0000451369  -0.0000249184   0.0000502863
   4.7920423760   0.0000560246  -0.0000147961   0.0000516585
   4.8064762386   0.0000634367   0.0000013449   0.0000491524
   4.8209101012   0.0000644772   0.0000201096   0.0000439855
   4.8353439638   0.0000572989   0.0000374904   0.0000380957
   4.8497778264   0.0000419697   0.0000499902   0.0000335268
   4.8642116889   0.0000207069   0.0000555176   0.0000318793
   4.8786455515  -0.0000026243   0.0000538109   0.0000339703
   4.8930794141  -0.0000235849   0.0000463140   0.0000397434
   4.9075132767  -0.0000384446   0.0000355906   0.0000483730
   4.9219471393  -0.0000452469   0.0000244906   0.0000584686
   4.9363810018  -0.0000443206   0.0000153352   0.0000682979
   4.9508148644  -0.0000380954   0.0000093574   0.0000760007
   4.9652487270  -0.0000303021   0.0000065374   0.0000798113
   4.9796825896  -0.0000248215   0.0000058420   0.0000783235
   4.9941164521  -0.0000245382   0.0000057524   0.0000708028
   5.0085503147  -0.0000305352   0.0000048877   0.0000574923
   5.0229841773  -0.0000418382   0.0000025179   0.0000398010
   5.0374180399  -0.0000557401  -0.0000011914   0.0000202488
   5.0518519025  -0.0000685656  -0.0000052639   0.0000020846
   5.0662857650  -0.0000766321  -0.0000082818  -0.0000113956
   5.0807196276  -0.0000771452  -0.0000089012  -0.0000176845
   5.0951534902  -0.0000688179  -0.0000063308  -0.0000158035
   5.1095873528  -0.0000520925  -0.0000006159  -0.0000066835
   5.1240212154  -0.0000289498   0.0000073577   0.0000070063
   5.1384550779  -0.0000023877   0.0000161212   0.0000216048
   5.1528889405   0.0000242728   0.0000240379   0.0000336062
   5.1673228031   0.0000480713   0.0000297302   0.0000408596
   5.1817566657   0.0000669197   0.0000323860   0.0000434024
   5.1961905282   0.0000798448   0.0000318658   0.0000435797
   5.2106243908   0.0000869375   0.0000286032   0.0000453164
   5.2250582534   0.0000890529   0.0000233653   0.0000526872
   5.2394921160   0.0000873575   0.0000169759   0.0000681945
   5.2539259786   0.0000828567   0.0000101113   0.0000913063
   5.2683598411   0.0000760431   0.0000032350   0.0001177819
   5.2827937037   0.0000667737  -0.0000033278   0.0001401226
   5.2972275663   0.0000544111  -0.0000092357   0.0001491752
   5.3116614289   0.0000381763  -0.0000139921   0.0001365665
   5.3260952914   0.0000175946  -0.0000169068   0.0000973656
   5.3405291540  -0.0000070979  -0.0000172004   0.0000322306
   5.3549630166  -0.0000346992  -0.0000142328  -0.0000516278
   5.3693968792  -0.0000630028  -0.0000077836  -0.0001410617
   5.3838307418  -0.0000889968   0.0000017200  -0.0002191657
   5.3982646043  -0.0001092774   0.0000131265  -0.0002685813
   5.4126984669  -0.0001206046   0.0000246918  -0.0002751685
   5.4271323295  -0.0001204947   0.0000344129  -0.0002311719
   5.4415661921  -0.0001077243   0.0000404851  -0.0001371201
   5.4560000547  -0.0000826459   0.0000417597  -0.0000020195
   5.4704339172  -0.0000472578   0.0000380695   0.0001581605
   5.4848677798  -0.0000050210   0.0000303253   0.0003232772
   5.4993016424   0.0000395472   0.0000203450   0.0004723321
   5.5137355050   0.0000814427   0.0000104495   0.0005864820
   5.5281693675   0.0001158238   0.0000029217   0.0006510705
   5.5426032301   0.0001386365  -0.0000005353   0.0006563738
   5.5570370927   0.0001471147   0.0000007971   0.0005972151
   5.5714709553   0.0001400790   0.0000064907   0.0004719991
   5.5859048179   0.0001180092   0.0000150907   0.0002819312
   5.6003386804   0.0000829134   0.0000244836   0.0000311137
   5.6147725430   0.0000380558   0.0000324138  -0.0002721273
   5.6292064056  -0.0000123832   0.0000370199  -0.0006128707
   5.6436402682  -0.0000636463   0.0000372583  -0.0009669370
   5.6580741308  -0.0001106990   0.0000331197  -0.0012990913
   5.6725079933  -0.0001484885   0.0000255912  -0.0015633596
   5.6869418559  -0.0001722077   0.0000163835  -0.0017064045
   5.7013757185  -0.0001776251   0.0000074979  -0.0016742492
   5.7158095811  -0.0001615258   0.0000007445  -0.0014217785
   5.7302434436  -0.0001222554  -0.0000026685  -0.0009235727
   5.7446773062  -0.0000602991  -0.0000023784  -0.0001839943
   5.7591111688   0.0000212193   0.0000011041   0.0007557926
   5.7735450314   0.0001162477   0.0000065815   0.0018159053
   5.7879788940   0.0002158540   0.0000125197   0.0028821891
   5.8024127565   0.0003087153   0.0000174745   0.0038171647
   5.8168466191   0.0003820973   0.0000204887   0.0044763769
   5.8312804817   0.0004232913   0.0000213576   0.0047279669
   5.8457143443   0.0004213611   0.0000206896   0.0044725966
   5.8601482069   0.0003689543   0.0000197404   0.0036606758
   5.8745820694   0.0002638779   0.0000200617   0.0023042056
   5.8890159320   0.0001101567   0.0000230548   0.0004813685
   5.9034497946  -0.0000816375   0.0000295454  -0.0016669123
   5.9178836572  -0.0002948915   0.0000394942  -0.0039480684
   5.9323175197  -0.0005082872   0.0000519208  -0.0061352783
   5.9467513823  -0.0006978547   0.0000650699  -0.0079891324
   5.9611852449  -0.0008395269   0.0000767852  -0.0092812715
   5.9756191075  -0.0009119054   0.0000850018  -0.0098177580
   5.9900529701  -0.0008989082   0.0000882320  -0.0094602138
   6.0044868326  -0.0007919861   0.0000859151  -0.0081431073
   6.0189206952  -0.0005916455   0.0000785371  -0.0058858742
   6.0333545578  -0.0003080925   0.0000674855  -0.0027987694
   6.0477884204   0.0000391032   0.0000546765   0.0009185123
   6.0622222830   0.0004223315   0.0000420557   0.0049862316
   6.0766561455   0.0008081691   0.0000311105   0.0090624602
   6.0910900081   0.0011603275   0.0000225359   0.0127692033
   6.1055238707   0.0014430660   0.0000161544   0.0157256225
   6.1199577333   0.0016247500   0.0000111267   0.0175859585
   6.1343915958   0.0016812033   0.0000064015   0.0180784728
   6.1488254584   0.0015984917   0.0000012859   0.0170407116
   6.1632593210   0.0013748006  -0.0000040309   0.0144459527
   6.1776931836   0.0010211370  -0.0000081668   0.0104161040
   6.1921270462   0.0005607034  -0.0000085724   0.0052176610
   6.2065609087   0.0000269424  -0.0000019430  -0.0007604769
   6.2209947713  -0.0005395882   0.0000150332  -0.0070458001
   6.2354286339  -0.0010952038   0.0000447362  -0.0131332629
   6.2498624965  -0.0015975171   0.0000876985  -0.0185419827
   6.2642963590  -0.0020097868   0.0001419512  -0.0228695752
   6.2787302216  -0.0023046540   0.0002028295  -0.0258361169
   6.2931640842  -0.0024667671   0.0002633419  -0.0273111361
   6.3075979468  -0.0024939350   0.0003150894  -0.0273196594
   6.3220318094  -0.0023966417   0.0003495910  -0.0260267660
   6.3364656719  -0.0021960021   0.0003597848  -0.0237036732
   6.3508995345  -0.0019204624   0.0003414171  -0.0206814399
   6.3653333971  -0.0016017371   0.0002940440  -0.0173003137
   6.3797672597  -0.0012705808   0.0002214290  -0.0138631940
   6.3942011223  -0.0009530202   0.0001312288  -0.0106005621
   6.4086349848  -0.0006675909   0.0000340007  -0.0076517803
   6.4230688474  -0.0004239468  -0.0000583083  -0.0050643957
   6.4375027100  -0.0002229709  -0.0001341267  -0.0028096598
   6.4519365726  -0.0000582465  -0.0001839743  -0.0008095750
   6.4663704351   0.0000814679  -0.0002018425   0.0010310390
   6.4808042977   0.0002092704  -0.0001860249   0.0027943712
   6.4952381603   0.0003372019  -0.0001392882   0.0045272355
   6.5096720229   0.0004738880  -0.0000683942   0.0062302223
   6.5241058855   0.0006230944   0.0000169084   0.0078593726
   6.5385397480   0.0007833586   0.0001052199   0.0093386273
   6.5529736106   0.0009486365   0.0001849154   0.0105791682
   6.5674074732   0.0011097151   0.0002454332   0.0115006459
   6.5818413358   0.0012560186   0.0002782545   0.0120493466
   6.5962751984   0.0013774118   0.0002774908   0.0122094797
   6.6107090609   0.0014656605   0.0002400806   0.0120056517
   6.6251429235   0.0015153308   0.0001656800   0.0114967494
   6.6395767861   0.0015240528   0.0000563710   0.0107633780
   6.6540106487   0.0014922232  -0.0000836825   0.0098922686
   6.6684445112   0.0014223312  -0.0002485322   0.0089614369
   6.6828783738   0.0013181547  -0.0004306653   0.0080293430
   6.6973122364   0.0011840610  -0.0006211747   0.0071300508
   6.7117460990   0.0010245775  -0.0008099645   0.0062747822
   6.7261799616   0.0008442889  -0.0009860913   0.0054586906
   6.7406138241   0.0006480111  -0.0011383204   0.0046705130
   6.7550476867   0.0004411110  -0.0012559189   0.0039022540
   6.7694815493   0.0002298001  -0.0013296315   0.0031562838
   6.7839154119   0.0000212377  -0.0013527070   0.0024480997
   6.7983492745  -0.0001766744  -0.0013217947   0.0018042527
   6.8127831370  -0.0003558336  -0.0012375226   0.0012562422
   6.8272169996  -0.0005087414  -0.0011046099   0.0008322045
   6.8416508622  -0.0006294115  -0.0009314553   0.0005487284
   6.8560847248  -0.0007141769  -0.0007292382   0.0004050249
   6.8705185873  -0.0007622108  -0.0005106702   0.0003810134
   6.8849524499  -0.0007756400  -0.0002885938   0.0004398589
   6.8993863125  -0.0007592196  -0.0000746522   0.0005343697
   6.9138201751  -0.0007196283   0.0001217672   0.0006157313
   6.9282540377  -0.0006645160   0.0002941703   0.0006425299
   6.9426879002  -0.0006014773   0.0004391096   0.0005880196
   6.9571217628  -0.0005371368   0.0005558842   0.0004440809
   6.9715556254  -0.0004764971   0.0006458988   0.0002211574
   6.9859894880  -0.0004226397   0.0007118511  -0.0000555774
   7.0004233506  -0.0003767807   0.0007569334  -0.0003527243
   7.0148572131  -0.0003386139   0.0007842101  -0.0006361915
   7.0292910757  -0.0003068189   0.0007962746  -0.0008779981
   7.0437249383  -0.0002795987   0.0007952088  -0.0010608955
   7.0581588009  -0.0002551287   0.0007827913  -0.0011799841
   7.0725926634  -0.0002318355   0.0007608334  -0.0012412874
   7.0870265260  -0.0002084837   0.0007314962  -0.0012579712
   7.1014603886  -0.0001841023   0.0006974509  -0.0012454080
   7.1158942512  -0.0001578255   0.0006618004  -0.0012164587
   7.1303281138  -0.0001287422   0.0006277510  -0.0011781700
   7.1447619763  -0.0000958338   0.0005981021  -0.0011306230
   7.1591958389  -0.0000580441   0.0005746784  -0.0010680463
   7.1736297015  -0.0000144833   0.0005578539  -0.0009817039
   7.1880635641   0.0000352795   0.0005463061  -0.0008636197
   7.2024974266   0.0000909112   0.0005370942  -0.0007100376
   7.2169312892   0.0001510901   0.0005260849  -0.0005236480
   7.2313651518   0.0002134537   0.0005086680  -0.0003139935
   7.2457990144   0.0002747710   0.0004806309  -0.0000959812
   7.2602328770   0.0003313381   0.0004390149   0.0001130635
   7.2746667395   0.0003795285   0.0003827666   0.0002969959
   7.2891006021   0.0004163789   0.0003130386   0.0004441502
   7.3035344647   0.0004400770   0.0002330614   0.0005494904
   7.3179683273   0.0004502400   0.0001476045   0.0006150975
   7.3324021899   0.0004479203   0.0000621318   0.0006489283
   7.3468360524   0.0004353409  -0.0000181713   0.0006622384
   7.3612699150   0.0004154217  -0.0000892933   0.0006663886
   7.3757037776   0.0003912015  -0.0001490218   0.0006698852
   7.3901376402   0.0003652811  -0.0001971693   0.0006763960
   7.4045715027   0.0003394005  -0.0002353621   0.0006842060
   7.4190053653   0.0003142283  -0.0002664548   0.0006871794
   7.4334392279   0.0002893951  -0.0002937130   0.0006769088
   7.4478730905   0.0002637517  -0.0003199554   0.0006454336
   7.4623069531   0.0002357964  -0.0003468427   0.0005877771
   7.4767408156   0.0002041809  -0.0003744620   0.0005036255
   7.4911746782   0.0001681840  -0.0004012838   0.0003977140
   7.5056085408   0.0001280412  -0.0004244872   0.0002788456
   7.5200424034   0.0000850393  -0.0004405752   0.0001578324
   7.5344762660   0.0000413447  -0.0004461450   0.0000449296
   7.5489101285  -0.0000003960  -0.0004386575  -0.0000525471
   7.5633439911  -0.0000375764  -0.0004170484  -0.0001317881
   7.5777778537  -0.0000681359  -0.0003820628  -0.0001948301
   7.5922117163  -0.0000909264  -0.0003362415  -0.0002475851
   7.6066455788  -0.0001058612  -0.0002835611  -0.0002978143
   7.6210794414  -0.0001138320  -0.0002287998  -0.0003525881
   7.6355133040  -0.0001164339  -0.0001767565  -0.0004159065
   7.6499471666  -0.0001155789  -0.0001314871  -0.0004871161
   7.6643810292  -0.0001130924  -0.0000957116  -0.0005605549
   7.6788148917  -0.0001103804  -0.0000705030  -0.0006265376
   7.6932487543  -0.0001082274  -0.0000553038  -0.0006734505
   7.7076826169  -0.0001067508  -0.0000482366  -0.0006904441
   7.7221164795  -0.0001055015  -0.0000466188  -0.0006700613
   7.7365503421  -0.0001036748  -0.0000475520  -0.0006101534
   7.7509842046  -0.0001003775  -0.0000484609  -0.0005146129
   7.7654180672  -0.0000948944  -0.0000474816  -0.0003927455
   7.7798519298  -0.0000868949  -0.0000436490  -0.0002574350
   7.7942857924  -0.0000765377  -0.0000368824  -0.0001225494
   7.8087196549  -0.0000644501  -0.0000278094  -0.0000002096
   7.8231535175  -0.0000515935  -0.0000174896   0.0001014360
   7.8375873801  -0.0000390501  -0.0000071069   0.0001794270
   7.8520212427  -0.0000277864   0.0000023076   0.0002359455
   7.8664551053  -0.0000184483   0.0000100727   0.0002770674
   7.8808889678  -0.0000112312   0.0000159435   0.0003106579
   7.8953228304  -0.0000058522   0.0000200802   0.0003439533
   7.9097566930  -0.0000016300   0.0000229152   0.0003814345
   7.9241905556   0.0000023410   0.0000249608   0.0004235120
   7.9386244181   0.0000069572   0.0000266098   0.0004663278
   7.9530582807   0.0000128642   0.0000279861   0.0005026997
   7.9674921433   0.0000202660   0.0000288841   0.0005239521
   7.9819260059   0.0000288319   0.0000288116   0.0005221646
