   0.0000000000   0.0000000000   0.0000000000   0.0000000000
   0.0144338626   0.0000000000   0.0000000000   0.0000000000
   0.0288677252   0.0000000000   0.0000000000  -0.0000000000
   0.0433015877   0.0000000000   0.0000000000  -0.0000000000
   0.0577354503   0.0000000000   0.0000000000  -0.0000000000
   0.0721693129   0.0000000000  -0.0000000000  -0.0000000000
   0.0866031755   0.0000000000  -0.0000000000  -0.0000000000
   0.1010370380   0.0000000000  -0.0000000000   0.0000000000
   0.1154709006   0.0000000000  -0.0000000000   0.0000000000
   0.1299047632   0.0000000000  -0.0000000000   0.0000000000
   0.1443386258   0.0000000000   0.0000000000   0.0000000000
   0.1587724884  -0.0000000000   0.0000000000   0.0000000000
   0.1732063509  -0.0000000000   0.0000000000  -0.0000000000
   0.1876402135  -0.0000000000  -0.0000000000  -0.0000000000
   0.2020740761   0.0000000000  -0.0000000000  -0.0000000000
   0.2165079387   0.0000000000  -0.0000000001   0.0000000000
   0.2309418013  -0.0000000000  -0.0000000001   0.0000000001
   0.2453756638  -0.0000000001   0.0000000002   0.0000000003
   0.2598095264  -0.0000000003   0.0000000007   0.0000000001
   0.2742433890  -0.0000000004   0.0000000009  -0.0000000006
   0.2886772516   0.0000000000  -0.0000000000  -0.0000000017
   0.3031111141   0.0000000014  -0.0000000026  -0.0000000020
   0.3175449767   0.0000000033  -0.0000000054   0.0000000004
   0.3319788393   0.0000000041  -0.0000000051   0.0000000064
   0.3464127019   0.0000000011   0.0000000018   0.0000000125
   0.3608465645  -0.0000000069   0.0000000143   0.0000000099
   0.3752804270  -0.0000000166   0.0000000249  -0.0000000111
   0.3897142896  -0.0000000205   0.0000000227  -0.0000000489
   0.4041481522  -0.0000000104   0.0000000024  -0.0000000765
   0.4185820148   0.0000000153  -0.0000000295  -0.0000000433
   0.4330158774   0.0000000470  -0.0000000595   0.0000000919
   0.4474497399   0.0000000685  -0.0000000820   0.0000002964
   0.4618836025   0.0000000660  -0.0000001046   0.0000004104
   0.4763174651   0.0000000345  -0.0000001254   0.0000001837
   0.4907513277  -0.0000000280  -0.0000000897  -0.0000005385
   0.5051851902  -0.0000001310   0.0000001210  -0.0000015383
   0.5196190528  -0.0000002826   0.0000006057  -0.0000020703
   0.5340529154  -0.0000004459   0.0000012633  -0.0000011066
   0.5484867780  -0.0000004836   0.0000016309   0.0000019214
   0.5629206406  -0.0000001638   0.0000009434   0.0000061980
   0.5773545031   0.0000007028  -0.0000014452   0.0000091094
   0.5917883657   0.0000020100  -0.0000053693   0.0000070316
   0.6062222283   0.0000031398  -0.0000092656  -0.0000025490
   0.6206560909   0.0000030145  -0.0000102079  -0.0000183717
   0.6350899535   0.0000005648  -0.0000048997  -0.0000337366
   0.6495238160  -0.0000044829   0.0000085021  -0.0000374698
   0.6639576786  -0.0000108862   0.0000284226  -0.0000183055
   0.6783915412  -0.0000157524   0.0000488244   0.0000281793
   0.6928254038  -0.0000153565   0.0000600830   0.0000929181
   0.7072592663  -0.0000068487   0.0000521642   0.0001512053
   0.7216931289   0.0000097622   0.0000194084   0.0001687605
   0.7361269915   0.0000303523  -0.0000349339   0.0001164973
   0.7505608541   0.0000471371  -0.0000968861  -0.0000108789
   0.7649947167   0.0000512286  -0.0001445671  -0.0001820764
   0.7794285792   0.0000366483  -0.0001557103  -0.0003322391
   0.7938624418   0.0000041185  -0.0001174232  -0.0003856312
   0.8082963044  -0.0000374403  -0.0000339074  -0.0002911013
   0.8227301670  -0.0000730823   0.0000720038  -0.0000540895
   0.8371640296  -0.0000873974   0.0001652062   0.0002526041
   0.8515978921  -0.0000713423   0.0002106502   0.0005085403
   0.8660317547  -0.0000272573   0.0001867139   0.0005904426
   0.8804656173   0.0000304623   0.0000940120   0.0004238169
   0.8948994799   0.0000796893  -0.0000440353   0.0000189203
   0.9093333424   0.0000982760  -0.0001890102  -0.0005250911
   0.9237672050   0.0000720518  -0.0003004049  -0.0010507250
   0.9382010676  -0.0000000592  -0.0003485400  -0.0013961859
   0.9526349302  -0.0001056476  -0.0003227938  -0.0014522715
   0.9670687928  -0.0002229922  -0.0002326681  -0.0012002070
   0.9815026553  -0.0003278256  -0.0001022186  -0.0007157312
   0.9959365179  -0.0003998859   0.0000391025  -0.0001381589
   1.0103703805  -0.0004269076   0.0001651316   0.0003823940
   1.0248042431  -0.0004052001   0.0002580298   0.0007373621
   1.0392381056  -0.0003377426   0.0003087764   0.0008903719
   1.0536719682  -0.0002318525   0.0003146833   0.0008757266
   1.0681058308  -0.0000983461   0.0002767591   0.0007694209
   1.0825396934   0.0000472230   0.0001991662   0.0006488994
   1.0969735560   0.0001824359   0.0000910456   0.0005602620
   1.1114074185   0.0002773616  -0.0000310485   0.0005051366
   1.1258412811   0.0002976385  -0.0001427264   0.0004487584
   1.1402751437   0.0002120883  -0.0002151810   0.0003418738
   1.1547090063   0.0000035344  -0.0002223086   0.0001454775
   1.1691428689  -0.0003203789  -0.0001493384  -0.0001508959
   1.1835767314  -0.0007203963   0.0000003137  -0.0005220593
   1.1980105940  -0.0011263233   0.0002028310  -0.0009113978
   1.2124444566  -0.0014467182   0.0004176324  -0.0012436654
   1.2268783192  -0.0015865946   0.0005959992  -0.0014424806
   1.2413121817  -0.0014696557   0.0006922604  -0.0014486121
   1.2557460443  -0.0010599315   0.0006745322  -0.0012353894
   1.2701799069  -0.0003772830   0.0005323960  -0.0008178797
   1.2846137695   0.0004978368   0.0002799024  -0.0002531952
   1.2990476321   0.0014328951  -0.0000465589   0.0003690657
   1.3134814946   0.0022647354  -0.0003949452   0.0009447320
   1.3279153572   0.0028305215  -0.0007073983   0.0013772123
   1.3423492198   0.0030020093  -0.0009312268   0.0015982333
   1.3567830824   0.0027154788  -0.0010287581   0.0015818147
   1.3712169450   0.0019899587  -0.0009840408   0.0013481633
   1.3856508075   0.0009286634  -0.0008051860   0.0009570552
   1.4000846701  -0.0002976412  -0.0005222036   0.0004929629
   1.4145185327  -0.0014823186  -0.0001811014   0.0000459619
   1.4289523953  -0.0024229210   0.0001644615  -0.0003069293
   1.4433862578  -0.0029609229   0.0004624567  -0.0005158452
   1.4578201204  -0.0030124614   0.0006711393  -0.0005649170
   1.4722539830  -0.0025834762   0.0007655930  -0.0004711534
   1.4866878456  -0.0017662168   0.0007410339  -0.0002766135
   1.5011217082  -0.0007183220   0.0006123541  -0.0000365247
   1.5155555707   0.0003704583   0.0004101605   0.0001934787
   1.5299894333   0.0013162609   0.0001742667   0.0003681554
   1.5444232959   0.0019755139  -0.0000539481   0.0004595986
   1.5588571585   0.0022687237  -0.0002387887   0.0004595965
   1.5732910211   0.0021894624  -0.0003557869   0.0003777923
   1.5877248836   0.0017979914  -0.0003946581   0.0002368049
   1.6021587462   0.0012024059  -0.0003593595   0.0000658408
   1.6165926088   0.0005326269  -0.0002655516  -0.0001057136
   1.6310264714  -0.0000865370  -0.0001363005  -0.0002535451
   1.6454603339  -0.0005577068   0.0000028435  -0.0003617602
   1.6598941965  -0.0008249017   0.0001283341  -0.0004240059
   1.6743280591  -0.0008777252   0.0002219819  -0.0004424587
   1.6887619217  -0.0007464608   0.0002728918  -0.0004251994
   1.7031957843  -0.0004903627   0.0002780094  -0.0003828487
   1.7176296468  -0.0001823281   0.0002414645  -0.0003254733
   1.7320635094   0.0001066570   0.0001730090  -0.0002605743
   1.7464973720   0.0003203623   0.0000859106  -0.0001924954
   1.7609312346   0.0004254816  -0.0000053456  -0.0001230700
   1.7753650971   0.0004143652  -0.0000872706  -0.0000529882
   1.7897989597   0.0003026567  -0.0001492796   0.0000167288
   1.8042328223   0.0001229769  -0.0001850710   0.0000836785
   1.8186666849  -0.0000837145  -0.0001932437   0.0001438083
   1.8331005475  -0.0002771910  -0.0001770148   0.0001920149
   1.8475344100  -0.0004255840  -0.0001431097   0.0002233704
   1.8619682726  -0.0005100821  -0.0001001180   0.0002344570
   1.8764021352  -0.0005260589  -0.0000567141   0.0002242641
   1.8908359978  -0.0004810210  -0.0000200979   0.0001943777
   1.9052698604  -0.0003905716   0.0000050968   0.0001485833
   1.9197037229  -0.0002738197   0.0000172825   0.0000922316
   1.9341375855  -0.0001493514   0.0000177261   0.0000316209
   1.9485714481  -0.0000323381   0.0000097467  -0.0000266079
   1.9630053107   0.0000670600  -0.0000024572  -0.0000762066
   1.9774391732   0.0001440370  -0.0000149690  -0.0001122087
   1.9918730358   0.0001983817  -0.0000249296  -0.0001317538
   2.0063068984   0.0002329334  -0.0000307605  -0.0001345342
   2.0207407610   0.0002517525  -0.0000319353  -0.0001226963
   2.0351746236   0.0002585523  -0.0000285629  -0.0001002595
   2.0496084861   0.0002557621  -0.0000210179  -0.0000722500
   2.0640423487   0.0002443076  -0.0000097364  -0.0000437226
   2.0784762113   0.0002239689   0.0000048060  -0.0000188129
   2.0929100739   0.0001941069   0.0000219629  -0.0000000112
   2.1073439365   0.0001545453   0.0000407045   0.0000121005
   2.1217777990   0.0001063698   0.0000594557   0.0000185161
   2.1362116616   0.0000523615   0.0000761412   0.0000210192
   2.1506455242  -0.0000031662   0.0000885026   0.0000213363
   2.1650793868  -0.0000551469   0.0000946028   0.0000206113
   2.1795132493  -0.0000988964   0.0000933214   0.0000193157
   2.1939471119  -0.0001311663   0.0000846596   0.0000174265
   2.2083809745  -0.0001507315   0.0000697755   0.0000146333
   2.2228148371  -0.0001583543   0.0000507690   0.0000104975
   2.2372486997  -0.0001562223   0.0000302826   0.0000046461
   2.2516825622  -0.0001471143   0.0000110000  -0.0000029385
   2.2661164248  -0.0001335807  -0.0000048642  -0.0000116452
   2.2805502874  -0.0001173682  -0.0000159706  -0.0000201990
   2.2949841500  -0.0000992227  -0.0000220540  -0.0000269807
   2.3094180126  -0.0000790796  -0.0000238661  -0.0000305800
   2.3238518751  -0.0000565288  -0.0000228859  -0.0000302940
   2.3382857377  -0.0000313639  -0.0000208842  -0.0000263301
   2.3527196003  -0.0000040186  -0.0000194593  -0.0000196617
   2.3671534629   0.0000242446  -0.0000196568  -0.0000116573
   2.3815873254   0.0000514436  -0.0000217646  -0.0000036506
   2.3960211880   0.0000752557  -0.0000253352   0.0000034166
   2.4104550506   0.0000935627  -0.0000294220   0.0000091841
   2.4248889132   0.0001049932  -0.0000329434   0.0000138367
   2.4393227758   0.0001092623  -0.0000350330   0.0000178452
   2.4537566383   0.0001071678  -0.0000352488   0.0000216039
   2.4681905009   0.0001002450  -0.0000335840   0.0000251623
   2.4826243635   0.0000902445  -0.0000303233   0.0000281972
   2.4970582261   0.0000786641  -0.0000258493   0.0000302094
   2.5114920887   0.0000665030  -0.0000204968   0.0000307793
   2.5259259512   0.0000542665  -0.0000145081   0.0000297073
   2.5403598138   0.0000421279  -0.0000080751   0.0000269904
   2.5547936764   0.0000301274  -0.0000014209   0.0000227268
   2.5692275390   0.0000183279   0.0000051424   0.0000170680
   2.5836614015   0.0000069043   0.0000112214   0.0000102548
   2.5980952641  -0.0000038300   0.0000164213   0.0000026819
   2.6125291267  -0.0000134493   0.0000204615  -0.0000050864
   2.6269629893  -0.0000214783   0.0000232710  -0.0000123726
   2.6413968519  -0.0000274717   0.0000250137  -0.0000184918
   2.6558307144  -0.0000310962   0.0000260272  -0.0000228792
   2.6702645770  -0.0000322134   0.0000266930  -0.0000252310
   2.6846984396  -0.0000309655   0.0000272866  -0.0000256313
   2.6991323022  -0.0000278422   0.0000278641  -0.0000246013
   2.7135661647  -0.0000236682   0.0000282347  -0.0000229908
   2.7280000273  -0.0000194530   0.0000280335  -0.0000217035
   2.7424338899  -0.0000161022   0.0000268664  -0.0000213564
   2.7568677525  -0.0000140834   0.0000244718  -0.0000220308
   2.7713016151  -0.0000131904   0.0000208426  -0.0000232317
   2.7857354776  -0.0000125276   0.0000162739  -0.0000240493
   2.8001693402  -0.0000107482   0.0000113262  -0.0000234341
   2.8146032028  -0.0000064857   0.0000067084  -0.0000204887
   2.8290370654   0.0000011410   0.0000030923  -0.0000147300
   2.8434709280   0.0000120966   0.0000008998  -0.0000063013
   2.8579047905   0.0000252289   0.0000001269   0.0000039211
   2.8723386531   0.0000384224   0.0000002847   0.0000144117
   2.8867725157   0.0000491250   0.0000005065   0.0000233170
   2.9012063783   0.0000550945  -0.0000001947   0.0000289377
   2.9156402408   0.0000550678  -0.0000026122   0.0000301802
   2.9300741034   0.0000490607  -0.0000070946   0.0000267877
   2.9445079660   0.0000382000  -0.0000134475   0.0000192923
   2.9589418286   0.0000242595  -0.0000209923   0.0000087949
   2.9733756912   0.0000092283  -0.0000287168  -0.0000032487
   2.9878095537  -0.0000048406  -0.0000354336  -0.0000151287
   3.0022434163  -0.0000157038  -0.0000399049  -0.0000249043
   3.0166772789  -0.0000207691  -0.0000409449  -0.0000304737
   3.0311111415  -0.0000172276  -0.0000375441  -0.0000298143
   3.0455450041  -0.0000026798  -0.0000290525  -0.0000214309
   3.0599788666   0.0000237625  -0.0000154386  -0.0000049700
   3.0744127292   0.0000601679   0.0000023991   0.0000181238
   3.0888465918   0.0001007695   0.0000223522   0.0000441327
   3.1032804544   0.0001359128   0.0000410291   0.0000671101
   3.1177143169   0.0001535889   0.0000541186   0.0000798039
   3.1321481795   0.0001427345   0.0000573508   0.0000755847
   3.1465820421   0.0000976292   0.0000479598   0.0000510069
   3.1610159047   0.0000217973   0.0000261954   0.0000080684
   3.1754497673  -0.0000705796  -0.0000038239  -0.0000450081
   3.1898836298  -0.0001571438  -0.0000345600  -0.0000952812
   3.2043174924  -0.0002136094  -0.0000569881  -0.0001287677
   3.2187513550  -0.0002218329  -0.0000635140  -0.0001351050
   3.2331852176  -0.0001766294  -0.0000508141  -0.0001113848
   3.2476190802  -0.0000884570  -0.0000214121  -0.0000635289
   3.2620529427   0.0000193642   0.0000167785  -0.0000045305
   3.2764868053   0.0001180499   0.0000529168   0.0000498324
   3.2909206679   0.0001826502   0.0000768520   0.0000861722
   3.3053545305   0.0001997949   0.0000825424   0.0000975891
   3.3197883930   0.0001710855   0.0000699654   0.0000852041
   3.3342222556   0.0001110980   0.0000447809   0.0000567198
   3.3486561182   0.0000410968   0.0000159100   0.0000228155
   3.3630899808  -0.0000188137  -0.0000079567  -0.0000069819
   3.3775238434  -0.0000559401  -0.0000214692  -0.0000272129
   3.3919577059  -0.0000674437  -0.0000240928  -0.0000371412
   3.4063915685  -0.0000586284  -0.0000194547  -0.0000392551
   3.4208254311  -0.0000385825  -0.0000130445  -0.0000367471
   3.4352592937  -0.0000156292  -0.0000094593  -0.0000314795
   3.4496931563   0.0000053387  -0.0000104831  -0.0000234861
   3.4641270188   0.0000229235  -0.0000147691  -0.0000120523
   3.4785608814   0.0000374757  -0.0000190504   0.0000025423
   3.4929947440   0.0000491136  -0.0000200977   0.0000178911
   3.5074286066   0.0000568342  -0.0000163977   0.0000297896
   3.5218624691   0.0000590483  -0.0000088088   0.0000339601
   3.5362963317   0.0000548595  -0.0000000337   0.0000282454
   3.5507301943   0.0000450047   0.0000066895   0.0000140364
   3.5651640569   0.0000317493   0.0000090016  -0.0000039114
   3.5795979195   0.0000178439   0.0000063372  -0.0000192711
   3.5940317820   0.0000053121   0.0000000443  -0.0000267284
   3.6084656446  -0.0000050852  -0.0000072243  -0.0000241613
   3.6228995072  -0.0000133773  -0.0000125250  -0.0000134435
   3.6373333698  -0.0000193127  -0.0000136383   0.0000004393
   3.6517672323  -0.0000215528  -0.0000097580   0.0000115299
   3.6662010949  -0.0000178616  -0.0000016864   0.0000153611
   3.6806349575  -0.0000063901   0.0000084615   0.0000107376
   3.6950688201   0.0000125935   0.0000179200   0.0000001535
   3.7095026827   0.0000355850   0.0000240989  -0.0000112754
   3.7239365452   0.0000561998   0.0000253510  -0.0000179228
   3.7383704078   0.0000671652   0.0000214682  -0.0000159838
   3.7528042704   0.0000632457   0.0000137514  -0.0000051337
   3.7672381330   0.0000438265   0.0000046123   0.0000111286
   3.7816719956   0.0000138959  -0.0000031916   0.0000266123
   3.7961058581  -0.0000172016  -0.0000074452   0.0000346650
   3.8105397207  -0.0000389128  -0.0000071796   0.0000307169
   3.8249735833  -0.0000433431  -0.0000029342   0.0000142164
   3.8394074459  -0.0000283140   0.0000035130  -0.0000107889
   3.8538413084   0.0000016087   0.0000098256  -0.0000367357
   3.8682751710   0.0000365225   0.0000139161  -0.0000550242
   3.8827090336   0.0000644927   0.0000145638  -0.0000590847
   3.8971428962   0.0000755340   0.0000116402  -0.0000469247
   3.9115767588   0.0000648882   0.0000059332  -0.0000221337
   3.9260106213   0.0000345536  -0.0000012621   0.0000071613
   3.9404444839  -0.0000073202  -0.0000085542   0.0000311221
   3.9548783465  -0.0000488678  -0.0000146987   0.0000417977
   3.9693122091  -0.0000779562  -0.0000186547   0.0000361143
   3.9837460717  -0.0000856016  -0.0000195681   0.0000170687
   3.9981799342  -0.0000683952  -0.0000168321  -0.0000073685
   4.0126137968  -0.0000293112  -0.0000102965  -0.0000272266
   4.0270476594   0.0000232444  -0.0000005491  -0.0000342361
   4.0414815220   0.0000777786   0.0000109149  -0.0000248474
   4.0559153845   0.0001227063   0.0000218211  -0.0000014591
   4.0703492471   0.0001491242   0.0000296036   0.0000285260
   4.0847831097   0.0001526384   0.0000321319   0.0000553691
   4.0992169723   0.0001338873   0.0000284194   0.0000703256
   4.1136508349   0.0000978234   0.0000190283   0.0000684191
   4.1280846974   0.0000521450   0.0000059916   0.0000497510
   4.1425185600   0.0000053986  -0.0000077473   0.0000190587
   4.1569524226  -0.0000347855  -0.0000191915  -0.0000161169
   4.1713862852  -0.0000630286  -0.0000261518  -0.0000478634
   4.1858201478  -0.0000769798  -0.0000278202  -0.0000700648
   4.2002540103  -0.0000774977  -0.0000248768  -0.0000796761
   4.2146878729  -0.0000682281  -0.0000191197  -0.0000768947
   4.2291217355  -0.0000545931  -0.0000127732  -0.0000644151
   4.2435555981  -0.0000422869  -0.0000077280  -0.0000462042
   4.2579894606  -0.0000355423  -0.0000049656  -0.0000262740
   4.2724233232  -0.0000356157  -0.0000043334  -0.0000077978
   4.2868571858  -0.0000400250  -0.0000046990   0.0000073049
   4.3012910484  -0.0000429607  -0.0000043940   0.0000183765
   4.3157249110  -0.0000369525  -0.0000017815   0.0000257817
   4.3301587735  -0.0000154179   0.0000042204   0.0000305625
   4.3445926361   0.0000246663   0.0000137827   0.0000340579
   4.3590264987   0.0000808758   0.0000260350   0.0000374984
   4.3734603613   0.0001449562   0.0000391600   0.0000415897
   4.3878942239   0.0002042178   0.0000506785   0.0000461611
   4.4023280864   0.0002444148   0.0000578775   0.0000500110
   4.4167619490   0.0002533414   0.0000583274   0.0000510836
   4.4311958116   0.0002241490   0.0000504256   0.0000470150
   4.4456296742   0.0001574630   0.0000338752   0.0000359425
   4.4600635367   0.0000617276   0.0000099869   0.0000173253
   4.4744973993  -0.0000482963  -0.0000183151  -0.0000075292
   4.4889312619  -0.0001544718  -0.0000468565  -0.0000354712
   4.5033651245  -0.0002389159  -0.0000709330  -0.0000621100
   4.5177989871  -0.0002874727  -0.0000862531  -0.0000828497
   4.5322328496  -0.0002923044  -0.0000898780  -0.0000940235
   4.5466667122  -0.0002531530  -0.0000809031  -0.0000937491
   4.5611005748  -0.0001771455  -0.0000606820  -0.0000822354
   4.5755344374  -0.0000772934  -0.0000325260  -0.0000614967
   4.5899682999   0.0000299717  -0.0000009633  -0.0000346564
   4.6044021625   0.0001277689   0.0000292302  -0.0000051556
   4.6188360251   0.0002017378   0.0000539667   0.0000238412
   4.6332698877   0.0002424926   0.0000705208   0.0000497043
   4.6477037503   0.0002471040   0.0000778142   0.0000703079
   4.6621376128   0.0002192933   0.0000763065   0.0000838984
   4.6765714754   0.0001682638   0.0000675953   0.0000890626
   4.6910053380   0.0001063986   0.0000538806   0.0000849071
   4.7054392006   0.0000463521   0.0000374470   0.0000714094
   4.7198730632  -0.0000017565   0.0000202719   0.0000497699
   4.7343069257  -0.0000323496   0.0000038073   0.0000225502
   4.7487407883  -0.0000451166  -0.0000110741  -0.0000065632
   4.7631746509  -0.0000443479  -0.0000240029  -0.0000333822
   4.7776085135  -0.0000371531  -0.0000349541  -0.0000540792
   4.7920423760  -0.0000311245  -0.0000440453  -0.0000660274
   4.8064762386  -0.0000321063  -0.0000513284  -0.0000683497
   4.8209101012  -0.0000426324  -0.0000566158  -0.0000620111
   4.8353439638  -0.0000613583  -0.0000593829  -0.0000494495
   4.8497778264  -0.0000835322  -0.0000587926  -0.0000338921
   4.8642116889  -0.0001022944  -0.0000538648  -0.0000185800
   4.8786455515  -0.0001104453  -0.0000437801  -0.0000061100
   4.8930794141  -0.0001022633  -0.0000282522   0.0000019754
   4.9075132767  -0.0000750012  -0.0000078590   0.0000053202
   4.9219471393  -0.0000297711   0.0000157922   0.0000046486
   4.9363810018   0.0000283550   0.0000401595   0.0000014901
   4.9508148644   0.0000910883   0.0000621394  -0.0000022014
   4.9652487270   0.0001484253   0.0000786441  -0.0000044890
   4.9796825896   0.0001906658   0.0000872329  -0.0000039098
   4.9941164521   0.0002105461   0.0000866276   0.0000001221
   5.0085503147   0.0002049858   0.0000769761   0.0000070741
   5.0229841773   0.0001759669   0.0000598076   0.0000153316
   5.0374180399   0.0001302352   0.0000377133   0.0000225889
   5.0518519025   0.0000778055   0.0000138507   0.0000265563
   5.0662857650   0.0000295805  -0.0000086033   0.0000258121
   5.0807196276  -0.0000053431  -0.0000269441   0.0000205184
   5.0951534902  -0.0000219948  -0.0000393065   0.0000127139
   5.1095873528  -0.0000208680  -0.0000448846   0.0000059991
   5.1240212154  -0.0000079072  -0.0000440053   0.0000046241
   5.1384550779   0.0000068765  -0.0000380649   0.0000121961
   5.1528889405   0.0000118422  -0.0000293298   0.0000303682
   5.1673228031  -0.0000033609  -0.0000205959   0.0000578988
   5.1817566657  -0.0000450523  -0.0000147157   0.0000903797
   5.1961905282  -0.0001135438  -0.0000140383   0.0001207447
   5.2106243908  -0.0002023235  -0.0000198531   0.0001404669
   5.2250582534  -0.0002985503  -0.0000319635   0.0001411855
   5.2394921160  -0.0003847800  -0.0000485176   0.0001164242
   5.2539259786  -0.0004416591  -0.0000661764   0.0000630783
   5.2683598411  -0.0004511915  -0.0000806249  -0.0000175703
   5.2827937037  -0.0004000959  -0.0000873420  -0.0001194520
   5.2972275663  -0.0002827300  -0.0000824821  -0.0002319804
   5.3116614289  -0.0001030777  -0.0000636899  -0.0003409995
   5.3260952914   0.0001246215  -0.0000306915  -0.0004303709
   5.3405291540   0.0003768477   0.0000144451  -0.0004840930
   5.3549630166   0.0006233956   0.0000674228  -0.0004887481
   5.3693968792   0.0008313198   0.0001221844  -0.0004359485
   5.3838307418   0.0009696975   0.0001716729  -0.0003243571
   5.3982646043   0.0010144718   0.0002087933  -0.0001608371
   5.4126984669   0.0009525600   0.0002274544   0.0000396256
   5.4271323295   0.0007844871   0.0002235547   0.0002553823
   5.4415661921   0.0005250242   0.0001957564   0.0004608430
   5.4560000547   0.0002016419   0.0001458985   0.0006300637
   5.4704339172  -0.0001490431   0.0000789339   0.0007405994
   5.4848677798  -0.0004863044   0.0000023474   0.0007769481
   5.4993016424  -0.0007710508  -0.0000748872   0.0007329866
   5.5137355050  -0.0009713777  -0.0001436498   0.0006129861
   5.5281693675  -0.0010670396  -0.0001960732   0.0004310537
   5.5426032301  -0.0010521264  -0.0002267326   0.0002091046
   5.5570370927  -0.0009354986  -0.0002333932  -0.0000263094
   5.5714709553  -0.0007389035  -0.0002171893  -0.0002478267
   5.5859048179  -0.0004930786  -0.0001822297  -0.0004311739
   5.6003386804  -0.0002325089  -0.0001347488  -0.0005585325
   5.6147725430   0.0000102349  -0.0000819956  -0.0006208337
   5.6292064056   0.0002095513  -0.0000310765  -0.0006185942
   5.6436402682   0.0003503251   0.0000120623  -0.0005611398
   5.6580741308   0.0004292796   0.0000433794  -0.0004643528
   5.6725079933   0.0004539821   0.0000611387  -0.0003473689
   5.6869418559   0.0004398211   0.0000659433  -0.0002288802
   5.7013757185   0.0004056976   0.0000604248  -0.0001238001
   5.7158095811   0.0003694263   0.0000486431  -0.0000409739
   5.7302434436   0.0003438509   0.0000352883   0.0000176177
   5.7446773062   0.0003344681   0.0000248087   0.0000560756
   5.7591111688   0.0003389657   0.0000206113   0.0000825068
   5.7735450314   0.0003486293   0.0000244775   0.0001062373
   5.7879788940   0.0003511602   0.0000363078   0.0001350262
   5.8024127565   0.0003341709   0.0000542413   0.0001729336
   5.8168466191   0.0002885337   0.0000751142   0.0002192868
   5.8312804817   0.0002108531   0.0000951422   0.0002688911
   5.8457143443   0.0001045722   0.0001106635   0.0003133381
   5.8601482069  -0.0000204559   0.0001187773   0.0003430372
   5.8745820694  -0.0001497843   0.0001177552   0.0003494752
   5.8890159320  -0.0002671481   0.0001071805   0.0003272084
   5.9034497946  -0.0003576018   0.0000878394   0.0002751840
   5.9178836572  -0.0004103543   0.0000614474   0.0001971528
   5.9323175197  -0.0004207170   0.0000303046   0.0001011209
   5.9467513823  -0.0003907730  -0.0000030398  -0.0000020224
   5.9611852449  -0.0003286653  -0.0000360668  -0.0001004129
   5.9756191075  -0.0002467060  -0.0000664996  -0.0001832649
   5.9900529701  -0.0001587745  -0.0000924524  -0.0002426545
   6.0044868326  -0.0000776089  -0.0001125252  -0.0002746765
   6.0189206952  -0.0000125911  -0.0001258487  -0.0002797541
   6.0333545578   0.0000315320  -0.0001320777  -0.0002620802
   6.0477884204   0.0000548014  -0.0001313359  -0.0002283628
   6.0622222830   0.0000611653  -0.0001241271  -0.0001862097
   6.0766561455   0.0000568966  -0.0001112330  -0.0001425494
   6.0910900081   0.0000487658  -0.0000936275  -0.0001024450
   6.1055238707   0.0000424270  -0.0000724216  -0.0000685274
   6.1199577333   0.0000413558  -0.0000488429  -0.0000410920
   6.1343915958   0.0000464898  -0.0000242285  -0.0000187274
   6.1488254584   0.0000565292  -0.0000000016   0.0000007700
   6.1632593210   0.0000687085   0.0000223957   0.0000194770
   6.1776931836   0.0000797761   0.0000416230   0.0000386520
   6.1921270462   0.0000869252   0.0000565983   0.0000584016
   6.2065609087   0.0000884740   0.0000666507   0.0000777216
   6.2209947713   0.0000841820   0.0000716213   0.0000948379
   6.2354286339   0.0000751820   0.0000718794   0.0001077174
   6.2498624965   0.0000635860   0.0000682430   0.0001146100
   6.2642963590   0.0000518892   0.0000618254   0.0001144957
   6.2787302216   0.0000423270   0.0000538446   0.0001073465
   6.2931640842   0.0000363434   0.0000454395   0.0000941581
   6.3075979468   0.0000342970   0.0000375257   0.0000767509
   6.3220318094   0.0000354660   0.0000307085   0.0000573932
   6.3364656719   0.0000383361   0.0000252556   0.0000383336
   6.3508995345   0.0000410776   0.0000211221   0.0000213554
   6.3653333971   0.0000420692   0.0000180174   0.0000074617
   6.3797672597   0.0000403155   0.0000155008  -0.0000032302
   6.3942011223   0.0000356480   0.0000130931  -0.0000113598
   6.4086349848   0.0000286675   0.0000103863  -0.0000180033
   6.4230688474   0.0000204721   0.0000071344  -0.0000242595
   6.4375027100   0.0000122750   0.0000033033  -0.0000308706
   6.4519365726   0.0000050424  -0.0000009329  -0.0000379889
   6.4663704351  -0.0000007432  -0.0000052517  -0.0000451502
   6.4808042977  -0.0000051400  -0.0000092829  -0.0000514426
   6.4952381603  -0.0000086395  -0.0000127214  -0.0000557996
   6.5096720229  -0.0000119531  -0.0000154167  -0.0000573150
   6.5241058855  -0.0000157761  -0.0000174089  -0.0000554883
   6.5385397480  -0.0000205948  -0.0000189029  -0.0000503443
   6.5529736106  -0.0000265751  -0.0000201899  -0.0000424177
   6.5674074732  -0.0000335376  -0.0000215468  -0.0000326309
   6.5818413358  -0.0000410036  -0.0000231471  -0.0000221123
   6.5962751984  -0.0000482865  -0.0000250064  -0.0000120011
   6.6107090609  -0.0000546090  -0.0000269731  -0.0000032729
   6.6251429235  -0.0000592261  -0.0000287551   0.0000033951
   6.6395767861  -0.0000615364  -0.0000299718   0.0000077071
   6.6540106487  -0.0000611657  -0.0000302157   0.0000097709
   6.6684445112  -0.0000580041  -0.0000291192   0.0000100518
   6.6828783738  -0.0000521899  -0.0000264189   0.0000092563
   6.6973122364  -0.0000440449  -0.0000220145   0.0000081624
   6.7117460990  -0.0000339816  -0.0000160135   0.0000074332
   6.7261799616  -0.0000224151  -0.0000087496   0.0000074635
   6.7406138241  -0.0000097137  -0.0000007622   0.0000083085
   6.7550476867   0.0000037947   0.0000072690   0.0000097174
   6.7694815493   0.0000177648   0.0000146289   0.0000112603
   6.7839154119   0.0000317572   0.0000206927   0.0000125020
   6.7983492745   0.0000451857   0.0000250393   0.0000131567
   6.8127831370   0.0000573276   0.0000275208   0.0000131705
   6.8272169996   0.0000674065   0.0000282648   0.0000127050
   6.8416508622   0.0000747267   0.0000276109   0.0000120382
   6.8560847248   0.0000788144   0.0000260020   0.0000114290
   6.8705185873   0.0000795137   0.0000238687   0.0000110054
   6.8849524499   0.0000770071   0.0000215398   0.0000107175
   6.8993863125   0.0000717559   0.0000192028   0.0000103699
   6.9138201751   0.0000643841   0.0000169125   0.0000097080
   6.9282540377   0.0000555469   0.0000146305   0.0000085172
   6.9426879002   0.0000458216   0.0000122749   0.0000066943
   6.9571217628   0.0000356447   0.0000097592   0.0000042685
   6.9715556254   0.0000253013   0.0000070167   0.0000013791
   6.9859894880   0.0000149528   0.0000040133  -0.0000017696
   7.0004233506   0.0000046852   0.0000007576  -0.0000049494
   7.0148572131  -0.0000054391  -0.0000026872  -0.0000079353
   7.0292910757  -0.0000153350  -0.0000061933  -0.0000105182
   7.0437249383  -0.0000248541  -0.0000095686  -0.0000125200
   7.0581588009  -0.0000337524  -0.0000125776  -0.0000138187
   7.0725926634  -0.0000416728  -0.0000149837  -0.0000143842
   7.0870265260  -0.0000481559  -0.0000166032  -0.0000143076
   7.1014603886  -0.0000526918  -0.0000173542  -0.0000137992
   7.1158942512  -0.0000548139  -0.0000172786  -0.0000131413
   7.1303281138  -0.0000542156  -0.0000165254  -0.0000125981
   7.1447619763  -0.0000508538  -0.0000153003  -0.0000123129
   7.1591958389  -0.0000450006  -0.0000137996  -0.0000122349
   7.1736297015  -0.0000372151  -0.0000121561  -0.0000121144
   7.1880635641  -0.0000282381  -0.0000104191  -0.0000115778
   7.2024974266  -0.0000188388  -0.0000085726  -0.0000102620
   7.2169312892  -0.0000096635  -0.0000065810  -0.0000079585
   7.2313651518  -0.0000011322  -0.0000044369  -0.0000047112
   7.2457990144   0.0000065869  -0.0000021872  -0.0000008272
   7.2602328770   0.0000135285   0.0000000727   0.0000032016
   7.2746667395   0.0000198325   0.0000022313   0.0000068385
   7.2891006021   0.0000256394   0.0000042024   0.0000096482
   7.3035344647   0.0000310123   0.0000059519   0.0000113973
   7.3179683273   0.0000359063   0.0000074994   0.0000120803
   7.3324021899   0.0000401807   0.0000088939   0.0000118723
   7.3468360524   0.0000436394   0.0000101789   0.0000110405
   7.3612699150   0.0000460771   0.0000113640   0.0000098558
   7.3757037776   0.0000473157   0.0000124167   0.0000085368
   7.3901376402   0.0000472277   0.0000132766   0.0000072343
   7.4045715027   0.0000457485   0.0000138809   0.0000060441
   7.4190053653   0.0000428866   0.0000141863   0.0000050222
   7.4334392279   0.0000387342   0.0000141758   0.0000041875
   7.4478730905   0.0000334719   0.0000138459   0.0000035097
   7.4623069531   0.0000273596   0.0000131852   0.0000028973
   7.4767408156   0.0000207058   0.0000121584   0.0000022066
   7.4911746782   0.0000138158   0.0000107092   0.0000012800
   7.5056085408   0.0000069355   0.0000087844   0.0000000050
   7.5200424034   0.0000002125   0.0000063699  -0.0000016300
   7.5344762660  -0.0000063057   0.0000035213  -0.0000035135
   7.5489101285  -0.0000126314   0.0000003732  -0.0000054372
   7.5633439911  -0.0000187679  -0.0000028810  -0.0000071672
   7.5777778537  -0.0000246392  -0.0000060294  -0.0000085312
   7.5922117163  -0.0000300501  -0.0000088866  -0.0000094831
   7.6066455788  -0.0000346927  -0.0000113244  -0.0000101125
   7.6210794414  -0.0000382022  -0.0000132768  -0.0000105917
   7.6355133040  -0.0000402407  -0.0000147211  -0.0000110814
   7.6499471666  -0.0000405804  -0.0000156481  -0.0000116364
   7.6643810292  -0.0000391596  -0.0000160406  -0.0000121576
   7.6788148917  -0.0000360930  -0.0000158724  -0.0000124124
   7.6932487543  -0.0000316404  -0.0000151307  -0.0000121177
   7.7076826169  -0.0000261502  -0.0000138484  -0.0000110527
   7.7221164795  -0.0000199994  -0.0000121267  -0.0000091538
   7.7365503421  -0.0000135507  -0.0000101303  -0.0000065550
   7.7509842046  -0.0000071286  -0.0000080518  -0.0000035591
   7.7654180672  -0.0000010078  -0.0000060555  -0.0000005541
   7.7798519298   0.0000045988  -0.0000042273   0.0000020910
   7.7942857924   0.0000095581  -0.0000025530   0.0000041138
   7.8087196549   0.0000138343  -0.0000009368   0.0000054015
   7.8231535175   0.0000174911   0.0000007480   0.0000059877
   7.8375873801   0.0000206657   0.0000025972   0.0000060147
   7.8520212427   0.0000235132   0.0000046306   0.0000056857
   7.8664551053   0.0000261400   0.0000067800   0.0000052257
   7.8808889678   0.0000285494   0.0000089111   0.0000048545
   7.8953228304   0.0000306260   0.0000108649   0.0000047644
   7.9097566930   0.0000321655   0.0000124982   0.0000050914
   7.9241905556   0.0000329410   0.0000137063   0.0000058772
   7.9386244181   0.0000327795   0.0000144230   0.0000070316
   7.9530582807   0.0000316201   0.0000146074   0.0000083182
   7.9674921433   0.0000295315   0.0000142302   0.0000093812
   7.9819260059   0.0000266840   0.0000132745   0.0000098205
