   0.0000000000   0.0000000000   0.0000000000   0.0000000000
   0.0144338626   0.0000000000   0.0000000000   0.0000000000
   0.0288677252   0.0000000000   0.0000000000   0.0000000000
   0.0433015877   0.0000000000   0.0000000000   0.0000000000
   0.0577354503   0.0000000000   0.0000000000   0.0000000000
   0.0721693129   0.0000000000   0.0000000000   0.0000000000
   0.0866031755  -0.0000000000   0.0000000000  -0.0000000000
   0.1010370380   0.0000000000  -0.0000000000   0.0000000000
   0.1154709006   0.0000000000  -0.0000000000  -0.0000000000
   0.1299047632   0.0000000000  -0.0000000000  -0.0000000000
   0.1443386258   0.0000000000  -0.0000000000  -0.0000000000
   0.1587724884   0.0000000000  -0.0000000000  -0.0000000000
   0.1732063509   0.0000000000  -0.0000000000  -0.0000000000
   0.1876402135   0.0000000000   0.0000000000  -0.0000000000
   0.2020740761   0.0000000000   0.0000000000  -0.0000000000
   0.2165079387   0.0000000000   0.0000000000  -0.0000000000
   0.2309418013   0.0000000000  -0.0000000000  -0.0000000000
   0.2453756638   0.0000000000  -0.0000000000  -0.0000000000
   0.2598095264   0.0000000000   0.0000000000   0.0000000000
   0.2742433890   0.0000000000   0.0000000000   0.0000000000
   0.2886772516  -0.0000000000   0.0000000000  -0.0000000000
   0.3031111141  -0.0000000000  -0.0000000000  -0.0000000000
   0.3175449767  -0.0000000000  -0.0000000000   0.0000000000
   0.3319788393   0.0000000000  -0.0000000000   0.0000000000
   0.3464127019   0.0000000000   0.0000000000   0.0000000000
   0.3608465645   0.0000000000   0.0000000000   0.0000000000
   0.3752804270  -0.0000000000  -0.0000000000  -0.0000000000
   0.3897142896  -0.0000000000  -0.0000000000  -0.0000000000
   0.4041481522   0.0000000000  -0.0000000000  -0.0000000000
   0.4185820148   0.0000000000   0.0000000000   0.0000000000
   0.4330158774   0.0000000000   0.0000000000   0.0000000000
   0.4474497399  -0.0000000000   0.0000000000  -0.0000000000
   0.4618836025  -0.0000000000  -0.0000000000  -0.0000000000
   0.4763174651  -0.0000000000  -0.0000000000  -0.0000000000
   0.4907513277   0.0000000000   0.0000000000   0.0000000000
   0.5051851902   0.0000000000   0.0000000000   0.0000000000
   0.5196190528   0.0000000000   0.0000000000   0.0000000000
   0.5340529154  -0.0000000000  -0.0000000000  -0.0000000000
   0.5484867780  -0.0000000000  -0.0000000000  -0.0000000000
   0.5629206406   0.0000000000  -0.0000000000   0.0000000000
   0.5773545031   0.0000000000   0.0000000000   0.0000000000
   0.5917883657   0.0000000000   0.0000000000   0.0000000000
   0.6062222283  -0.0000000000  -0.0000000000  -0.0000000000
   0.6206560909  -0.0000000000  -0.0000000000  -0.0000000000
   0.6350899535  -0.0000000000  -0.0000000000  -0.0000000000
   0.6495238160   0.0000000000   0.0000000000   0.0000000000
   0.6639576786   0.0000000000   0.0000000000   0.0000000000
   0.6783915412   0.0000000000   0.0000000000   0.0000000000
   0.6928254038  -0.0000000000  -0.0000000000  -0.0000000000
   0.7072592663  -0.0000000000  -0.0000000000  -0.0000000000
   0.7216931289   0.0000000000  -0.0000000000  -0.0000000000
   0.7361269915   0.0000000000   0.0000000000   0.0000000000
   0.7505608541   0.0000000000   0.0000000000   0.0000000000
   0.7649947167  -0.0000000000   0.0000000000   0.0000000000
   0.7794285792  -0.0000000000  -0.0000000000  -0.0000000000
   0.7938624418  -0.0000000000  -0.0000000000  -0.0000000000
   0.8082963044   0.0000000000   0.0000000000  -0.0000000000
   0.8227301670   0.0000000000   0.0000000000   0.0000000000
   0.8371640296   0.0000000000   0.0000000000   0.0000000000
   0.8515978921  -0.0000000000  -0.0000000000   0.0000000000
   0.8660317547  -0.0000000000  -0.0000000000  -0.0000000000
   0.8804656173  -0.0000000000  -0.0000000000  -0.0000000000
   0.8948994799   0.0000000000   0.0000000000  -0.0000000000
   0.9093333424   0.0000000000   0.0000000000   0.0000000000
   0.9237672050   0.0000000000   0.0000000000   0.0000000000
   0.9382010676  -0.0000000000  -0.0000000000   0.0000000000
   0.9526349302  -0.0000000000  -0.0000000000  -0.0000000000
   0.9670687928  -0.0000000000  -0.0000000000  -0.0000000000
   0.9815026553   0.0000000000   0.0000000000  -0.0000000000
   0.9959365179   0.0000000000   0.0000000000   0.0000000000
   1.0103703805   0.0000000000   0.0000000000   0.0000000000
   1.0248042431  -0.0000000000  -0.0000000000   0.0000000000
   1.0392381056  -0.0000000000  -0.0000000000  -0.0000000000
   1.0536719682  -0.0000000000  -0.0000000000  -0.0000000000
   1.0681058308   0.0000000000   0.0000000000  -0.0000000000
   1.0825396934   0.0000000000   0.0000000000   0.0000000000
   1.0969735560   0.0000000000   0.0000000000   0.0000000000
   1.1114074185  -0.0000000000   0.0000000000   0.0000000000
   1.1258412811  -0.0000000000   0.0000000000  -0.0000000000
   1.1402751437  -0.0000000000   0.0000000000  -0.0000000000
   1.1547090063   0.0000000000  -0.0000000000  -0.0000000000
   1.1691428689   0.0000000000  -0.0000000000  -0.0000000000
   1.1835767314   0.0000000000  -0.0000000000   0.0000000000
   1.1980105940   0.0000000000   0.0000000000   0.0000000000
   1.2124444566  -0.0000000000   0.0000000000   0.0000000000
   1.2268783192  -0.0000000000   0.0000000000  -0.0000000000
   1.2413121817  -0.0000000000  -0.0000000000  -0.0000000000
   1.2557460443   0.0000000000  -0.0000000000  -0.0000000000
   1.2701799069   0.0000000000  -0.0000000000  -0.0000000000
   1.2846137695   0.0000000000  -0.0000000000   0.0000000000
   1.2990476321  -0.0000000000   0.0000000000   0.0000000000
   1.3134814946  -0.0000000000   0.0000000000   0.0000000000
   1.3279153572  -0.0000000000   0.0000000000   0.0000000000
   1.3423492198   0.0000000000  -0.0000000000  -0.0000000000
   1.3567830824   0.0000000000  -0.0000000000  -0.0000000000
   1.3712169450   0.0000000000  -0.0000000000  -0.0000000000
   1.3856508075  -0.0000000000   0.0000000000   0.0000000000
   1.4000846701  -0.0000000000   0.0000000000   0.0000000000
   1.4145185327  -0.0000000000   0.0000000000   0.0000000000
   1.4289523953   0.0000000000  -0.0000000000   0.0000000000
   1.4433862578   0.0000000000  -0.0000000000  -0.0000000000
   1.4578201204   0.0000000000  -0.0000000000  -0.0000000000
   1.4722539830  -0.0000000000   0.0000000000  -0.0000000000
   1.4866878456  -0.0000000000   0.0000000000   0.0000000000
   1.5011217082  -0.0000000000   0.0000000000   0.0000000000
   1.5155555707   0.0000000000  -0.0000000000   0.0000000000
   1.5299894333   0.0000000000  -0.0000000000  -0.0000000000
   1.5444232959   0.0000000000   0.0000000000  -0.0000000000
   1.5588571585  -0.0000000000   0.0000000000  -0.0000000000
   1.5732910211  -0.0000000000   0.0000000000   0.0000000000
   1.5877248836  -0.0000000000  -0.0000000000   0.0000000000
   1.6021587462   0.0000000000  -0.0000000000   0.0000000000
   1.6165926088   0.0000000000  -0.0000000000  -0.0000000000
   1.6310264714   0.0000000000   0.0000000000  -0.0000000000
   1.6454603339  -0.0000000000   0.0000000000  -0.0000000000
   1.6598941965  -0.0000000000   0.0000000000   0.0000000000
   1.6743280591   0.0000000000  -0.0000000000   0.0000000000
   1.6887619217   0.0000000000  -0.0000000000   0.0000000000
   1.7031957843   0.0000000000  -0.0000000000  -0.0000000000
   1.7176296468  -0.0000000000   0.0000000000  -0.0000000000
   1.7320635094  -0.0000000000   0.0000000000  -0.0000000000
   1.7464973720  -0.0000000000   0.0000000000   0.0000000000
   1.7609312346   0.0000000000  -0.0000000000   0.0000000000
   1.7753650971   0.0000000000  -0.0000000000   0.0000000000
   1.7897989597   0.0000000000  -0.0000000000  -0.0000000000
   1.8042328223  -0.0000000000   0.0000000000  -0.0000000000
   1.8186666849  -0.0000000000   0.0000000000  -0.0000000000
   1.8331005475  -0.0000000000   0.0000000000   0.0000000000
   1.8475344100   0.0000000000  -0.0000000000   0.0000000000
   1.8619682726   0.0000000000  -0.0000000000   0.0000000000
   1.8764021352   0.0000000000  -0.0000000000  -0.0000000000
   1.8908359978  -0.0000000000   0.0000000000  -0.0000000000
   1.9052698604  -0.0000000000   0.0000000000  -0.0000000000
   1.9197037229  -0.0000000000   0.0000000000   0.0000000000
   1.9341375855   0.0000000000  -0.0000000000   0.0000000000
   1.9485714481   0.0000000000  -0.0000000000   0.0000000000
   1.9630053107   0.0000000000  -0.0000000000  -0.0000000000
   1.9774391732  -0.0000000000   0.0000000000  -0.0000000000
   1.9918730358  -0.0000000000   0.0000000000  -0.0000000000
   2.0063068984  -0.0000000000   0.0000000000   0.0000000000
   2.0207407610   0.0000000000  -0.0000000000   0.0000000000
   2.0351746236   0.0000000000  -0.0000000000   0.0000000000
   2.0496084861   0.0000000000  -0.0000000000  -0.0000000000
   2.0640423487  -0.0000000000   0.0000000000  -0.0000000000
   2.0784762113  -0.0000000000   0.0000000000  -0.0000000000
   2.0929100739  -0.0000000000   0.0000000000   0.0000000000
   2.1073439365   0.0000000000  -0.0000000000   0.0000000000
   2.1217777990   0.0000000000  -0.0000000000   0.0000000000
   2.1362116616   0.0000000000  -0.0000000000  -0.0000000000
   2.1506455242  -0.0000000000   0.0000000000  -0.0000000001
   2.1650793868  -0.0000000001   0.0000000000  -0.0000000000
   2.1795132493  -0.0000000000   0.0000000000  -0.0000000000
   2.1939471119   0.0000000000  -0.0000000000   0.0000000000
   2.2083809745   0.0000000001  -0.0000000000   0.0000000000
   2.2228148371   0.0000000000  -0.0000000000  -0.0000000000
   2.2372486997  -0.0000000001   0.0000000000  -0.0000000000
   2.2516825622  -0.0000000002   0.0000000001   0.0000000000
   2.2661164248  -0.0000000002   0.0000000001   0.0000000001
   2.2805502874  -0.0000000000   0.0000000000   0.0000000002
   2.2949841500   0.0000000003  -0.0000000001   0.0000000000
   2.3094180126   0.0000000006  -0.0000000002  -0.0000000003
   2.3238518751   0.0000000006  -0.0000000003  -0.0000000006
   2.3382857377   0.0000000004  -0.0000000002  -0.0000000007
   2.3527196003  -0.0000000001  -0.0000000001  -0.0000000003
   2.3671534629  -0.0000000009   0.0000000002   0.0000000006
   2.3815873254  -0.0000000019   0.0000000006   0.0000000017
   2.3960211880  -0.0000000028   0.0000000010   0.0000000024
   2.4104550506  -0.0000000028   0.0000000011   0.0000000021
   2.4248889132  -0.0000000009   0.0000000006   0.0000000005
   2.4393227758   0.0000000036  -0.0000000008  -0.0000000025
   2.4537566383   0.0000000095  -0.0000000028  -0.0000000064
   2.4681905009   0.0000000142  -0.0000000048  -0.0000000095
   2.4826243635   0.0000000134  -0.0000000052  -0.0000000093
   2.4970582261   0.0000000035  -0.0000000026  -0.0000000035
   2.5114920887  -0.0000000159   0.0000000034   0.0000000089
   2.5259259512  -0.0000000399   0.0000000117   0.0000000255
   2.5403598138  -0.0000000578   0.0000000192   0.0000000393
   2.5547936764  -0.0000000553   0.0000000209   0.0000000403
   2.5692275390  -0.0000000202   0.0000000120   0.0000000185
   2.5836614015   0.0000000506  -0.0000000096  -0.0000000291
   2.5980952641   0.0000001425  -0.0000000408  -0.0000000932
   2.6125291267   0.0000002196  -0.0000000710  -0.0000001490
   2.6269629893   0.0000002297  -0.0000000833  -0.0000001604
   2.6413968519   0.0000001230  -0.0000000590  -0.0000000926
   2.6558307144  -0.0000001198   0.0000000126   0.0000000683
   2.6702645770  -0.0000004567   0.0000001241   0.0000002950
   2.6846984396  -0.0000007700   0.0000002424   0.0000005099
   2.6991323022  -0.0000008835   0.0000003103   0.0000005957
   2.7135661647  -0.0000006190   0.0000002627   0.0000004331
   2.7280000273   0.0000001135   0.0000000546  -0.0000000415
   2.7424338899   0.0000012230  -0.0000003042  -0.0000007733
   2.7568677525   0.0000023833  -0.0000007249  -0.0000015515
   2.7713016151   0.0000030642  -0.0000010393  -0.0000020272
   2.7857354776   0.0000026779  -0.0000010389  -0.0000018079
   2.8001693402   0.0000008278  -0.0000005523  -0.0000006224
   2.8146032028  -0.0000024059   0.0000004552   0.0000014875
   2.8290370654  -0.0000062627   0.0000017961   0.0000040290
   2.8434709280  -0.0000093169   0.0000030353   0.0000060677
   2.8579047905  -0.0000098071   0.0000035676   0.0000064459
   2.8723386531  -0.0000062705   0.0000028085   0.0000042022
   2.8867725157   0.0000016752   0.0000004634  -0.0000009172
   2.9012063783   0.0000126889  -0.0000032119  -0.0000080443
   2.9156402408   0.0000235426  -0.0000072805  -0.0000150914
   2.9300741034   0.0000296925  -0.0000102302  -0.0000191276
   2.9445079660   0.0000266252  -0.0000103664  -0.0000172504
   2.9589418286   0.0000117052  -0.0000064323  -0.0000077705
   2.9733756912  -0.0000140506   0.0000017122   0.0000086562
   2.9878095537  -0.0000450195   0.0000126122   0.0000284282
   3.0022434163  -0.0000715061   0.0000231987   0.0000453559
   3.0166772789  -0.0000820486   0.0000293968   0.0000521514
   3.0311111415  -0.0000671570   0.0000273267   0.0000428235
   3.0455450041  -0.0000234610   0.0000148184   0.0000153062
   3.0599788666   0.0000432122  -0.0000072511  -0.0000266346
   3.0744127292   0.0001172886  -0.0000343575  -0.0000731301
   3.0888465918   0.0001762665  -0.0000588913  -0.0001100669
   3.1032804544   0.0001966603  -0.0000719690  -0.0001228629
   3.1177143169   0.0001616172  -0.0000661303  -0.0001012056
   3.1321481795   0.0000678821  -0.0000381570  -0.0000432890
   3.1465820421  -0.0000703717   0.0000089376   0.0000419562
   3.1610159047  -0.0002226245   0.0000655775   0.0001356743
   3.1754497673  -0.0003483515   0.0001173299   0.0002130783
   3.1898836298  -0.0004072459   0.0001483875   0.0002497240
   3.2043174924  -0.0003704993   0.0001459299   0.0002283080
   3.2187513550  -0.0002296871   0.0001040647   0.0001438923
   3.2331852176  -0.0000003339   0.0000260629   0.0000058301
   3.2476190802   0.0002811816  -0.0000759360  -0.0001643149
   3.2620529427   0.0005665629  -0.0001837831  -0.0003382307
   3.2764868053   0.0008076106  -0.0002779203  -0.0004879333
   3.2909206679   0.0009675909  -0.0003423066  -0.0005922113
   3.3053545305   0.0010286241  -0.0003681471  -0.0006405667
   3.3197883930   0.0009933379  -0.0003553439  -0.0006338217
   3.3342222556   0.0008811001  -0.0003114054  -0.0005817905
   3.3486561182   0.0007208526  -0.0002484118  -0.0004993086
   3.3630899808   0.0005432689  -0.0001792218  -0.0004021519
   3.3775238434   0.0003745341  -0.0001142020  -0.0003039869
   3.3919577059   0.0002328770  -0.0000593876  -0.0002147824
   3.4063915685   0.0001277255  -0.0000163435  -0.0001404521
   3.4208254311   0.0000605740   0.0000166358  -0.0000831895
   3.4352592937   0.0000265638   0.0000427168  -0.0000420207
   3.4496931563   0.0000162127   0.0000648644  -0.0000134100
   3.4641270188   0.0000172798   0.0000848176   0.0000079583
   3.4785608814   0.0000170145   0.0001028233   0.0000280193
   3.4929947440   0.0000048611   0.0001179373   0.0000517739
   3.5074286066  -0.0000247874   0.0001285767   0.0000816570
   3.5218624691  -0.0000706399   0.0001330544   0.0001164084
   3.5362963317  -0.0001242834   0.0001299796   0.0001510193
   3.5507301943  -0.0001721591   0.0001185407   0.0001780031
   3.5651640569  -0.0001994058   0.0000987312   0.0001897052
   3.5795979195  -0.0001944239   0.0000715318   0.0001808871
   3.5940317820  -0.0001526099   0.0000389789   0.0001506287
   3.6084656446  -0.0000779315   0.0000040127   0.0001028163
   3.6228995072   0.0000182008  -0.0000299565   0.0000450279
   3.6373333698   0.0001202989  -0.0000596967  -0.0000137454
   3.6517672323   0.0002131314  -0.0000828297  -0.0000656741
   3.6662010949   0.0002855051  -0.0000982883  -0.0001060341
   3.6806349575   0.0003323258  -0.0001063745  -0.0001339056
   3.6950688201   0.0003545297  -0.0001083917  -0.0001515327
   3.7095026827   0.0003572784  -0.0001060004  -0.0001627363
   3.7239365452   0.0003473336  -0.0001005563  -0.0001710529
   3.7383704078   0.0003306078  -0.0000926865  -0.0001782673
   3.7528042704   0.0003106186  -0.0000822481  -0.0001837850
   3.7672381330   0.0002881170  -0.0000686492  -0.0001849644
   3.7816719956   0.0002617530  -0.0000513741  -0.0001782239
   3.7961058581   0.0002293717  -0.0000304896  -0.0001605243
   3.8105397207   0.0001894429  -0.0000069380  -0.0001307365
   3.8249735833   0.0001421652   0.0000174890  -0.0000904480
   3.8394074459   0.0000899245   0.0000404837  -0.0000439214
   3.8538413084   0.0000369823   0.0000597522   0.0000028232
   3.8682751710  -0.0000114915   0.0000735729   0.0000435437
   3.8827090336  -0.0000507242   0.0000812079   0.0000734497
   3.8971428962  -0.0000775485   0.0000830420   0.0000904647
   3.9115767588  -0.0000911157   0.0000804049   0.0000956511
   3.9260106213  -0.0000928938   0.0000751333   0.0000926576
   3.9404444839  -0.0000859976   0.0000690139   0.0000863934
   3.9548783465  -0.0000741306   0.0000632883   0.0000813941
   3.9693122091  -0.0000605402   0.0000583810   0.0000804380
   3.9837460717  -0.0000473409   0.0000539322   0.0000838566
   3.9981799342  -0.0000353822   0.0000491125   0.0000897187
   4.0126137968  -0.0000246164   0.0000430940   0.0000947624
   4.0270476594  -0.0000147399   0.0000355030   0.0000957133
   4.0414815220  -0.0000058115   0.0000266918   0.0000905266
   4.0559153845   0.0000014031   0.0000177373   0.0000791529
   4.0703492471   0.0000054880   0.0000101757   0.0000636065
   4.0847831097   0.0000048076   0.0000055661   0.0000473503
   4.0992169723  -0.0000018473   0.0000050288   0.0000342225
   4.1136508349  -0.0000146329   0.0000088998   0.0000272684
   4.1280846974  -0.0000322880   0.0000165984   0.0000278456
   4.1425185600  -0.0000522022   0.0000267371   0.0000352733
   4.1569524226  -0.0000709450   0.0000374382   0.0000471010
   4.1713862852  -0.0000851251   0.0000467629   0.0000598772
   4.1858201478  -0.0000923128   0.0000531395   0.0000701456
   4.2002540103  -0.0000917183   0.0000556826   0.0000753555
   4.2146878729  -0.0000843874   0.0000543301   0.0000744336
   4.2291217355  -0.0000728378   0.0000497803   0.0000679001
   4.2435555981  -0.0000602491   0.0000432623   0.0000575595
   4.2579894606  -0.0000494706   0.0000362132   0.0000459089
   4.2724233232  -0.0000421668   0.0000299471   0.0000354498
   4.2868571858  -0.0000383695   0.0000253913   0.0000280807
   4.3012910484  -0.0000365672   0.0000229373   0.0000246915
   4.3157249110  -0.0000342975   0.0000224243   0.0000250238
   4.3301587735  -0.0000290547   0.0000232430   0.0000278030
   4.3445926361  -0.0000192342   0.0000245292   0.0000311023
   4.3590264987  -0.0000048319   0.0000254048   0.0000328574
   4.3734603613   0.0000123241   0.0000252166   0.0000314191
   4.3878942239   0.0000288976   0.0000237198   0.0000260164
   4.4023280864   0.0000408648   0.0000211613   0.0000170111
   4.4167619490   0.0000446203   0.0000182310   0.0000058707
   4.4311958116   0.0000380652   0.0000158818  -0.0000051489
   4.4456296742   0.0000213532   0.0000150550  -0.0000135439
   4.4600635367  -0.0000029415   0.0000163820  -0.0000171989
   4.4744973993  -0.0000303146   0.0000199483  -0.0000149604
   4.4889312619  -0.0000553636   0.0000251970  -0.0000069964
   4.5033651245  -0.0000730890   0.0000310115   0.0000051617
   4.5177989871  -0.0000801124   0.0000359685   0.0000189244
   4.5322328496  -0.0000754903   0.0000387003   0.0000312361
   4.5466667122  -0.0000609177   0.0000382722   0.0000393114
   4.5611005748  -0.0000402774   0.0000344697   0.0000413308
   4.5755344374  -0.0000186591   0.0000279112   0.0000369090
   4.5899682999  -0.0000010989   0.0000199418   0.0000272064
   4.6044021625   0.0000086449   0.0000123270   0.0000146447
   4.6188360251   0.0000089773   0.0000068149   0.0000022929
   4.6332698877   0.0000007947   0.0000046831  -0.0000069218
   4.6477037503  -0.0000128225   0.0000063892  -0.0000109749
   4.6621376128  -0.0000274674   0.0000114285  -0.0000092778
   4.6765714754  -0.0000385919   0.0000184414  -0.0000028427
   4.6910053380  -0.0000427060   0.0000255527   0.0000059716
   4.7054392006  -0.0000382778   0.0000308554   0.0000140738
   4.7198730632  -0.0000260986   0.0000329123   0.0000184638
   4.7343069257  -0.0000090195   0.0000311392   0.0000170591
   4.7487407883   0.0000088648   0.0000259640   0.0000093108
   4.7631746509   0.0000233637   0.0000187151  -0.0000035592
   4.7776085135   0.0000313582   0.0000112632  -0.0000187808
   4.7920423760   0.0000316775   0.0000055085  -0.0000326858
   4.8064762386   0.0000254468   0.0000028499  -0.0000416406
   4.8209101012   0.0000158096   0.0000037779  -0.0000430345
   4.8353439638   0.0000070879   0.0000077090  -0.0000360618
   4.8497778264   0.0000035938   0.0000131155  -0.0000220783
   4.8642116889   0.0000083949   0.0000179297  -0.0000044067
   4.8786455515   0.0000223568   0.0000201234   0.0000123878
   4.8930794141   0.0000437170   0.0000183112   0.0000235887
   4.9075132767   0.0000683102   0.0000122112   0.0000255156
   4.9219471393   0.0000904014   0.0000028274   0.0000164957
   4.9363810018   0.0001039291  -0.0000077087  -0.0000026395
   4.9508148644   0.0001038634  -0.0000166117  -0.0000286714
   4.9652487270   0.0000873643  -0.0000211138  -0.0000566942
   4.9796825896   0.0000544845  -0.0000191652  -0.0000812090
   4.9941164521   0.0000082789  -0.0000099770  -0.0000973161
   5.0085503147  -0.0000456694   0.0000057317  -0.0001016942
   5.0229841773  -0.0001001685   0.0000258484  -0.0000931303
   5.0374180399  -0.0001475528   0.0000473061  -0.0000725040
   5.0518519025  -0.0001807855   0.0000667255  -0.0000422941
   5.0662857650  -0.0001943175   0.0000810880  -0.0000058139
   5.0807196276  -0.0001845907   0.0000882689   0.0000335551
   5.0951534902  -0.0001501860   0.0000873090   0.0000728781
   5.1095873528  -0.0000917212   0.0000783846   0.0001097768
   5.1240212154  -0.0000116626   0.0000625274   0.0001421349
   5.1384550779   0.0000857905   0.0000412139   0.0001675473
   5.1528889405   0.0001946605   0.0000159741   0.0001827765
   5.1673228031   0.0003070149  -0.0000118472   0.0001835085
   5.1817566657   0.0004128111  -0.0000410978   0.0001646411
   5.1961905282   0.0005000058  -0.0000706006   0.0001211988
   5.2106243908   0.0005551799  -0.0000987945   0.0000497802
   5.2250582534   0.0005648492  -0.0001233790  -0.0000497449
   5.2394921160   0.0005174592  -0.0001411270  -0.0001727138
   5.2539259786   0.0004058448  -0.0001480034  -0.0003087976
   5.2683598411   0.0002297269  -0.0001396598  -0.0004421813
   5.2827937037  -0.0000023178  -0.0001122755  -0.0005530143
   5.2972275663  -0.0002719966  -0.0000636126  -0.0006200771
   5.3116614289  -0.0005520012   0.0000059364  -0.0006243099
   5.3260952914  -0.0008084590   0.0000925686  -0.0005525952
   5.3405291540  -0.0010049765   0.0001888075  -0.0004010449
   5.3549630166  -0.0011077572   0.0002839221  -0.0001770614
   5.3693968792  -0.0010909860   0.0003650682   0.0001003741
   5.3838307418  -0.0009415301   0.0004190320   0.0004024127
   5.3982646043  -0.0006620512   0.0004343136   0.0006938856
   5.4126984669  -0.0002718568   0.0004031853   0.0009381498
   5.4271323295   0.0001947979   0.0003233313   0.0011024175
   5.4415661921   0.0006927833   0.0001987265   0.0011626370
   5.4560000547   0.0011719346   0.0000395410   0.0011070630
   5.4704339172   0.0015837112  -0.0001389679   0.0009378961
   5.4848677798   0.0018875777  -0.0003184222   0.0006707310
   5.4993016424   0.0020560646  -0.0004798308   0.0003319662
   5.5137355050   0.0020777203  -0.0006062155  -0.0000453088
   5.5281693675   0.0019575603  -0.0006849104  -0.0004261731
   5.5426032301   0.0017150822  -0.0007091525  -0.0007786111
   5.5570370927   0.0013803340  -0.0006787172  -0.0010773381
   5.5714709553   0.0009888391  -0.0005995322  -0.0013061534
   5.5859048179   0.0005763148  -0.0004823869  -0.0014585832
   5.6003386804   0.0001740812  -0.0003410147  -0.0015369162
   5.6147725430  -0.0001941611  -0.0001899150  -0.0015500277
   5.6292064056  -0.0005138199  -0.0000423056  -0.0015105689
   5.6436402682  -0.0007791680   0.0000914633  -0.0014321470
   5.6580741308  -0.0009916839   0.0002048184  -0.0013270338
   5.6725079933  -0.0011575249   0.0002951255  -0.0012047486
   5.6869418559  -0.0012847656   0.0003631833  -0.0010716218
   5.7013757185  -0.0013809915   0.0004122410  -0.0009312131
   5.7158095811  -0.0014516724   0.0004467964  -0.0007852850
   5.7302434436  -0.0014995088   0.0004714375  -0.0006349588
   5.7446773062  -0.0015247029   0.0004899386  -0.0004817034
   5.7591111688  -0.0015259062   0.0005047371  -0.0003279123
   5.7735450314  -0.0015014797   0.0005168135  -0.0001769793
   5.7879788940  -0.0014506890   0.0005259098  -0.0000329330
   5.8024127565  -0.0013745316   0.0005309557   0.0001001954
   5.8168466191  -0.0012760320   0.0005305584   0.0002190452
   5.8312804817  -0.0011599969   0.0005234232   0.0003214360
   5.8457143443  -0.0010323635   0.0005086257   0.0004065828
   5.8601482069  -0.0008993517   0.0004857087   0.0004749871
   5.8745820694  -0.0007666526   0.0004546356   0.0005280704
   5.8890159320  -0.0006388384   0.0004156650   0.0005676832
   5.9034497946  -0.0005190929   0.0003692229   0.0005956373
   5.9178836572  -0.0004092619   0.0003158340   0.0006133903
   5.9323175197  -0.0003101416   0.0002561450   0.0006219456
   5.9467513823  -0.0002218740   0.0001910319   0.0006219634
   5.9611852449  -0.0001443149   0.0001217531   0.0006140141
   5.9756191075  -0.0000772758   0.0000500854   0.0005988663
   5.9900529701  -0.0000205994  -0.0000216167   0.0005776977
   6.0044868326   0.0000259091  -0.0000904863   0.0005521483
   6.0189206952   0.0000626264  -0.0001533493   0.0005241857
   6.0333545578   0.0000902429  -0.0002070486   0.0004958168
   6.0477884204   0.0001098062  -0.0002488361   0.0004687274
   6.0622222830   0.0001226379  -0.0002767582   0.0004439596
   6.0766561455   0.0001301354  -0.0002899561   0.0004217302
   6.0910900081   0.0001335140  -0.0002888182   0.0004014576
   6.1055238707   0.0001335749  -0.0002749480   0.0003820064
   6.1199577333   0.0001305827  -0.0002509507   0.0003620963
   6.1343915958   0.0001243121  -0.0002200751   0.0003407696
   6.1488254584   0.0001142705  -0.0001857776   0.0003177881
   6.1632593210   0.0001000549  -0.0001512876   0.0002938431
   6.1776931836   0.0000817476  -0.0001192482   0.0002705055
   6.1921270462   0.0000602373  -0.0000914882   0.0002499127
   6.2065609087   0.0000373575  -0.0000689464   0.0002342586
   6.2209947713   0.0000157746  -0.0000517406   0.0002252083
   6.2354286339  -0.0000013791  -0.0000393413   0.0002233857
   6.2498624965  -0.0000110675  -0.0000307971   0.0002280677
   6.2642963590  -0.0000109880  -0.0000249605   0.0002371739
   6.2787302216  -0.0000001367  -0.0000206720   0.0002475701
   6.2931640842   0.0000208391  -0.0000168826   0.0002556264
   6.3075979468   0.0000496008  -0.0000127154   0.0002579110
   6.3220318094   0.0000824223  -0.0000074814   0.0002518658
   6.3364656719   0.0001147877  -0.0000006720   0.0002363145
   6.3508995345   0.0001421685   0.0000080501   0.0002116918
   6.3653333971   0.0001608179   0.0000188491   0.0001799475
   6.3797672597   0.0001684158   0.0000316990   0.0001441524
   6.3942011223   0.0001644319   0.0000463616   0.0001078960
   6.4086349848   0.0001501330   0.0000623738   0.0000746127
   6.4230688474   0.0001282450   0.0000790598   0.0000469778
   6.4375027100   0.0001023491   0.0000955823   0.0000264988
   6.4519365726   0.0000761524   0.0001110319   0.0000133743
   6.4663704351   0.0000527908   0.0001245457   0.0000066323
   6.4808042977   0.0000343100   0.0001354315   0.0000044949
   6.4952381603   0.0000214245   0.0001432701   0.0000048719
   6.5096720229   0.0000135859   0.0001479680   0.0000058586
   6.5241058855   0.0000093250   0.0001497449   0.0000061242
   6.5385397480   0.0000067686   0.0001490550   0.0000051087
   6.5529736106   0.0000042004   0.0001464599   0.0000029987
   6.5674074732   0.0000005298   0.0001424867   0.0000005099
   6.5818413358  -0.0000044379   0.0001375053  -0.0000014516
   6.5962751984  -0.0000099854   0.0001316621  -0.0000021504
   6.6107090609  -0.0000147105   0.0001248834  -0.0000013073
   6.6251429235  -0.0000169267   0.0001169497   0.0000007597
   6.6395767861  -0.0000151298   0.0001076172   0.0000031697
   6.6540106487  -0.0000084084   0.0000967521   0.0000046690
   6.6684445112   0.0000033005   0.0000844388   0.0000039222
   6.6828783738   0.0000191670   0.0000710304  -0.0000001765
   6.6973122364   0.0000376384   0.0000571255  -0.0000082492
   6.7117460990   0.0000567702   0.0000434773  -0.0000202986
   6.7261799616   0.0000746324   0.0000308541  -0.0000357174
   6.7406138241   0.0000896903   0.0000198897  -0.0000534307
   6.7550476867   0.0001010734   0.0000109589  -0.0000721318
   6.7694815493   0.0001086777   0.0000041083  -0.0000905466
   6.7839154119   0.0001130916  -0.0000009409  -0.0001076660
   6.7983492745   0.0001153776  -0.0000047221  -0.0001228918
   6.8127831370   0.0001167737  -0.0000079017  -0.0001360725
   6.8272169996   0.0001183903  -0.0000111360  -0.0001474279
   6.8416508622   0.0001209760  -0.0000149362  -0.0001573928
   6.8560847248   0.0001247980  -0.0000195700  -0.0001664249
   6.8705185873   0.0001296580  -0.0000250139  -0.0001748306
   6.8849524499   0.0001350224  -0.0000309674  -0.0001826524
   6.8993863125   0.0001402256  -0.0000369224  -0.0001896450
   6.9138201751   0.0001446856  -0.0000422761  -0.0001953412
   6.9282540377   0.0001480751  -0.0000464665  -0.0001991856
   6.9426879002   0.0001504064  -0.0000491015  -0.0002006976
   6.9571217628   0.0001520147  -0.0000500544  -0.0001996181
   6.9715556254   0.0001534506  -0.0000494987  -0.0001960001
   6.9859894880   0.0001553193  -0.0000478712  -0.0001902202
   7.0004233506   0.0001581109  -0.0000457676  -0.0001829083
   7.0148572131   0.0001620705  -0.0000437968  -0.0001748145
   7.0292910757   0.0001671392  -0.0000424308  -0.0001666499
   7.0437249383   0.0001729795  -0.0000418944  -0.0001589406
   7.0581588009   0.0001790739  -0.0000421238  -0.0001519337
   7.0725926634   0.0001848693  -0.0000428081  -0.0001455762
   7.0870265260   0.0001899281  -0.0000434979  -0.0001395711
   7.1014603886   0.0001940458  -0.0000437485  -0.0001334923
   7.1158942512   0.0001973055  -0.0000432572  -0.0001269261
   7.1303281138   0.0002000539  -0.0000419550  -0.0001196023
   7.1447619763   0.0002028063  -0.0000400332  -0.0001114799
   7.1591958389   0.0002061049  -0.0000379028  -0.0001027708
   7.1736297015   0.0002103690  -0.0000361034  -0.0000938971
   7.1880635641   0.0002157779  -0.0000351869  -0.0000853974
   7.2024974266   0.0002222147  -0.0000356044  -0.0000778088
   7.2169312892   0.0002292868  -0.0000376183  -0.0000715534
   7.2313651518   0.0002364113  -0.0000412532  -0.0000668560
   7.2457990144   0.0002429405  -0.0000462921  -0.0000637098
   7.2602328770   0.0002482924  -0.0000523154  -0.0000618958
   7.2746667395   0.0002520524  -0.0000587754  -0.0000610459
   7.2891006021   0.0002540240  -0.0000650933  -0.0000607341
   7.3035344647   0.0002542216  -0.0000707598  -0.0000605711
   7.3179683273   0.0002528148  -0.0000754180  -0.0000602796
   7.3324021899   0.0002500445  -0.0000789091  -0.0000597323
   7.3468360524   0.0002461382  -0.0000812693  -0.0000589440
   7.3612699150   0.0002412452  -0.0000826780  -0.0000580248
   7.3757037776   0.0002354084  -0.0000833729  -0.0000571061
   7.3901376402   0.0002285744  -0.0000835583  -0.0000562660
   7.4045715027   0.0002206361  -0.0000833338  -0.0000554729
   7.4190053653   0.0002114912  -0.0000826656  -0.0000545671
   7.4334392279   0.0002011009  -0.0000814082  -0.0000532840
   7.4478730905   0.0001895298  -0.0000793683  -0.0000513133
   7.4623069531   0.0001769557  -0.0000763873  -0.0000483774
   7.4767408156   0.0001636469  -0.0000724168  -0.0000443052
   7.4911746782   0.0001499113  -0.0000675604  -0.0000390835
   7.5056085408   0.0001360296  -0.0000620700  -0.0000328687
   7.5200424034   0.0001221920  -0.0000562960  -0.0000259591
   7.5344762660   0.0001084549  -0.0000506081  -0.0000187321
   7.5489101285   0.0000947301  -0.0000453075  -0.0000115638
   7.5633439911   0.0000808149  -0.0000405580  -0.0000047499
   7.5777778537   0.0000664560  -0.0000363526   0.0000015534
   7.5922117163   0.0000514356  -0.0000325244   0.0000073539
   7.6066455788   0.0000356595  -0.0000287979   0.0000128078
   7.6210794414   0.0000192228  -0.0000248653   0.0000181670
   7.6355133040   0.0000024353  -0.0000204680   0.0000237020
   7.6499471666  -0.0000142058  -0.0000154614   0.0000296187
   7.6643810292  -0.0000300942  -0.0000098486   0.0000359909
   7.6788148917  -0.0000446289  -0.0000037767   0.0000427236
   7.6932487543  -0.0000573403   0.0000025003   0.0000495591
   7.7076826169  -0.0000679946   0.0000086780   0.0000561219
   7.7221164795  -0.0000766503   0.0000144637   0.0000619931
   7.7365503421  -0.0000836476   0.0000196278   0.0000667936
   7.7509842046  -0.0000895326   0.0000240371   0.0000702574
   7.7654180672  -0.0000949326   0.0000276673   0.0000722766
   7.7798519298  -0.0001004144   0.0000305952   0.0000729101
   7.7942857924  -0.0001063609   0.0000329754   0.0000723551
   7.8087196549  -0.0001128950   0.0000350042   0.0000708910
   7.8231535175  -0.0001198660   0.0000368767   0.0000688090
   7.8375873801  -0.0001268990   0.0000387445   0.0000663479
   7.8520212427  -0.0001334910   0.0000406827   0.0000636493
   7.8664551053  -0.0001391301   0.0000426748   0.0000607463
   7.8808889678  -0.0001434090   0.0000446232   0.0000575842
   7.8953228304  -0.0001461111   0.0000463811   0.0000540681
   7.9097566930  -0.0001472498   0.0000478008   0.0000501208
   7.9241905556  -0.0001470594   0.0000487825   0.0000457345
   7.9386244181  -0.0001459388   0.0000493089   0.0000410016
   7.9530582807  -0.0001443656   0.0000494549   0.0000361162
   7.9674921433  -0.0001427981   0.0000493655   0.0000313457
   7.9819260059  -0.0001415878   0.0000492113   0.0000269796
