   0.0000000000   0.0000000000   0.0000000000   0.0000000000
   0.0144338626   0.0000000000   0.0000000000   0.0000000000
   0.0288677252   0.0000000000   0.0000000000   0.0000000000
   0.0433015877   0.0000000000   0.0000000000   0.0000000000
   0.0577354503   0.0000000000   0.0000000000   0.0000000000
   0.0721693129   0.0000000000   0.0000000000   0.0000000000
   0.0866031755   0.0000000000   0.0000000000   0.0000000000
   0.1010370380   0.0000000000   0.0000000000   0.0000000000
   0.1154709006   0.0000000000   0.0000000000   0.0000000000
   0.1299047632   0.0000000000   0.0000000000   0.0000000000
   0.1443386258   0.0000000000   0.0000000000   0.0000000000
   0.1587724884   0.0000000000   0.0000000000   0.0000000000
   0.1732063509   0.0000000000   0.0000000000   0.0000000000
   0.1876402135   0.0000000000   0.0000000000   0.0000000000
   0.2020740761   0.0000000000  -0.0000000000   0.0000000000
   0.2165079387  -0.0000000000   0.0000000000  -0.0000000000
   0.2309418013  -0.0000000000   0.0000000000  -0.0000000000
   0.2453756638  -0.0000000000   0.0000000000  -0.0000000000
   0.2598095264  -0.0000000000   0.0000000000  -0.0000000000
   0.2742433890  -0.0000000000   0.0000000000  -0.0000000000
   0.2886772516  -0.0000000000   0.0000000000  -0.0000000000
   0.3031111141  -0.0000000000   0.0000000000  -0.0000000000
   0.3175449767  -0.0000000000   0.0000000000  -0.0000000000
   0.3319788393  -0.0000000000   0.0000000000  -0.0000000000
   0.3464127019  -0.0000000000  -0.0000000000  -0.0000000000
   0.3608465645  -0.0000000000  -0.0000000000  -0.0000000000
   0.3752804270  -0.0000000000  -0.0000000000  -0.0000000000
   0.3897142896   0.0000000000  -0.0000000000   0.0000000000
   0.4041481522   0.0000000000   0.0000000000   0.0000000000
   0.4185820148   0.0000000000   0.0000000000   0.0000000000
   0.4330158774   0.0000000000   0.0000000000   0.0000000000
   0.4474497399   0.0000000000   0.0000000000   0.0000000000
   0.4618836025  -0.0000000000   0.0000000000  -0.0000000000
   0.4763174651  -0.0000000000  -0.0000000000  -0.0000000000
   0.4907513277  -0.0000000000  -0.0000000000  -0.0000000000
   0.5051851902  -0.0000000000  -0.0000000000  -0.0000000000
   0.5196190528  -0.0000000000  -0.0000000000  -0.0000000000
   0.5340529154  -0.0000000000  -0.0000000000  -0.0000000000
   0.5484867780  -0.0000000000  -0.0000000000  -0.0000000000
   0.5629206406  -0.0000000000   0.0000000000  -0.0000000000
   0.5773545031  -0.0000000000   0.0000000000  -0.0000000000
   0.5917883657  -0.0000000000   0.0000000000  -0.0000000000
   0.6062222283   0.0000000000  -0.0000000000   0.0000000000
   0.6206560909   0.0000000000  -0.0000000000   0.0000000000
   0.6350899535   0.0000000000   0.0000000000   0.0000000000
   0.6495238160  -0.0000000000   0.0000000000  -0.0000000000
   0.6639576786  -0.0000000000   0.0000000000  -0.0000000000
   0.6783915412  -0.0000000000  -0.0000000000  -0.0000000000
   0.6928254038  -0.0000000000  -0.0000000000   0.0000000000
   0.7072592663  -0.0000000000   0.0000000000   0.0000000000
   0.7216931289   0.0000000000   0.0000000000  -0.0000000000
   0.7361269915   0.0000000000  -0.0000000000  -0.0000000000
   0.7505608541   0.0000000000  -0.0000000000  -0.0000000000
   0.7649947167  -0.0000000000  -0.0000000000   0.0000000000
   0.7794285792  -0.0000000000   0.0000000000   0.0000000000
   0.7938624418  -0.0000000000   0.0000000000   0.0000000000
   0.8082963044   0.0000000000  -0.0000000000  -0.0000000000
   0.8227301670   0.0000000000  -0.0000000000  -0.0000000000
   0.8371640296   0.0000000000  -0.0000000000  -0.0000000000
   0.8515978921  -0.0000000000   0.0000000000   0.0000000000
   0.8660317547  -0.0000000000   0.0000000000   0.0000000000
   0.8804656173   0.0000000000   0.0000000000   0.0000000000
   0.8948994799   0.0000000000  -0.0000000000  -0.0000000000
   0.9093333424   0.0000000000  -0.0000000000  -0.0000000000
   0.9237672050  -0.0000000000  -0.0000000000  -0.0000000000
   0.9382010676  -0.0000000000   0.0000000000   0.0000000000
   0.9526349302  -0.0000000000   0.0000000000   0.0000000000
   0.9670687928  -0.0000000000   0.0000000000   0.0000000000
   0.9815026553   0.0000000000  -0.0000000000  -0.0000000000
   0.9959365179   0.0000000000  -0.0000000000  -0.0000000000
   1.0103703805   0.0000000000  -0.0000000000  -0.0000000000
   1.0248042431  -0.0000000000   0.0000000000   0.0000000000
   1.0392381056  -0.0000000000   0.0000000000   0.0000000000
   1.0536719682  -0.0000000000   0.0000000000   0.0000000000
   1.0681058308   0.0000000000  -0.0000000000  -0.0000000000
   1.0825396934   0.0000000000  -0.0000000000  -0.0000000000
   1.0969735560   0.0000000000  -0.0000000000  -0.0000000000
   1.1114074185  -0.0000000000   0.0000000000   0.0000000000
   1.1258412811  -0.0000000000   0.0000000000   0.0000000000
   1.1402751437  -0.0000000000   0.0000000000   0.0000000000
   1.1547090063   0.0000000000  -0.0000000000  -0.0000000000
   1.1691428689   0.0000000000  -0.0000000000  -0.0000000000
   1.1835767314   0.0000000000  -0.0000000000  -0.0000000000
   1.1980105940  -0.0000000000   0.0000000000   0.0000000000
   1.2124444566  -0.0000000000   0.0000000000   0.0000000000
   1.2268783192  -0.0000000000   0.0000000000   0.0000000000
   1.2413121817   0.0000000000  -0.0000000000  -0.0000000000
   1.2557460443   0.0000000000  -0.0000000000  -0.0000000000
   1.2701799069   0.0000000000  -0.0000000000  -0.0000000000
   1.2846137695  -0.0000000000   0.0000000000   0.0000000000
   1.2990476321  -0.0000000000   0.0000000000   0.0000000000
   1.3134814946  -0.0000000000   0.0000000000   0.0000000000
   1.3279153572   0.0000000000  -0.0000000000  -0.0000000000
   1.3423492198   0.0000000000  -0.0000000000  -0.0000000000
   1.3567830824   0.0000000000  -0.0000000000  -0.0000000000
   1.3712169450   0.0000000000  -0.0000000000  -0.0000000000
   1.3856508075  -0.0000000000   0.0000000000   0.0000000000
   1.4000846701  -0.0000000000   0.0000000000   0.0000000000
   1.4145185327  -0.0000000000   0.0000000000   0.0000000000
   1.4289523953   0.0000000000  -0.0000000000  -0.0000000000
   1.4433862578   0.0000000000  -0.0000000000  -0.0000000000
   1.4578201204   0.0000000000  -0.0000000000  -0.0000000000
   1.4722539830  -0.0000000000   0.0000000000   0.0000000000
   1.4866878456  -0.0000000000   0.0000000000   0.0000000000
   1.5011217082  -0.0000000000   0.0000000000   0.0000000000
   1.5155555707   0.0000000000  -0.0000000000  -0.0000000000
   1.5299894333   0.0000000000  -0.0000000000  -0.0000000000
   1.5444232959   0.0000000000  -0.0000000000  -0.0000000000
   1.5588571585   0.0000000000   0.0000000000   0.0000000000
   1.5732910211  -0.0000000000   0.0000000000   0.0000000000
   1.5877248836  -0.0000000000   0.0000000000   0.0000000000
   1.6021587462  -0.0000000000   0.0000000000   0.0000000000
   1.6165926088   0.0000000000  -0.0000000000  -0.0000000000
   1.6310264714   0.0000000000  -0.0000000000  -0.0000000000
   1.6454603339   0.0000000000  -0.0000000000  -0.0000000000
   1.6598941965  -0.0000000000   0.0000000000   0.0000000000
   1.6743280591  -0.0000000000   0.0000000000   0.0000000000
   1.6887619217  -0.0000000000   0.0000000000   0.0000000000
   1.7031957843   0.0000000000  -0.0000000000  -0.0000000000
   1.7176296468   0.0000000000  -0.0000000000  -0.0000000000
   1.7320635094   0.0000000000  -0.0000000000  -0.0000000000
   1.7464973720   0.0000000000   0.0000000000   0.0000000000
   1.7609312346  -0.0000000000   0.0000000000   0.0000000000
   1.7753650971  -0.0000000000   0.0000000000   0.0000000000
   1.7897989597  -0.0000000000   0.0000000000   0.0000000000
   1.8042328223   0.0000000000  -0.0000000000  -0.0000000000
   1.8186666849   0.0000000000  -0.0000000000  -0.0000000000
   1.8331005475   0.0000000000  -0.0000000000  -0.0000000000
   1.8475344100  -0.0000000000   0.0000000000   0.0000000000
   1.8619682726  -0.0000000000   0.0000000000   0.0000000000
   1.8764021352  -0.0000000000   0.0000000000   0.0000000000
   1.8908359978   0.0000000000  -0.0000000000  -0.0000000000
   1.9052698604   0.0000000000  -0.0000000000  -0.0000000000
   1.9197037229   0.0000000000  -0.0000000000  -0.0000000000
   1.9341375855   0.0000000000  -0.0000000000   0.0000000000
   1.9485714481  -0.0000000000   0.0000000000   0.0000000000
   1.9630053107  -0.0000000000   0.0000000000   0.0000000000
   1.9774391732  -0.0000000000   0.0000000000   0.0000000000
   1.9918730358   0.0000000000  -0.0000000000  -0.0000000000
   2.0063068984   0.0000000000  -0.0000000000  -0.0000000000
   2.0207407610   0.0000000000  -0.0000000000  -0.0000000000
   2.0351746236  -0.0000000000   0.0000000000   0.0000000000
   2.0496084861  -0.0000000000   0.0000000000   0.0000000000
   2.0640423487  -0.0000000000   0.0000000000   0.0000000000
   2.0784762113  -0.0000000000   0.0000000000  -0.0000000000
   2.0929100739   0.0000000000  -0.0000000000  -0.0000000000
   2.1073439365   0.0000000000  -0.0000000000  -0.0000000000
   2.1217777990   0.0000000000  -0.0000000000   0.0000000000
   2.1362116616  -0.0000000000   0.0000000000   0.0000000000
   2.1506455242  -0.0000000000   0.0000000000   0.0000000000
   2.1650793868  -0.0000000000   0.0000000000   0.0000000000
   2.1795132493   0.0000000000  -0.0000000000  -0.0000000000
   2.1939471119   0.0000000000  -0.0000000000  -0.0000000000
   2.2083809745   0.0000000000  -0.0000000000  -0.0000000000
   2.2228148371   0.0000000000  -0.0000000000   0.0000000000
   2.2372486997  -0.0000000000   0.0000000000   0.0000000000
   2.2516825622  -0.0000000000   0.0000000000   0.0000000000
   2.2661164248  -0.0000000000   0.0000000000  -0.0000000000
   2.2805502874   0.0000000000  -0.0000000000  -0.0000000000
   2.2949841500   0.0000000000  -0.0000000000  -0.0000000000
   2.3094180126   0.0000000000  -0.0000000000   0.0000000000
   2.3238518751   0.0000000000  -0.0000000000   0.0000000000
   2.3382857377  -0.0000000000   0.0000000000   0.0000000000
   2.3527196003  -0.0000000000   0.0000000000  -0.0000000000
   2.3671534629  -0.0000000000   0.0000000000  -0.0000000000
   2.3815873254   0.0000000000  -0.0000000000   0.0000000000
   2.3960211880   0.0000000000  -0.0000000000   0.0000000000
   2.4104550506   0.0000000000  -0.0000000000   0.0000000000
   2.4248889132  -0.0000000000   0.0000000000  -0.0000000000
   2.4393227758  -0.0000000000   0.0000000000  -0.0000000000
   2.4537566383  -0.0000000000   0.0000000000  -0.0000000000
   2.4681905009   0.0000000000  -0.0000000000   0.0000000000
   2.4826243635   0.0000000000  -0.0000000000   0.0000000000
   2.4970582261   0.0000000000  -0.0000000000   0.0000000000
   2.5114920887  -0.0000000000   0.0000000000  -0.0000000000
   2.5259259512  -0.0000000000   0.0000000000  -0.0000000000
   2.5403598138  -0.0000000000   0.0000000000  -0.0000000000
   2.5547936764   0.0000000000  -0.0000000000   0.0000000000
   2.5692275390   0.0000000000  -0.0000000000   0.0000000000
   2.5836614015   0.0000000000  -0.0000000000   0.0000000000
   2.5980952641  -0.0000000000   0.0000000000  -0.0000000000
   2.6125291267  -0.0000000000   0.0000000000  -0.0000000000
   2.6269629893  -0.0000000000   0.0000000000  -0.0000000000
   2.6413968519   0.0000000000  -0.0000000000   0.0000000000
   2.6558307144   0.0000000000  -0.0000000000   0.0000000000
   2.6702645770   0.0000000000  -0.0000000000   0.0000000000
   2.6846984396  -0.0000000000   0.0000000000  -0.0000000000
   2.6991323022  -0.0000000000   0.0000000000  -0.0000000000
   2.7135661647  -0.0000000000   0.0000000000  -0.0000000000
   2.7280000273   0.0000000000  -0.0000000000   0.0000000000
   2.7424338899   0.0000000000  -0.0000000000   0.0000000000
   2.7568677525   0.0000000000  -0.0000000000   0.0000000000
   2.7713016151  -0.0000000000   0.0000000000  -0.0000000000
   2.7857354776  -0.0000000000   0.0000000000  -0.0000000000
   2.8001693402  -0.0000000000   0.0000000000  -0.0000000000
   2.8146032028   0.0000000000  -0.0000000000   0.0000000000
   2.8290370654   0.0000000000  -0.0000000000   0.0000000000
   2.8434709280   0.0000000000  -0.0000000000   0.0000000000
   2.8579047905  -0.0000000000   0.0000000000  -0.0000000000
   2.8723386531  -0.0000000000   0.0000000000  -0.0000000000
   2.8867725157  -0.0000000000   0.0000000000  -0.0000000000
   2.9012063783   0.0000000000  -0.0000000000   0.0000000000
   2.9156402408   0.0000000000  -0.0000000000   0.0000000000
   2.9300741034   0.0000000000  -0.0000000000   0.0000000000
   2.9445079660  -0.0000000000   0.0000000000  -0.0000000000
   2.9589418286  -0.0000000000   0.0000000000  -0.0000000000
   2.9733756912  -0.0000000000   0.0000000000  -0.0000000000
   2.9878095537   0.0000000000   0.0000000000   0.0000000000
   3.0022434163   0.0000000000  -0.0000000000   0.0000000000
   3.0166772789   0.0000000000  -0.0000000000   0.0000000000
   3.0311111415  -0.0000000000  -0.0000000000  -0.0000000000
   3.0455450041  -0.0000000000   0.0000000000  -0.0000000000
   3.0599788666  -0.0000000000   0.0000000000  -0.0000000000
   3.0744127292  -0.0000000000   0.0000000000  -0.0000000000
   3.0888465918   0.0000000000  -0.0000000000   0.0000000000
   3.1032804544   0.0000000000  -0.0000000000   0.0000000000
   3.1177143169   0.0000000000  -0.0000000000   0.0000000000
   3.1321481795  -0.0000000000   0.0000000000  -0.0000000000
   3.1465820421  -0.0000000000   0.0000000000  -0.0000000000
   3.1610159047  -0.0000000000   0.0000000000  -0.0000000000
   3.1754497673   0.0000000000  -0.0000000000   0.0000000000
   3.1898836298   0.0000000000  -0.0000000000   0.0000000000
   3.2043174924   0.0000000000  -0.0000000000   0.0000000000
   3.2187513550  -0.0000000000   0.0000000000  -0.0000000000
   3.2331852176  -0.0000000000   0.0000000000  -0.0000000000
   3.2476190802  -0.0000000000   0.0000000000  -0.0000000000
   3.2620529427   0.0000000000   0.0000000000   0.0000000000
   3.2764868053   0.0000000000  -0.0000000000   0.0000000000
   3.2909206679   0.0000000000  -0.0000000000   0.0000000000
   3.3053545305   0.0000000000  -0.0000000000   0.0000000000
   3.3197883930  -0.0000000000   0.0000000000  -0.0000000000
   3.3342222556  -0.0000000000   0.0000000000  -0.0000000000
   3.3486561182  -0.0000000000   0.0000000000  -0.0000000000
   3.3630899808   0.0000000000  -0.0000000000   0.0000000000
   3.3775238434   0.0000000000  -0.0000000000   0.0000000000
   3.3919577059   0.0000000000  -0.0000000000   0.0000000000
   3.4063915685  -0.0000000000   0.0000000000  -0.0000000000
   3.4208254311  -0.0000000000   0.0000000000  -0.0000000000
   3.4352592937  -0.0000000000   0.0000000000  -0.0000000000
   3.4496931563  -0.0000000000   0.0000000000  -0.0000000000
   3.4641270188   0.0000000000  -0.0000000000   0.0000000000
   3.4785608814   0.0000000000  -0.0000000000   0.0000000000
   3.4929947440   0.0000000000  -0.0000000000   0.0000000000
   3.5074286066  -0.0000000000   0.0000000000  -0.0000000000
   3.5218624691  -0.0000000000   0.0000000000  -0.0000000000
   3.5362963317  -0.0000000000   0.0000000000  -0.0000000000
   3.5507301943   0.0000000000  -0.0000000000   0.0000000000
   3.5651640569   0.0000000000  -0.0000000000   0.0000000000
   3.5795979195   0.0000000000  -0.0000000000   0.0000000000
   3.5940317820   0.0000000000  -0.0000000000   0.0000000000
   3.6084656446  -0.0000000000   0.0000000000  -0.0000000000
   3.6228995072  -0.0000000000   0.0000000000  -0.0000000000
   3.6373333698  -0.0000000000   0.0000000000  -0.0000000000
   3.6517672323   0.0000000000  -0.0000000000   0.0000000000
   3.6662010949   0.0000000000  -0.0000000000   0.0000000000
   3.6806349575   0.0000000000  -0.0000000000   0.0000000000
   3.6950688201  -0.0000000000  -0.0000000000  -0.0000000000
   3.7095026827  -0.0000000000   0.0000000000  -0.0000000000
   3.7239365452  -0.0000000000   0.0000000000  -0.0000000000
   3.7383704078  -0.0000000000   0.0000000000  -0.0000000000
   3.7528042704   0.0000000001  -0.0000000000   0.0000000001
   3.7672381330   0.0000000001  -0.0000000001   0.0000000001
   3.7816719956   0.0000000001  -0.0000000001   0.0000000001
   3.7961058581  -0.0000000001  -0.0000000000  -0.0000000001
   3.8105397207  -0.0000000003   0.0000000001  -0.0000000003
   3.8249735833  -0.0000000004   0.0000000002  -0.0000000005
   3.8394074459  -0.0000000002   0.0000000001  -0.0000000002
   3.8538413084   0.0000000006  -0.0000000001   0.0000000006
   3.8682751710   0.0000000013  -0.0000000005   0.0000000014
   3.8827090336   0.0000000011  -0.0000000006   0.0000000012
   3.8971428962  -0.0000000004  -0.0000000001  -0.0000000005
   3.9115767588  -0.0000000029   0.0000000010  -0.0000000031
   3.9260106213  -0.0000000042   0.0000000019  -0.0000000044
   3.9404444839  -0.0000000019   0.0000000015  -0.0000000020
   3.9548783465   0.0000000044  -0.0000000009   0.0000000047
   3.9693122091   0.0000000110  -0.0000000043   0.0000000117
   3.9837460717   0.0000000110  -0.0000000058   0.0000000117
   3.9981799342  -0.0000000007  -0.0000000022  -0.0000000008
   4.0126137968  -0.0000000208   0.0000000066  -0.0000000224
   4.0270476594  -0.0000000348   0.0000000153  -0.0000000373
   4.0414815220  -0.0000000233   0.0000000148  -0.0000000247
   4.0559153845   0.0000000209  -0.0000000012   0.0000000228
   4.0703492471   0.0000000767  -0.0000000281   0.0000000826
   4.0847831097   0.0000000965  -0.0000000467   0.0000001033
   4.0992169723   0.0000000346  -0.0000000324   0.0000000361
   4.1136508349  -0.0000001056   0.0000000243  -0.0000001149
   4.1280846974  -0.0000002420   0.0000000977  -0.0000002608
   4.1425185600  -0.0000002405   0.0000001286  -0.0000002572
   4.1569524226  -0.0000000094   0.0000000585  -0.0000000063
   4.1713862852   0.0000003864  -0.0000001147   0.0000004204
   4.1858201478   0.0000006869  -0.0000002979   0.0000007410
   4.2002540103   0.0000005550  -0.0000003291   0.0000005921
   4.2146878729  -0.0000001638  -0.0000000821  -0.0000001896
   4.2291217355  -0.0000011922   0.0000003977  -0.0000012992
   4.2435555981  -0.0000018126   0.0000008302  -0.0000019573
   4.2579894606  -0.0000012392   0.0000008087  -0.0000013165
   4.2724233232   0.0000007427   0.0000000781   0.0000008435
   4.2868571858   0.0000032753  -0.0000011612   0.0000035782
   4.3012910484   0.0000045612  -0.0000021671   0.0000049312
   4.3157249110   0.0000028444  -0.0000019759   0.0000030097
   4.3301587735  -0.0000021412  -0.0000000693  -0.0000024400
   4.3445926361  -0.0000081938   0.0000029746  -0.0000089839
   4.3590264987  -0.0000111374   0.0000053747  -0.0000120645
   4.3734603613  -0.0000070833   0.0000049266  -0.0000074897
   4.3878942239   0.0000044740   0.0000004805   0.0000051948
   4.4023280864   0.0000186911  -0.0000066865   0.0000206026
   4.4167619490   0.0000264763  -0.0000126680   0.0000287779
   4.4311958116   0.0000191299  -0.0000125464   0.0000203253
   4.4456296742  -0.0000053440  -0.0000034326  -0.0000066966
   4.4600635367  -0.0000379973   0.0000126262  -0.0000422354
   4.4744973993  -0.0000604416   0.0000279182  -0.0000660576
   4.4889312619  -0.0000531986   0.0000318389  -0.0000570374
   4.5033651245  -0.0000078818   0.0000166352  -0.0000065148
   4.5177989871   0.0000632330  -0.0000165007   0.0000714047
   4.5322328496   0.0001270644  -0.0000546888   0.0001400405
   4.5466667122   0.0001421139  -0.0000767746   0.0001540685
   4.5611005748   0.0000799490  -0.0000628681   0.0000832108
   4.5755344374  -0.0000538529  -0.0000063972  -0.0000650317
   4.5899682999  -0.0002111698   0.0000773770  -0.0002366043
   4.6044021625  -0.0003133215   0.0001521172  -0.0003447508
   4.6188360251  -0.0002828468   0.0001727211  -0.0003053391
   4.6332698877  -0.0000841364   0.0001060848  -0.0000813708
   4.6477037503   0.0002446223  -0.0000476828   0.0002826442
   4.6621376128   0.0005850077  -0.0002435229   0.0006546604
   4.6765714754   0.0007655717  -0.0003966832   0.0008458977
   4.6910053380   0.0006172949  -0.0004062820   0.0006720946
   4.7054392006   0.0000390982  -0.0001908470   0.0000250317
   4.7198730632  -0.0009511429   0.0002763830  -0.0010724955
   4.7343069257  -0.0022013482   0.0009460403  -0.0024511665
   4.7487407883  -0.0034548676   0.0016947874  -0.0038285719
   4.7631746509  -0.0044177085   0.0023526888  -0.0048832012
   4.7776085135  -0.0048419168   0.0027483220  -0.0053453729
   4.7920423760  -0.0045974586   0.0027575282  -0.0050750081
   4.8064762386  -0.0037090826   0.0023401503  -0.0041009120
   4.8209101012  -0.0023472652   0.0015531610  -0.0026101002
   4.8353439638  -0.0007782706   0.0005365774  -0.0008930086
   4.8497778264   0.0007086076  -0.0005226231   0.0007355889
   4.8642116889   0.0018729660  -0.0014369254   0.0020143180
   4.8786455515   0.0025737458  -0.0020613200   0.0027894753
   4.8930794141   0.0027869965  -0.0023217464   0.0030339963
   4.9075132767   0.0025912169  -0.0022232917   0.0028316417
   4.9219471393   0.0021298877  -0.0018388619   0.0023368064
   4.9363810018   0.0015654011  -0.0012840915   0.0017251092
   4.9508148644   0.0010380676  -0.0006867734   0.0011492610
   4.9652487270   0.0006395938  -0.0001589235   0.0007101983
   4.9796825896   0.0004045352   0.0002226171   0.0004473233
   4.9941164521   0.0003177218   0.0004243494   0.0003459398
   5.0085503147   0.0003319155   0.0004535681   0.0003559537
   5.0229841773   0.0003885801   0.0003480177   0.0004142751
   5.0374180399   0.0004355317   0.0001618444   0.0004641086
   5.0518519025   0.0004377053  -0.0000482006   0.0004668737
   5.0662857650   0.0003802732  -0.0002334697   0.0004057666
   5.0807196276   0.0002657972  -0.0003597725   0.0002827617
   5.0951534902   0.0001082791  -0.0004095207   0.0001122381
   5.1095873528  -0.0000731800  -0.0003806669  -0.0000857435
   5.1240212154  -0.0002593992  -0.0002836743  -0.0002906698
   5.1384550779  -0.0004342167  -0.0001375614  -0.0004847746
   5.1528889405  -0.0005858079   0.0000342359  -0.0006544907
   5.1673228031  -0.0007066285   0.0002076669  -0.0007906307
   5.1817566657  -0.0007924417   0.0003611425  -0.0008876962
   5.1961905282  -0.0008409390   0.0004776351  -0.0009426903
   5.2106243908  -0.0008505481   0.0005457586  -0.0009539302
   5.2250582534  -0.0008199535   0.0005600166  -0.0009203934
   5.2394921160  -0.0007485275   0.0005205238  -0.0008419008
   5.2539259786  -0.0006373747   0.0004324432  -0.0007199683
   5.2683598411  -0.0004903529   0.0003052045  -0.0005587689
   5.2827937037  -0.0003144648   0.0001514327  -0.0003656106
   5.2972275663  -0.0001194185  -0.0000144556  -0.0001506771
   5.3116614289   0.0000833900  -0.0001778625   0.0000738009
   5.3260952914   0.0002820117  -0.0003255460   0.0002945845
   5.3405291540   0.0004648839  -0.0004468048   0.0004984503
   5.3549630166   0.0006215698  -0.0005341879   0.0006732178
   5.3693968792   0.0007434653  -0.0005837968   0.0008088691
   5.3838307418   0.0008245550  -0.0005953137   0.0008986615
   5.3982646043   0.0008620651  -0.0005718108   0.0009398959
   5.4126984669   0.0008567420  -0.0005192764   0.0009339940
   5.4271323295   0.0008126031  -0.0004457929   0.0008858440
   5.4415661921   0.0007362622  -0.0003604370   0.0008027689
   5.4560000547   0.0006361052  -0.0002721431   0.0006936176
   5.4704339172   0.0005215407  -0.0001888030   0.0005682390
   5.4848677798   0.0004023417  -0.0001167350   0.0004371600
   5.4993016424   0.0002879493  -0.0000604423   0.0003110384
   5.5137355050   0.0001866542  -0.0000224835   0.0001996236
   5.5281693675   0.0001047664  -0.0000033639   0.0001104098
   5.5426032301   0.0000460253  -0.0000015326   0.0000475370
   5.5570370927   0.0000114461  -0.0000136563   0.0000114663
   5.5714709553  -0.0000004151  -0.0000352349  -0.0000004525
   5.5859048179   0.0000070202  -0.0000614143   0.0000071203
   5.6003386804   0.0000288457  -0.0000877112   0.0000286035
   5.6147725430   0.0000591408  -0.0001104326   0.0000582234
   5.6292064056   0.0000915500  -0.0001267852   0.0000903984
   5.6436402682   0.0001200845  -0.0001348565   0.0001200323
   5.6580741308   0.0001400586  -0.0001336567   0.0001428975
   5.6725079933   0.0001488515  -0.0001232580   0.0001560598
   5.6869418559   0.0001461599  -0.0001048966   0.0001581350
   5.7013757185   0.0001336169  -0.0000808687   0.0001492382
   5.7158095811   0.0001139769  -0.0000541713   0.0001306945
   5.7302434436   0.0000902528  -0.0000279931   0.0001047144
   5.7446773062   0.0000651371  -0.0000052277   0.0000741703
   5.7591111688   0.0000407976   0.0000118819   0.0000424133
   5.7735450314   0.0000189107   0.0000219599   0.0000129545
   5.7879788940   0.0000007419   0.0000246155  -0.0000110667
   5.8024127565  -0.0000128202   0.0000204559  -0.0000274732
   5.8168466191  -0.0000212429   0.0000109441  -0.0000353998
   5.8312804817  -0.0000242924  -0.0000019291  -0.0000352069
   5.8457143443  -0.0000219779  -0.0000160855  -0.0000280571
   5.8601482069  -0.0000145987  -0.0000297445  -0.0000154829
   5.8745820694  -0.0000029417  -0.0000415970   0.0000007639
   5.8890159320   0.0000114919  -0.0000507449   0.0000185796
   5.9034497946   0.0000264668  -0.0000565328   0.0000353908
   5.9178836572   0.0000393739  -0.0000584597   0.0000483789
   5.9323175197   0.0000479063  -0.0000562650   0.0000551168
   5.9467513823   0.0000507397  -0.0000501252   0.0000543286
   5.9611852449   0.0000478621  -0.0000407951   0.0000463475
   5.9756191075   0.0000403919  -0.0000295546   0.0000330178
   5.9900529701   0.0000300324  -0.0000179648   0.0000171284
   6.0044868326   0.0000184885  -0.0000075528   0.0000016876
   6.0189206952   0.0000071211   0.0000004312  -0.0000106889
   6.0333545578  -0.0000031082   0.0000051314  -0.0000182071
   6.0477884204  -0.0000115411   0.0000061306  -0.0000202041
   6.0622222830  -0.0000177381   0.0000034966  -0.0000173398
   6.0766561455  -0.0000214547  -0.0000021600  -0.0000115172
   6.0910900081  -0.0000226196  -0.0000097027  -0.0000053583
   6.1055238707  -0.0000212626  -0.0000176560  -0.0000012818
   6.1199577333  -0.0000174462  -0.0000245646  -0.0000005530
   6.1343915958  -0.0000113112  -0.0000293931  -0.0000028166
   6.1488254584  -0.0000032811  -0.0000317693  -0.0000064024
   6.1632593210   0.0000056978  -0.0000319530  -0.0000092380
   6.1776931836   0.0000141060  -0.0000305702  -0.0000098357
   6.1921270462   0.0000201415  -0.0000282852  -0.0000078237
   6.2065609087   0.0000222843  -0.0000255884  -0.0000038464
   6.2209947713   0.0000198646  -0.0000227662   0.0000009206
   6.2354286339   0.0000133439  -0.0000199867   0.0000052341
   6.2498624965   0.0000041880  -0.0000173899   0.0000079961
   6.2642963590  -0.0000055662  -0.0000151177   0.0000083008
   6.2787302216  -0.0000138330  -0.0000133048   0.0000055557
   6.2931640842  -0.0000189249  -0.0000120805  -0.0000002212
   6.3075979468  -0.0000198885  -0.0000115902  -0.0000081006
   6.3220318094  -0.0000167464  -0.0000119913  -0.0000162511
   6.3364656719  -0.0000106041  -0.0000133793  -0.0000224253
   6.3508995345  -0.0000034889  -0.0000156694  -0.0000247637
   6.3653333971   0.0000021852  -0.0000185272  -0.0000225151
   6.3797672597   0.0000044467  -0.0000214280  -0.0000163152
   6.3942011223   0.0000025741  -0.0000238379  -0.0000079361
   6.4086349848  -0.0000025298  -0.0000254035   0.0000002975
   6.4230688474  -0.0000086453  -0.0000260300   0.0000061442
   6.4375027100  -0.0000131324  -0.0000258138   0.0000079694
   6.4519365726  -0.0000140124  -0.0000249159   0.0000051412
   6.4663704351  -0.0000107484  -0.0000234967  -0.0000017041
   6.4808042977  -0.0000044199  -0.0000217613  -0.0000106448
   6.4952381603   0.0000027100  -0.0000200371  -0.0000188879
   6.5096720229   0.0000080008  -0.0000187587  -0.0000236605
   6.5241058855   0.0000093124  -0.0000183025  -0.0000233119
   6.5385397480   0.0000057113  -0.0000187576  -0.0000181043
   6.5529736106  -0.0000021590  -0.0000198059  -0.0000102223
   6.5674074732  -0.0000121564  -0.0000208355  -0.0000029091
   6.5818413358  -0.0000212190  -0.0000212550   0.0000008778
   6.5962751984  -0.0000263524  -0.0000208311  -0.0000003525
   6.6107090609  -0.0000257271  -0.0000198444  -0.0000061218
   6.6251429235  -0.0000194420  -0.0000189689  -0.0000142729
   6.6395767861  -0.0000095735  -0.0000189508  -0.0000218018
   6.6540106487   0.0000005767  -0.0000202596  -0.0000258506
   6.6684445112   0.0000077331  -0.0000228794  -0.0000245808
   6.6828783738   0.0000098523  -0.0000263025  -0.0000177867
   6.6973122364   0.0000067777  -0.0000296948  -0.0000071346
   6.7117460990   0.0000001333  -0.0000321516   0.0000041310
   6.7261799616  -0.0000074052  -0.0000329728   0.0000121152
   6.7406138241  -0.0000131089  -0.0000318995   0.0000136790
   6.7550476867  -0.0000151014  -0.0000292464   0.0000078125
   6.7694815493  -0.0000129233  -0.0000258597  -0.0000037063
   6.7839154119  -0.0000076382  -0.0000228653  -0.0000168210
   6.7983492745  -0.0000014579  -0.0000212645  -0.0000267640
   6.8127831370   0.0000030353  -0.0000215394  -0.0000300002
   6.8272169996   0.0000038567  -0.0000234624  -0.0000256491
   6.8416508622   0.0000004321  -0.0000262182  -0.0000157592
   6.8560847248  -0.0000061096  -0.0000287827  -0.0000043868
   6.8705185873  -0.0000133460  -0.0000303641   0.0000040386
   6.8849524499  -0.0000185370  -0.0000306874   0.0000063638
   6.8993863125  -0.0000197371  -0.0000300162   0.0000017961
   6.9138201751  -0.0000165426  -0.0000289544  -0.0000078712
   6.9282540377  -0.0000101668  -0.0000281727  -0.0000189020
   6.9426879002  -0.0000028719  -0.0000281840  -0.0000269307
   6.9571217628   0.0000029296  -0.0000292169  -0.0000285658
   6.9715556254   0.0000055123  -0.0000311701  -0.0000227541
   6.9859894880   0.0000043361  -0.0000336290  -0.0000113494
   7.0004233506   0.0000001156  -0.0000359607   0.0000014641
   7.0148572131  -0.0000054871  -0.0000375050   0.0000107806
   7.0292910757  -0.0000104272  -0.0000378278   0.0000129866
   7.0437249383  -0.0000129547  -0.0000369280   0.0000072872
   7.0581588009  -0.0000122234  -0.0000352770  -0.0000039660
   7.0725926634  -0.0000086209  -0.0000336447  -0.0000162920
   7.0870265260  -0.0000036526  -0.0000327883  -0.0000249483
   7.1014603886   0.0000006370  -0.0000331592  -0.0000267960
   7.1158942512   0.0000024995  -0.0000347611  -0.0000214001
   7.1303281138   0.0000012190  -0.0000371960  -0.0000110251
   7.1447619763  -0.0000025926  -0.0000398387   0.0000003321
   7.1591958389  -0.0000072780  -0.0000420486   0.0000084240
   7.1736297015  -0.0000108525  -0.0000433555   0.0000102361
   7.1880635641  -0.0000118203  -0.0000435949   0.0000050402
   7.2024974266  -0.0000097418  -0.0000429749  -0.0000052917
   7.2169312892  -0.0000053574  -0.0000420399  -0.0000168606
   7.2313651518  -0.0000002784  -0.0000415048  -0.0000251055
   7.2457990144   0.0000035968  -0.0000419853  -0.0000265470
   7.2602328770   0.0000047397  -0.0000437265  -0.0000202385
   7.2746667395   0.0000025384  -0.0000464656  -0.0000082623
   7.2891006021  -0.0000024176  -0.0000495144   0.0000050271
   7.3035344647  -0.0000084262  -0.0000520411   0.0000147258
   7.3179683273  -0.0000131726  -0.0000534233   0.0000173076
   7.3324021899  -0.0000145291  -0.0000535100   0.0000119098
   7.3468360524  -0.0000113907  -0.0000526803   0.0000004891
   7.3612699150  -0.0000042028  -0.0000516829  -0.0000130749
   7.3757037776   0.0000050678  -0.0000513390  -0.0000244211
   7.3901376402   0.0000135364  -0.0000522321  -0.0000300893
   7.4045715027   0.0000183396  -0.0000545031  -0.0000284337
   7.4190053653   0.0000175472  -0.0000578186  -0.0000199261
   7.4334392279   0.0000107425  -0.0000615122  -0.0000068888
   7.4478730905  -0.0000008506  -0.0000648401   0.0000072343
   7.4623069531  -0.0000146421  -0.0000672551   0.0000188931
   7.4767408156  -0.0000272232  -0.0000685975   0.0000254480
   7.4911746782  -0.0000350738  -0.0000691369   0.0000258245
   7.5056085408  -0.0000353421  -0.0000694486   0.0000205308
   7.5200424034  -0.0000265864  -0.0000701713   0.0000110633
   7.5344762660  -0.0000093186  -0.0000717403  -0.0000009230
   7.5489101285   0.0000138249  -0.0000742064  -0.0000141492
   7.5633439911   0.0000383913  -0.0000772264  -0.0000276161
   7.5777778537   0.0000588695  -0.0000802411  -0.0000399876
   7.5922117163   0.0000697522  -0.0000827690  -0.0000489629
   7.6066455788   0.0000667046  -0.0000846788  -0.0000512229
   7.6210794414   0.0000476625  -0.0000863046  -0.0000432326
   7.6355133040   0.0000136922  -0.0000883380  -0.0000226986
   7.6499471666  -0.0000305674  -0.0000915404   0.0000098900
   7.6643810292  -0.0000771075  -0.0000964024   0.0000502905
   7.6788148917  -0.0001155861  -0.0001028924   0.0000905684
   7.6932487543  -0.0001352289  -0.0001103887   0.0001203434
   7.7076826169  -0.0001273413  -0.0001178122   0.0001290664
   7.7221164795  -0.0000878832  -0.0001239165   0.0001089128
   7.7365503421  -0.0000193967  -0.0001276608   0.0000576336
   7.7509842046   0.0000683607  -0.0001285744  -0.0000194649
   7.7654180672   0.0001594448  -0.0001270127  -0.0001092335
   7.7798519298   0.0002343840  -0.0001242072  -0.0001925769
   7.7942857924   0.0002740292  -0.0001220517  -0.0002483960
   7.8087196549   0.0002638516  -0.0001226547  -0.0002587052
   7.8231535175   0.0001977731  -0.0001277791  -0.0002135522
   7.8375873801   0.0000806256  -0.0001383517  -0.0001143302
   7.8520212427  -0.0000714769  -0.0001541970   0.0000254705
   7.8664551053  -0.0002331748  -0.0001740606   0.0001822885
   7.8808889678  -0.0003740968  -0.0001958810   0.0003267911
   7.8953228304  -0.0004645185  -0.0002171997   0.0004294670
   7.9097566930  -0.0004812729  -0.0002355992   0.0004663504
   7.9241905556  -0.0004126364  -0.0002490990   0.0004237650
   7.9386244181  -0.0002611636  -0.0002564795   0.0003012007
   7.9530582807  -0.0000439341  -0.0002575199   0.0001117847
   7.9674921433   0.0002097536  -0.0002531257  -0.0001197042
   7.9819260059   0.0004627332  -0.0002453105  -0.0003607927
