   0.0000000000   0.0000000000   0.0000000000   0.0000000000
   0.0144338626   0.0000000000   0.0000000000   0.0000000000
   0.0288677252   0.0000000000   0.0000000000   0.0000000000
   0.0433015877   0.0000000000   0.0000000000   0.0000000000
   0.0577354503   0.0000000000   0.0000000000   0.0000000000
   0.0721693129   0.0000000000   0.0000000000   0.0000000000
   0.0866031755   0.0000000000   0.0000000000   0.0000000000
   0.1010370380  -0.0000000000   0.0000000000  -0.0000000000
   0.1154709006  -0.0000000000   0.0000000000  -0.0000000000
   0.1299047632  -0.0000000000   0.0000000000  -0.0000000000
   0.1443386258  -0.0000000000   0.0000000000  -0.0000000000
   0.1587724884  -0.0000000000   0.0000000000  -0.0000000000
   0.1732063509  -0.0000000000   0.0000000000  -0.0000000000
   0.1876402135  -0.0000000000   0.0000000000  -0.0000000000
   0.2020740761  -0.0000000000  -0.0000000000  -0.0000000000
   0.2165079387  -0.0000000000  -0.0000000000  -0.0000000000
   0.2309418013  -0.0000000000  -0.0000000000  -0.0000000000
   0.2453756638   0.0000000000   0.0000000000   0.0000000000
   0.2598095264   0.0000000000   0.0000000000   0.0000000000
   0.2742433890   0.0000000000   0.0000000000   0.0000000000
   0.2886772516   0.0000000000   0.0000000000   0.0000000000
   0.3031111141  -0.0000000000   0.0000000000  -0.0000000000
   0.3175449767  -0.0000000000   0.0000000000  -0.0000000000
   0.3319788393  -0.0000000000  -0.0000000000  -0.0000000000
   0.3464127019  -0.0000000000  -0.0000000000  -0.0000000000
   0.3608465645   0.0000000000  -0.0000000000   0.0000000000
   0.3752804270   0.0000000000  -0.0000000000   0.0000000000
   0.3897142896   0.0000000000  -0.0000000000  -0.0000000000
   0.4041481522   0.0000000000   0.0000000000  -0.0000000000
   0.4185820148  -0.0000000000   0.0000000000  -0.0000000000
   0.4330158774  -0.0000000000   0.0000000000   0.0000000000
   0.4474497399  -0.0000000000  -0.0000000000   0.0000000000
   0.4618836025   0.0000000000  -0.0000000000  -0.0000000000
   0.4763174651   0.0000000000  -0.0000000000  -0.0000000000
   0.4907513277   0.0000000000   0.0000000000  -0.0000000000
   0.5051851902  -0.0000000000   0.0000000000   0.0000000000
   0.5196190528  -0.0000000000   0.0000000000   0.0000000000
   0.5340529154  -0.0000000000  -0.0000000000   0.0000000000
   0.5484867780   0.0000000000  -0.0000000000  -0.0000000000
   0.5629206406   0.0000000000  -0.0000000000  -0.0000000000
   0.5773545031   0.0000000000   0.0000000000  -0.0000000000
   0.5917883657  -0.0000000000   0.0000000000   0.0000000000
   0.6062222283  -0.0000000000   0.0000000000   0.0000000000
   0.6206560909  -0.0000000000   0.0000000000   0.0000000000
   0.6350899535   0.0000000000  -0.0000000000  -0.0000000000
   0.6495238160   0.0000000000  -0.0000000000  -0.0000000000
   0.6639576786   0.0000000000  -0.0000000000  -0.0000000000
   0.6783915412  -0.0000000000   0.0000000000   0.0000000000
   0.6928254038  -0.0000000000   0.0000000000   0.0000000000
   0.7072592663  -0.0000000000   0.0000000000   0.0000000000
   0.7216931289   0.0000000000  -0.0000000000  -0.0000000000
   0.7361269915   0.0000000000  -0.0000000000  -0.0000000000
   0.7505608541   0.0000000000  -0.0000000000  -0.0000000000
   0.7649947167  -0.0000000000   0.0000000000   0.0000000000
   0.7794285792  -0.0000000000   0.0000000000   0.0000000000
   0.7938624418  -0.0000000000   0.0000000000   0.0000000000
   0.8082963044   0.0000000000  -0.0000000000  -0.0000000000
   0.8227301670   0.0000000000  -0.0000000000  -0.0000000000
   0.8371640296   0.0000000000  -0.0000000000  -0.0000000000
   0.8515978921  -0.0000000000   0.0000000000   0.0000000000
   0.8660317547  -0.0000000000   0.0000000000   0.0000000000
   0.8804656173  -0.0000000000   0.0000000000   0.0000000000
   0.8948994799   0.0000000000  -0.0000000000  -0.0000000000
   0.9093333424   0.0000000000  -0.0000000000  -0.0000000000
   0.9237672050   0.0000000000  -0.0000000000  -0.0000000000
   0.9382010676   0.0000000000  -0.0000000000   0.0000000000
   0.9526349302  -0.0000000000   0.0000000000   0.0000000000
   0.9670687928  -0.0000000000   0.0000000000   0.0000000000
   0.9815026553  -0.0000000000   0.0000000000   0.0000000000
   0.9959365179   0.0000000000  -0.0000000000  -0.0000000000
   1.0103703805   0.0000000000  -0.0000000000  -0.0000000000
   1.0248042431   0.0000000000  -0.0000000000  -0.0000000000
   1.0392381056  -0.0000000000   0.0000000000   0.0000000000
   1.0536719682  -0.0000000000   0.0000000000   0.0000000000
   1.0681058308  -0.0000000000   0.0000000000   0.0000000000
   1.0825396934   0.0000000000  -0.0000000000  -0.0000000000
   1.0969735560   0.0000000000  -0.0000000000  -0.0000000000
   1.1114074185   0.0000000000  -0.0000000000  -0.0000000000
   1.1258412811   0.0000000000  -0.0000000000   0.0000000000
   1.1402751437  -0.0000000000   0.0000000000   0.0000000000
   1.1547090063  -0.0000000000   0.0000000000   0.0000000000
   1.1691428689  -0.0000000000   0.0000000000  -0.0000000000
   1.1835767314   0.0000000000  -0.0000000000  -0.0000000000
   1.1980105940   0.0000000000  -0.0000000000   0.0000000000
   1.2124444566   0.0000000000  -0.0000000000   0.0000000000
   1.2268783192  -0.0000000000   0.0000000000  -0.0000000000
   1.2413121817  -0.0000000000   0.0000000000  -0.0000000000
   1.2557460443  -0.0000000000   0.0000000000  -0.0000000000
   1.2701799069   0.0000000000  -0.0000000000   0.0000000000
   1.2846137695   0.0000000000  -0.0000000000   0.0000000000
   1.2990476321   0.0000000000  -0.0000000000   0.0000000000
   1.3134814946  -0.0000000000   0.0000000000  -0.0000000000
   1.3279153572  -0.0000000000   0.0000000000  -0.0000000000
   1.3423492198  -0.0000000000   0.0000000000  -0.0000000000
   1.3567830824   0.0000000000  -0.0000000000   0.0000000000
   1.3712169450   0.0000000000  -0.0000000000   0.0000000000
   1.3856508075   0.0000000000  -0.0000000000   0.0000000000
   1.4000846701  -0.0000000000   0.0000000000  -0.0000000000
   1.4145185327  -0.0000000000   0.0000000000  -0.0000000000
   1.4289523953  -0.0000000000   0.0000000000  -0.0000000000
   1.4433862578   0.0000000000  -0.0000000000   0.0000000000
   1.4578201204   0.0000000000  -0.0000000000   0.0000000000
   1.4722539830   0.0000000000  -0.0000000000   0.0000000000
   1.4866878456  -0.0000000000   0.0000000000  -0.0000000000
   1.5011217082  -0.0000000000   0.0000000000  -0.0000000000
   1.5155555707  -0.0000000000   0.0000000000  -0.0000000000
   1.5299894333   0.0000000000  -0.0000000000   0.0000000000
   1.5444232959   0.0000000000  -0.0000000000   0.0000000000
   1.5588571585   0.0000000000  -0.0000000000   0.0000000000
   1.5732910211  -0.0000000000   0.0000000000  -0.0000000000
   1.5877248836  -0.0000000000   0.0000000000  -0.0000000000
   1.6021587462  -0.0000000000   0.0000000000  -0.0000000000
   1.6165926088   0.0000000000  -0.0000000000   0.0000000000
   1.6310264714   0.0000000000  -0.0000000000   0.0000000000
   1.6454603339   0.0000000000  -0.0000000000   0.0000000000
   1.6598941965  -0.0000000000   0.0000000000  -0.0000000000
   1.6743280591  -0.0000000000   0.0000000000  -0.0000000000
   1.6887619217  -0.0000000000   0.0000000000  -0.0000000000
   1.7031957843   0.0000000000  -0.0000000000   0.0000000000
   1.7176296468   0.0000000001  -0.0000000000   0.0000000001
   1.7320635094   0.0000000001  -0.0000000000   0.0000000001
   1.7464973720   0.0000000000  -0.0000000000   0.0000000000
   1.7609312346  -0.0000000002   0.0000000001  -0.0000000003
   1.7753650971  -0.0000000004   0.0000000002  -0.0000000005
   1.7897989597  -0.0000000002   0.0000000001  -0.0000000002
   1.8042328223   0.0000000006  -0.0000000002   0.0000000007
   1.8186666849   0.0000000016  -0.0000000007   0.0000000017
   1.8331005475   0.0000000012  -0.0000000007   0.0000000014
   1.8475344100  -0.0000000013   0.0000000003  -0.0000000015
   1.8619682726  -0.0000000051   0.0000000020  -0.0000000057
   1.8764021352  -0.0000000060   0.0000000029  -0.0000000067
   1.8908359978   0.0000000008   0.0000000007   0.0000000008
   1.9052698604   0.0000000144  -0.0000000052   0.0000000159
   1.9197037229   0.0000000233  -0.0000000107   0.0000000260
   1.9341375855   0.0000000101  -0.0000000076   0.0000000116
   1.9485714481  -0.0000000314   0.0000000093  -0.0000000347
   1.9630053107  -0.0000000761   0.0000000323  -0.0000000850
   1.9774391732  -0.0000000680   0.0000000375  -0.0000000768
   1.9918730358   0.0000000368  -0.0000000006   0.0000000400
   2.0063068984   0.0000002026  -0.0000000776   0.0000002263
   2.0207407610   0.0000002808  -0.0000001356   0.0000003163
   2.0351746236   0.0000000890  -0.0000000838   0.0000001034
   2.0496084861  -0.0000003975   0.0000001215  -0.0000004436
   2.0640423487  -0.0000008720   0.0000003796  -0.0000009827
   2.0784762113  -0.0000007642   0.0000004347  -0.0000008690
   2.0929100739   0.0000003256   0.0000000366   0.0000003577
   2.1073439365   0.0000020249  -0.0000007673   0.0000022870
   2.1217777990   0.0000029633  -0.0000014322   0.0000033687
   2.1362116616   0.0000014706  -0.0000011058   0.0000016907
   2.1506455242  -0.0000028599   0.0000006953  -0.0000032412
   2.1650793868  -0.0000077653   0.0000032810  -0.0000088706
   2.1795132493  -0.0000086474   0.0000046018  -0.0000099251
   2.1939471119  -0.0000015198   0.0000023190  -0.0000017645
   2.2083809745   0.0000126079  -0.0000040734   0.0000145439
   2.2228148371   0.0000252507  -0.0000114507   0.0000292481
   2.2372486997   0.0000234416  -0.0000135247   0.0000272315
   2.2516825622  -0.0000012415  -0.0000045624  -0.0000015501
   2.2661164248  -0.0000422501   0.0000150605  -0.0000497298
   2.2805502874  -0.0000746399   0.0000353322  -0.0000881040
   2.2949841500  -0.0000653693   0.0000392870  -0.0000773160
   2.3094180126   0.0000041483   0.0000129849   0.0000055329
   2.3238518751   0.0001153957  -0.0000415758   0.0001392857
   2.3382857377   0.0002076842  -0.0000993487   0.0002513328
   2.3527196003   0.0002023985  -0.0001190738   0.0002454806
   2.3671534629   0.0000513340  -0.0000652644   0.0000603869
   2.3815873254  -0.0002152119   0.0000638077  -0.0002697853
   2.3960211880  -0.0004733896   0.0002188250  -0.0005930368
   2.4104550506  -0.0005458195   0.0003083788  -0.0006853411
   2.4248889132  -0.0002911224   0.0002384167  -0.0003616896
   2.4393227758   0.0002935281  -0.0000303638   0.0003903324
   2.4537566383   0.0010099918  -0.0004333268   0.0013222412
   2.4681905009   0.0014809313  -0.0007894843   0.0019429603
   2.4826243635   0.0012662603  -0.0008427134   0.0016649453
   2.4970582261   0.0000408454  -0.0003514318   0.0000405571
   2.5114920887  -0.0022342351   0.0008018570  -0.0030002020
   2.5259259512  -0.0052224780   0.0025242760  -0.0070174840
   2.5403598138  -0.0082558599   0.0044907696  -0.0111129408
   2.5547936764  -0.0105134633   0.0062079955  -0.0141733161
   2.5692275390  -0.0112808101   0.0071527685  -0.0152317863
   2.5836614015  -0.0101974545   0.0069414368  -0.0138127181
   2.5980952641  -0.0073974410   0.0054686078  -0.0101201851
   2.6125291267  -0.0034840949   0.0029604328  -0.0049878383
   2.6269629893   0.0006561195  -0.0000812022   0.0003949420
   2.6413968519   0.0041327062  -0.0030244672   0.0048725655
   2.6558307144   0.0063195427  -0.0052894046   0.0076753781
   2.6702645770   0.0070160088  -0.0065009505   0.0086046194
   2.6846984396   0.0064500403  -0.0065650622   0.0079977679
   2.6991323022   0.0051359709  -0.0056538170   0.0065143429
   2.7135661647   0.0036545162  -0.0041191808   0.0048477718
   2.7280000273   0.0024461852  -0.0023747668   0.0034832299
   2.7424338899   0.0016950810  -0.0007861273   0.0025859349
   2.7568677525   0.0013354455   0.0004020957   0.0020406325
   2.7713016151   0.0011584972   0.0010911100   0.0015995259
   2.7857354776   0.0009563496   0.0013097818   0.0010569820
   2.8001693402   0.0006311398   0.0011691707   0.0003679590
   2.8146032028   0.0002235932   0.0008104005  -0.0003385005
   2.8290370654  -0.0001389926   0.0003639802  -0.0008455159
   2.8434709280  -0.0003350883  -0.0000701732  -0.0009812530
   2.8579047905  -0.0003271357  -0.0004240492  -0.0007263699
   2.8723386531  -0.0001869631  -0.0006540895  -0.0002420403
   2.8867725157  -0.0000621452  -0.0007352840   0.0001920592
   2.9012063783  -0.0001060003  -0.0006611356   0.0002962173
   2.9156402408  -0.0004063536  -0.0004466887  -0.0000909171
   2.9300741034  -0.0009435009  -0.0001288772  -0.0009447113
   2.9445079660  -0.0015931751   0.0002390956  -0.0020619338
   2.9589418286  -0.0021727480   0.0005979675  -0.0031355377
   2.9733756912  -0.0025122955   0.0008931313  -0.0038647725
   2.9878095537  -0.0025205394   0.0010825228  -0.0040578824
   3.0022434163  -0.0022153539   0.0011408389  -0.0036893746
   3.0166772789  -0.0017039772   0.0010608700  -0.0028923605
   3.0311111415  -0.0011243957   0.0008526203  -0.0018930007
   3.0455450041  -0.0005813102   0.0005402090  -0.0009180053
   3.0599788666  -0.0001118857   0.0001566723  -0.0001158707
   3.0744127292   0.0003044106  -0.0002621409   0.0004771160
   3.0888465918   0.0007063754  -0.0006825112   0.0009184234
   3.1032804544   0.0011122916  -0.0010748974   0.0013045812
   3.1177143169   0.0015049467  -0.0014129482   0.0017092674
   3.1321481795   0.0018424497  -0.0016712545   0.0021415707
   3.1465820421   0.0020800741  -0.0018247353   0.0025400293
   3.1610159047   0.0021872135  -0.0018520132   0.0028025005
   3.1754497673   0.0021539099  -0.0017428150   0.0028373486
   3.1898836298   0.0019906737  -0.0015062693   0.0026118079
   3.2043174924   0.0017259133  -0.0011749364   0.0021732943
   3.2187513550   0.0014007243  -0.0008004591   0.0016317973
   3.2331852176   0.0010592495  -0.0004409924   0.0011122154
   3.2476190802   0.0007369400  -0.0001455930   0.0007027501
   3.2620529427   0.0004533576   0.0000571618   0.0004270873
   3.2764868053   0.0002143076   0.0001617101   0.0002521326
   3.2909206679   0.0000207837   0.0001800816   0.0001209650
   3.3053545305  -0.0001233632   0.0001335168  -0.0000116722
   3.3197883930  -0.0002112314   0.0000459497  -0.0001595645
   3.3342222556  -0.0002390338  -0.0000593603  -0.0003048609
   3.3486561182  -0.0002120952  -0.0001619243  -0.0004105288
   3.3630899808  -0.0001453676  -0.0002467046  -0.0004372726
   3.3775238434  -0.0000586660  -0.0003067333  -0.0003609320
   3.3919577059   0.0000293095  -0.0003432363  -0.0001875739
   3.4063915685   0.0001047822  -0.0003620057   0.0000399263
   3.4208254311   0.0001600076  -0.0003678719   0.0002514401
   3.4352592937   0.0001924902  -0.0003610192   0.0003760221
   3.4496931563   0.0002026079  -0.0003375963   0.0003736973
   3.4641270188   0.0001901355  -0.0002937557   0.0002541670
   3.4785608814   0.0001521291  -0.0002299398   0.0000704491
   3.4929947440   0.0000856458  -0.0001527371  -0.0001084132
   3.5074286066  -0.0000044057  -0.0000739576  -0.0002283988
   3.5218624691  -0.0000981079  -0.0000082053  -0.0002682881
   3.5362963317  -0.0001628689   0.0000301112  -0.0002389241
   3.5507301943  -0.0001689280   0.0000305344  -0.0001710289
   3.5651640569  -0.0001107306  -0.0000088568  -0.0001018612
   3.5795979195  -0.0000189315  -0.0000778338  -0.0000652604
   3.5940317820   0.0000491880  -0.0001547821  -0.0000831911
   3.6084656446   0.0000396131  -0.0002140420  -0.0001569353
   3.6228995072  -0.0000641893  -0.0002377917  -0.0002616175
   3.6373333698  -0.0002239429  -0.0002260817  -0.0003513109
   3.6517672323  -0.0003590146  -0.0001980890  -0.0003777030
   3.6662010949  -0.0003848415  -0.0001823147  -0.0003151265
   3.6806349575  -0.0002584832  -0.0002005963  -0.0001771885
   3.6950688201  -0.0000073809  -0.0002553416  -0.0000127799
   3.7095026827   0.0002752920  -0.0003277988   0.0001183044
   3.7239365452   0.0004693122  -0.0003883073   0.0001759994
   3.7383704078   0.0004835455  -0.0004120292   0.0001576951
   3.7528042704   0.0003027047  -0.0003906944   0.0000920710
   3.7672381330   0.0000002514  -0.0003341724   0.0000141927
   3.7816719956  -0.0002918312  -0.0002625990  -0.0000600714
   3.7961058581  -0.0004440292  -0.0001954612  -0.0001417757
   3.8105397207  -0.0003915962  -0.0001448881  -0.0002527047
   3.8249735833  -0.0001661508  -0.0001163466  -0.0003962102
   3.8394074459   0.0001206176  -0.0001141868  -0.0005360806
   3.8538413084   0.0003332103  -0.0001460081  -0.0006008845
   3.8682751710   0.0003790221  -0.0002208379  -0.0005162611
   3.8827090336   0.0002504929  -0.0003408420  -0.0002503423
   3.8971428962   0.0000218990  -0.0004916178   0.0001521816
   3.9115767588  -0.0001944363  -0.0006385858   0.0005686181
   3.9260106213  -0.0003059444  -0.0007347052   0.0008361081
   3.9404444839  -0.0002797308  -0.0007385906   0.0008162266
   3.9548783465  -0.0001460431  -0.0006353479   0.0004590756
   3.9693122091   0.0000306065  -0.0004491445  -0.0001632947
   3.9837460717   0.0001907758  -0.0002391651  -0.0008726697
   3.9981799342   0.0003050619  -0.0000784870  -0.0014462440
   4.0126137968   0.0003718634  -0.0000245691  -0.0016985383
   4.0270476594   0.0003934282  -0.0000953158  -0.0015477435
   4.0414815220   0.0003493623  -0.0002626498  -0.0010380951
   4.0559153845   0.0001886830  -0.0004668496  -0.0003120082
   4.0703492471  -0.0001487494  -0.0006441958   0.0004495989
   4.0847831097  -0.0006875391  -0.0007537317   0.0010869256
   4.0992169723  -0.0013702618  -0.0007900311   0.0014939173
   4.1136508349  -0.0020365479  -0.0007770557   0.0016163537
   4.1280846974  -0.0024475342  -0.0007486370   0.0014292812
   4.1425185600  -0.0023563800  -0.0007277845   0.0009182111
   4.1569524226  -0.0016031464  -0.0007163184   0.0000825445
   4.1713862852  -0.0001976814  -0.0006991938  -0.0010379897
   4.1858201478   0.0016446742  -0.0006589787  -0.0023309165
   4.2002540103   0.0035325616  -0.0005906138  -0.0035966927
   4.2146878729   0.0049862620  -0.0005075702  -0.0045690830
   4.2291217355   0.0055556127  -0.0004365641  -0.0049697962
   4.2435555981   0.0049321385  -0.0004049566  -0.0045802551
   4.2579894606   0.0030252790  -0.0004286653  -0.0033056039
   4.2724233232  -0.0000129973  -0.0005070899  -0.0012098554
   4.2868571858  -0.0038157037  -0.0006266203   0.0014871952
   4.3012910484  -0.0078700486  -0.0007690950   0.0044477394
   4.3157249110  -0.0116119637  -0.0009191589   0.0072762435
   4.3301587735  -0.0145268374  -0.0010659064   0.0095875774
   4.3445926361  -0.0162367349  -0.0011982678   0.0110702071
   4.3590264987  -0.0165567413  -0.0012977222   0.0115349802
   4.3734603613  -0.0155098036  -0.0013337363   0.0109427200
   4.3878942239  -0.0133000830  -0.0012659100   0.0094059221
   4.4023280864  -0.0102558662  -0.0010530781   0.0071627829
   4.4167619490  -0.0067598435  -0.0006657358   0.0045268394
   4.4311958116  -0.0031843182  -0.0000962874   0.0018222395
   4.4456296742   0.0001570883   0.0006372626  -0.0006794349
   4.4600635367   0.0030372821   0.0014952324  -0.0028032287
   4.4744973993   0.0053245198   0.0024253047  -0.0044830515
   4.4889312619   0.0069757569   0.0033724038  -0.0057400136
   4.5033651245   0.0080186271   0.0042858535  -0.0066372183
   4.5177989871   0.0085270836   0.0051226649  -0.0072301507
   4.5322328496   0.0085970419   0.0058481194  -0.0075326997
   4.5466667122   0.0083282492   0.0064356049  -0.0075112372
   4.5611005748   0.0078156695   0.0068667638  -0.0071065943
   4.5755344374   0.0071488608   0.0071315302  -0.0062721087
   4.5899682999   0.0064140290   0.0072269781  -0.0050103819
   4.6044021625   0.0056931464   0.0071546882  -0.0033937834
   4.6188360251   0.0050576500   0.0069178344  -0.0015618080
   4.6332698877   0.0045583429   0.0065199713   0.0003024546
   4.6477037503   0.0042156404   0.0059666010   0.0020082708
   4.6621376128   0.0040144713   0.0052684481   0.0033952882
   4.6765714754   0.0039069257   0.0044436083   0.0043645067
   4.6910053380   0.0038240598   0.0035159528   0.0048953884
   4.7054392006   0.0036958557   0.0025095785   0.0050448414
   4.7198730632   0.0034746326   0.0014421790   0.0049271748
   4.7343069257   0.0031533722   0.0003217223   0.0046789803
   4.7487407883   0.0027695892  -0.0008505217   0.0044184060
   4.7631746509   0.0023902250  -0.0020710765   0.0042117969
   4.7776085135   0.0020824094  -0.0033234172   0.0040594182
   4.7920423760   0.0018833028  -0.0045704181   0.0039053288
   4.8064762386   0.0017834847  -0.0057538072   0.0036670131
   4.8209101012   0.0017309767  -0.0068012311   0.0032726036
   4.8353439638   0.0016519008  -0.0076386955   0.0026912098
   4.8497778264   0.0014765912  -0.0082047978   0.0019458040
   4.8642116889   0.0011606880  -0.0084632333   0.0011058889
   4.8786455515   0.0006967122  -0.0084107669   0.0002649014
   4.8930794141   0.0001166445  -0.0080786841  -0.0004881083
   4.9075132767  -0.0005134413  -0.0075268232  -0.0010925261
   4.9219471393  -0.0011074144  -0.0068310334  -0.0015288035
   4.9363810018  -0.0015816487  -0.0060670658  -0.0018170241
   4.9508148644  -0.0018808158  -0.0052955235  -0.0020034238
   4.9652487270  -0.0019963334  -0.0045524364  -0.0021405008
   4.9796825896  -0.0019676167  -0.0038480056  -0.0022680060
   4.9941164521  -0.0018645480  -0.0031729899  -0.0024012630
   5.0085503147  -0.0017599132  -0.0025096115  -0.0025301538
   5.0229841773  -0.0017050857  -0.0018428669  -0.0026278787
   5.0374180399  -0.0017179342  -0.0011688266  -0.0026649741
   5.0518519025  -0.0017833715  -0.0004981233  -0.0026224995
   5.0662857650  -0.0018616264   0.0001455476  -0.0024993339
   5.0807196276  -0.0019002758   0.0007309347  -0.0023115388
   5.0951534902  -0.0018494774   0.0012270703  -0.0020853538
   5.1095873528  -0.0016797621   0.0016113875  -0.0018479282
   5.1240212154  -0.0013971466   0.0018759467  -0.0016202062
   5.1384550779  -0.0010466652   0.0020299131  -0.0014143817
   5.1528889405  -0.0006987942   0.0020972648  -0.0012352981
   5.1673228031  -0.0004232227   0.0021100533  -0.0010830439
   5.1817566657  -0.0002632855   0.0020991001  -0.0009542059
   5.1961905282  -0.0002241106   0.0020852383  -0.0008414578
   5.2106243908  -0.0002779018   0.0020744146  -0.0007334408
   5.2250582534  -0.0003789371   0.0020586882  -0.0006171764
   5.2394921160  -0.0004777792   0.0020226704  -0.0004831900
   5.2539259786  -0.0005301005   0.0019523946  -0.0003308753
   5.2683598411  -0.0005031305   0.0018425142  -0.0001707761
   5.2827937037  -0.0003838905   0.0016988721  -0.0000222069
   5.2972275663  -0.0001874131   0.0015361784   0.0000925288
   5.3116614289   0.0000426715   0.0013729462   0.0001545402
   5.3260952914   0.0002469906   0.0012264175   0.0001533608
   5.3405291540   0.0003733990   0.0011089834   0.0000903166
   5.3549630166   0.0003982797   0.0010260317  -0.0000193896
   5.3693968792   0.0003344525   0.0009747782  -0.0001466706
   5.3838307418   0.0002225726   0.0009445008  -0.0002526627
   5.3982646043   0.0001125963   0.0009192727  -0.0002981021
   5.4126984669   0.0000452435   0.0008834032  -0.0002558784
   5.4271323295   0.0000398180   0.0008276572  -0.0001215147
   5.4415661921   0.0000897122   0.0007528831   0.0000837153
   5.4560000547   0.0001652388   0.0006686985   0.0003186224
   5.4704339172   0.0002241997   0.0005880116   0.0005337021
   5.4848677798   0.0002293271   0.0005209464   0.0006831361
   5.4993016424   0.0001667898   0.0004718041   0.0007336089
   5.5137355050   0.0000556950   0.0004399459   0.0006698530
   5.5281693675  -0.0000589793   0.0004223754   0.0004984766
   5.5426032301  -0.0001277828   0.0004150902   0.0002499648
   5.5570370927  -0.0001202861   0.0004124140  -0.0000240510
   5.5714709553  -0.0000369323   0.0004062669  -0.0002613784
   5.5859048179   0.0000957883   0.0003878520  -0.0004069753
   5.6003386804   0.0002403637   0.0003519132  -0.0004315980
   5.6147725430   0.0003623961   0.0003007300  -0.0003426801
   5.6292064056   0.0004378307   0.0002443269  -0.0001817780
   5.6436402682   0.0004555791   0.0001958742  -0.0000098273
   5.6580741308   0.0004205377   0.0001649041   0.0001125524
   5.6725079933   0.0003569033   0.0001526554   0.0001413448
   5.6869418559   0.0003053316   0.0001522530   0.0000575089
   5.7013757185   0.0003081970   0.0001530247  -0.0001317921
   5.7158095811   0.0003862438   0.0001458805  -0.0003956421
   5.7302434436   0.0005196224   0.0001268955  -0.0006832326
   5.7446773062   0.0006472826   0.0000981899  -0.0009298407
   5.7591111688   0.0006887494   0.0000668305  -0.0010671111
   5.7735450314   0.0005786345   0.0000426261  -0.0010381849
   5.7879788940   0.0002969502   0.0000350613  -0.0008146595
   5.8024127565  -0.0001181954   0.0000495850  -0.0004096244
   5.8168466191  -0.0005788236   0.0000844209   0.0001189197
   5.8312804817  -0.0009707197   0.0001297947   0.0006771376
   5.8457143443  -0.0011839863   0.0001706354   0.0011558056
   5.8601482069  -0.0011433312   0.0001915692   0.0014573849
   5.8745820694  -0.0008322711   0.0001812779   0.0015225959
   5.8890159320  -0.0003051102   0.0001338627   0.0013485610
   5.9034497946   0.0003192213   0.0000475570   0.0009918899
   5.9178836572   0.0008834936  -0.0000763958   0.0005540282
   5.9323175197   0.0012332233  -0.0002321130   0.0001522510
   5.9467513823   0.0012599651  -0.0004051594  -0.0001144367
   5.9611852449   0.0009325127  -0.0005701257  -0.0001927438
   5.9756191075   0.0003064228  -0.0006938355  -0.0000869101
   5.9900529701  -0.0004893330  -0.0007449179   0.0001472557
   6.0044868326  -0.0012826440  -0.0007057202   0.0004213258
   6.0189206952  -0.0018966942  -0.0005802043   0.0006382255
   6.0333545578  -0.0021887194  -0.0003934673   0.0007148227
   6.0477884204  -0.0020830239  -0.0001833572   0.0006004736
   6.0622222830  -0.0015925387   0.0000112890   0.0002910047
   6.0766561455  -0.0008225947   0.0001606100  -0.0001635786
   6.0910900081   0.0000481908   0.0002491743  -0.0006620423
   6.1055238707   0.0008096115   0.0002772062  -0.0010702789
   6.1199577333   0.0012750845   0.0002590757  -0.0012554524
   6.1343915958   0.0013336325   0.0002198090  -0.0011285428
   6.1488254584   0.0009806329   0.0001893974  -0.0006811015
   6.1632593210   0.0003166269   0.0001950237  -0.0000007487
   6.1776931836  -0.0004839444   0.0002528624   0.0007441481
   6.1921270462  -0.0012212488   0.0003622631   0.0013492327
   6.2065609087  -0.0017192972   0.0005046355   0.0016355970
   6.2209947713  -0.0018634166   0.0006474826   0.0015079618
   6.2354286339  -0.0016206764   0.0007522309   0.0009894829
   6.2498624965  -0.0010429995   0.0007838577   0.0002200693
   6.2642963590  -0.0002539280   0.0007205032  -0.0005828930
   6.2787302216   0.0005797693   0.0005612049  -0.0011894964
   6.2931640842   0.0012876850   0.0003292453  -0.0014266741
   6.3075979468   0.0017372657   0.0000684374  -0.0012288038
   6.3220318094   0.0018641504  -0.0001685302  -0.0006531222
   6.3364656719   0.0016806723  -0.0003367845   0.0001435541
   6.3508995345   0.0012606686  -0.0004145002   0.0009564397
   6.3653333971   0.0007091184  -0.0004096937   0.0015932717
   6.3797672597   0.0001305879  -0.0003553515   0.0019233143
   6.3942011223  -0.0003919253  -0.0002956306   0.0019013003
   6.4086349848  -0.0008038044  -0.0002701418   0.0015634244
   6.4230688474  -0.0010747411  -0.0003031045   0.0010021893
   6.4375027100  -0.0011904269  -0.0003999992   0.0003320541
   6.4519365726  -0.0011455810  -0.0005496024  -0.0003423417
   6.4663704351  -0.0009410704  -0.0007274161  -0.0009474574
   6.4808042977  -0.0005854865  -0.0008983228  -0.0014486382
   6.4952381603  -0.0000998437  -0.0010195957  -0.0018454090
   6.5096720229   0.0004775198  -0.0010470329  -0.0021577173
   6.5241058855   0.0010898604  -0.0009454837  -0.0024078556
   6.5385397480   0.0016679076  -0.0007015708  -0.0026034711
   6.5529736106   0.0021421914  -0.0003336235  -0.0027270895
   6.5674074732   0.0024566137   0.0001063297  -0.0027363697
   6.5818413358   0.0025760244   0.0005411060  -0.0025764075
   6.5962751984   0.0024838250   0.0008862184  -0.0022012600
   6.6107090609   0.0021728809   0.0010723536  -0.0015978806
   6.6251429235   0.0016391512   0.0010658442  -0.0008036356
   6.6395767861   0.0008870796   0.0008804782   0.0000903156
   6.6540106487  -0.0000521801   0.0005760498   0.0009533534
   6.6684445112  -0.0010995052   0.0002429873   0.0016451506
   6.6828783738  -0.0021194792  -0.0000227848   0.0020528904
   6.6973122364  -0.0029373166  -0.0001467375   0.0021244327
   6.7117460990  -0.0033811270  -0.0000954342   0.0018858832
   6.7261799616  -0.0033357379   0.0001171403   0.0014360951
   6.7406138241  -0.0027867648   0.0004374840   0.0009181139
   6.7550476867  -0.0018363871   0.0007903786   0.0004761452
   6.7694815493  -0.0006833682   0.0010996175   0.0002127827
   6.7839154119   0.0004266297   0.0013054469   0.0001617845
   6.7983492745   0.0012642645   0.0013754116   0.0002856982
   6.8127831370   0.0016734488   0.0013082232   0.0004975498
   6.8272169996   0.0016051361   0.0011316918   0.0006964047
   6.8416508622   0.0011191066   0.0008957294   0.0008023935
   6.8560847248   0.0003556169   0.0006610949   0.0007792724
   6.8705185873  -0.0005110195   0.0004850475   0.0006395541
   6.8849524499  -0.0013190846   0.0004065006   0.0004345109
   6.8993863125  -0.0019502266   0.0004346466   0.0002355002
   6.9138201751  -0.0023372627   0.0005451102   0.0001133101
   6.9282540377  -0.0024537892   0.0006858927   0.0001201180
   6.9426879002  -0.0022983847   0.0007922058   0.0002764066
   6.9571217628  -0.0018857345   0.0008060223   0.0005640427
   6.9715556254  -0.0012489364   0.0006941462   0.0009265665
   6.9859894880  -0.0004474531   0.0004586865   0.0012776790
   7.0004233506   0.0004296226   0.0001360932   0.0015181145
   7.0148572131   0.0012723300  -0.0002152580   0.0015591942
   7.0292910757   0.0019700198  -0.0005348083   0.0013486298
   7.0437249383   0.0024353000  -0.0007798390   0.0008914794
   7.0581588009   0.0026223388  -0.0009383242   0.0002580435
   7.0725926634   0.0025337333  -0.0010297198  -0.0004275206
   7.0870265260   0.0022157275  -0.0010934640  -0.0010184438
   7.1014603886   0.0017454019  -0.0011698126  -0.0013891030
   7.1158942512   0.0012142445  -0.0012805282  -0.0014770542
   7.1303281138   0.0007114372  -0.0014166701  -0.0013070103
   7.1447619763   0.0003091076  -0.0015376403  -0.0009852684
   7.1591958389   0.0000513900  -0.0015813589  -0.0006637565
   7.1736297015  -0.0000511528  -0.0014818846  -0.0004851650
   7.1880635641  -0.0000210372  -0.0011891282  -0.0005291008
   7.2024974266   0.0000922577  -0.0006855260  -0.0007798328
   7.2169312892   0.0002229178   0.0000041151  -0.0011284057
   7.2313651518   0.0003028573   0.0008117403  -0.0014088870
   7.2457990144   0.0002780643   0.0016346684  -0.0014557491
   7.2602328770   0.0001248216   0.0023526001  -0.0011619940
   7.2746667395  -0.0001388141   0.0028501306  -0.0005181521
   7.2891006021  -0.0004521613   0.0030402418   0.0003801622
   7.3035344647  -0.0007256574   0.0028833613   0.0013573693
   7.3179683273  -0.0008676167   0.0023970504   0.0022065448
   7.3324021899  -0.0008156913   0.0016534160   0.0027459285
   7.3468360524  -0.0005608663   0.0007644454   0.0028666327
   7.3612699150  -0.0001537470  -0.0001413138   0.0025587589
   7.3757037776   0.0003098749  -0.0009450245   0.0019102848
   7.3901376402   0.0007184040  -0.0015603870   0.0010810622
   7.4045715027   0.0009772770  -0.0019476581   0.0002606394
   7.4190053653   0.0010336866  -0.0021158301  -0.0003783074
   7.4334392279   0.0008864444  -0.0021129574  -0.0007196877
   7.4478730905   0.0005807363  -0.0020076053  -0.0007286972
   7.4623069531   0.0001923954  -0.0018667036  -0.0004572923
   7.4767408156  -0.0001920326  -0.0017360895  -0.0000298170
   7.4911746782  -0.0004941954  -0.0016293229   0.0003887238
   7.5056085408  -0.0006586887  -0.0015279469   0.0006360432
   7.5200424034  -0.0006623163  -0.0013928617   0.0005984292
   7.5344762660  -0.0005174532  -0.0011829636   0.0002471853
   7.5489101285  -0.0002694348  -0.0008748358  -0.0003462708
   7.5633439911   0.0000119328  -0.0004768655  -0.0010243547
   7.5777778537   0.0002462483  -0.0000328283  -0.0015857628
   7.5922117163   0.0003604307   0.0003867639  -0.0018460400
   7.6066455788   0.0003079222   0.0007033478  -0.0016982468
   7.6210794414   0.0000847487   0.0008534084  -0.0011536294
   7.6355133040  -0.0002631140   0.0008085792  -0.0003470635
   7.6499471666  -0.0006459556   0.0005859420   0.0004973453
   7.6643810292  -0.0009517134   0.0002447955   0.0011320861
   7.6788148917  -0.0010786061  -0.0001292504   0.0013638843
   7.6932487543  -0.0009694473  -0.0004476073   0.0011181126
   7.7076826169  -0.0006351938  -0.0006418136   0.0004675644
   7.7221164795  -0.0001573758  -0.0006792911  -0.0003861924
   7.7365503421   0.0003338951  -0.0005677288  -0.0011749894
   7.7509842046   0.0007002455  -0.0003482352  -0.0016503624
   7.7654180672   0.0008399167  -0.0000808388  -0.0016650992
   7.7798519298   0.0007210203   0.0001725359  -0.0012217841
   7.7942857924   0.0003910888   0.0003629313  -0.0004711937
   7.8087196549  -0.0000402402   0.0004640306   0.0003389785
   7.8231535175  -0.0004385634   0.0004754576   0.0009471216
   7.8375873801  -0.0006882111   0.0004199013   0.0011637372
   7.8520212427  -0.0007266357   0.0003351232   0.0009315185
   7.8664551053  -0.0005588316   0.0002625637   0.0003402834
   7.8808889678  -0.0002490143   0.0002349792  -0.0004065422
   7.8953228304   0.0001048897   0.0002661811  -0.0010609621
   7.9097566930   0.0004031104   0.0003460307  -0.0014109363
   7.9241905556   0.0005709653   0.0004428545  -0.0013458096
   7.9386244181   0.0005735469   0.0005133249  -0.0008864798
   7.9530582807   0.0004170153   0.0005171817  -0.0001729097
   7.9674921433   0.0001405820   0.0004320453   0.0005840647
   7.9819260059  -0.0001947740   0.0002630182   0.0011688412
