   0.0000000000   0.0000000000   0.0000000000   0.0000000000
   0.0144338626   0.0000000000   0.0000000000   0.0000000000
   0.0288677252   0.0000000000   0.0000000000   0.0000000000
   0.0433015877   0.0000000000   0.0000000000   0.0000000000
   0.0577354503   0.0000000000   0.0000000000   0.0000000000
   0.0721693129   0.0000000000  -0.0000000000  -0.0000000000
   0.0866031755   0.0000000000   0.0000000000   0.0000000000
   0.1010370380   0.0000000000  -0.0000000000   0.0000000000
   0.1154709006   0.0000000000  -0.0000000000   0.0000000000
   0.1299047632   0.0000000000  -0.0000000000   0.0000000000
   0.1443386258   0.0000000000  -0.0000000000   0.0000000000
   0.1587724884   0.0000000000   0.0000000000   0.0000000000
   0.1732063509  -0.0000000000   0.0000000000  -0.0000000000
   0.1876402135  -0.0000000000   0.0000000000  -0.0000000000
   0.2020740761  -0.0000000000  -0.0000000000  -0.0000000000
   0.2165079387   0.0000000000  -0.0000000000   0.0000000000
   0.2309418013   0.0000000000   0.0000000000   0.0000000000
   0.2453756638  -0.0000000000   0.0000000000   0.0000000000
   0.2598095264  -0.0000000000  -0.0000000000  -0.0000000000
   0.2742433890  -0.0000000000  -0.0000000000  -0.0000000000
   0.2886772516   0.0000000000  -0.0000000000   0.0000000000
   0.3031111141   0.0000000000   0.0000000000   0.0000000000
   0.3175449767  -0.0000000000   0.0000000000  -0.0000000000
   0.3319788393  -0.0000000000  -0.0000000000  -0.0000000000
   0.3464127019  -0.0000000000  -0.0000000000  -0.0000000000
   0.3608465645   0.0000000000   0.0000000000   0.0000000000
   0.3752804270   0.0000000000  -0.0000000000   0.0000000000
   0.3897142896  -0.0000000000  -0.0000000000  -0.0000000000
   0.4041481522  -0.0000000000   0.0000000000  -0.0000000000
   0.4185820148   0.0000000000   0.0000000000   0.0000000000
   0.4330158774   0.0000000000  -0.0000000000   0.0000000000
   0.4474497399  -0.0000000000  -0.0000000000  -0.0000000000
   0.4618836025  -0.0000000000  -0.0000000000  -0.0000000000
   0.4763174651  -0.0000000000   0.0000000000  -0.0000000000
   0.4907513277   0.0000000000   0.0000000000   0.0000000000
   0.5051851902   0.0000000000  -0.0000000000   0.0000000000
   0.5196190528  -0.0000000000  -0.0000000000  -0.0000000000
   0.5340529154  -0.0000000000   0.0000000000  -0.0000000000
   0.5484867780   0.0000000000   0.0000000000   0.0000000000
   0.5629206406   0.0000000000  -0.0000000000   0.0000000000
   0.5773545031   0.0000000000  -0.0000000000  -0.0000000000
   0.5917883657  -0.0000000000  -0.0000000000  -0.0000000000
   0.6062222283  -0.0000000000   0.0000000000  -0.0000000000
   0.6206560909   0.0000000000   0.0000000000   0.0000000000
   0.6350899535   0.0000000000  -0.0000000000   0.0000000000
   0.6495238160  -0.0000000000  -0.0000000000  -0.0000000000
   0.6639576786  -0.0000000000   0.0000000000  -0.0000000000
   0.6783915412   0.0000000000   0.0000000000   0.0000000000
   0.6928254038   0.0000000000   0.0000000000   0.0000000000
   0.7072592663  -0.0000000000  -0.0000000000  -0.0000000000
   0.7216931289  -0.0000000000  -0.0000000000  -0.0000000000
   0.7361269915   0.0000000000   0.0000000000   0.0000000000
   0.7505608541   0.0000000000   0.0000000000   0.0000000000
   0.7649947167  -0.0000000000   0.0000000000  -0.0000000000
   0.7794285792  -0.0000000000  -0.0000000000  -0.0000000000
   0.7938624418   0.0000000000  -0.0000000000   0.0000000000
   0.8082963044   0.0000000000   0.0000000000   0.0000000000
   0.8227301670  -0.0000000000   0.0000000000  -0.0000000000
   0.8371640296  -0.0000000000  -0.0000000000  -0.0000000000
   0.8515978921   0.0000000000  -0.0000000000   0.0000000000
   0.8660317547   0.0000000000   0.0000000000   0.0000000000
   0.8804656173  -0.0000000000   0.0000000000   0.0000000000
   0.8948994799  -0.0000000000  -0.0000000000  -0.0000000000
   0.9093333424  -0.0000000000  -0.0000000000  -0.0000000000
   0.9237672050   0.0000000000  -0.0000000000   0.0000000000
   0.9382010676   0.0000000000   0.0000000000   0.0000000000
   0.9526349302  -0.0000000000   0.0000000000  -0.0000000000
   0.9670687928  -0.0000000000  -0.0000000000  -0.0000000000
   0.9815026553   0.0000000000  -0.0000000000   0.0000000000
   0.9959365179   0.0000000000   0.0000000000   0.0000000000
   1.0103703805  -0.0000000000   0.0000000000  -0.0000000000
   1.0248042431  -0.0000000000  -0.0000000000  -0.0000000000
   1.0392381056  -0.0000000000  -0.0000000000  -0.0000000000
   1.0536719682   0.0000000000   0.0000000000   0.0000000000
   1.0681058308   0.0000000000   0.0000000000   0.0000000000
   1.0825396934  -0.0000000000  -0.0000000000  -0.0000000000
   1.0969735560  -0.0000000000  -0.0000000000  -0.0000000000
   1.1114074185   0.0000000000   0.0000000000   0.0000000000
   1.1258412811   0.0000000000   0.0000000000   0.0000000000
   1.1402751437  -0.0000000000   0.0000000000  -0.0000000000
   1.1547090063  -0.0000000000  -0.0000000000  -0.0000000000
   1.1691428689   0.0000000000   0.0000000000  -0.0000000000
   1.1835767314   0.0000000000   0.0000000000   0.0000000000
   1.1980105940   0.0000000000  -0.0000000000   0.0000000000
   1.2124444566  -0.0000000000  -0.0000000000  -0.0000000000
   1.2268783192  -0.0000000000  -0.0000000000  -0.0000000000
   1.2413121817   0.0000000000   0.0000000000   0.0000000000
   1.2557460443   0.0000000000   0.0000000000  -0.0000000000
   1.2701799069  -0.0000000000  -0.0000000000  -0.0000000000
   1.2846137695  -0.0000000000  -0.0000000000  -0.0000000000
   1.2990476321   0.0000000000  -0.0000000000   0.0000000000
   1.3134814946   0.0000000000  -0.0000000000   0.0000000000
   1.3279153572  -0.0000000000  -0.0000000000  -0.0000000000
   1.3423492198  -0.0000000000   0.0000000000  -0.0000000000
   1.3567830824  -0.0000000000   0.0000000000  -0.0000000000
   1.3712169450   0.0000000000   0.0000000000   0.0000000000
   1.3856508075   0.0000000000  -0.0000000000   0.0000000000
   1.4000846701   0.0000000000  -0.0000000000   0.0000000000
   1.4145185327   0.0000000000  -0.0000000000   0.0000000000
   1.4289523953   0.0000000000   0.0000000000   0.0000000000
   1.4433862578  -0.0000000000   0.0000000000  -0.0000000000
   1.4578201204  -0.0000000000   0.0000000000  -0.0000000000
   1.4722539830  -0.0000000000   0.0000000000  -0.0000000000
   1.4866878456   0.0000000000  -0.0000000000   0.0000000000
   1.5011217082   0.0000000000  -0.0000000000   0.0000000000
   1.5155555707   0.0000000000  -0.0000000000   0.0000000000
   1.5299894333  -0.0000000000   0.0000000000  -0.0000000000
   1.5444232959  -0.0000000000   0.0000000000  -0.0000000000
   1.5588571585  -0.0000000000   0.0000000000  -0.0000000000
   1.5732910211  -0.0000000000   0.0000000000  -0.0000000000
   1.5877248836   0.0000000000  -0.0000000000   0.0000000000
   1.6021587462   0.0000000000  -0.0000000000   0.0000000000
   1.6165926088   0.0000000000  -0.0000000000   0.0000000000
   1.6310264714   0.0000000000   0.0000000000   0.0000000000
   1.6454603339  -0.0000000000   0.0000000000  -0.0000000000
   1.6598941965  -0.0000000001   0.0000000000  -0.0000000001
   1.6743280591  -0.0000000001   0.0000000000  -0.0000000001
   1.6887619217   0.0000000000  -0.0000000000   0.0000000000
   1.7031957843   0.0000000001  -0.0000000001   0.0000000003
   1.7176296468   0.0000000003  -0.0000000002   0.0000000005
   1.7320635094   0.0000000003  -0.0000000001   0.0000000003
   1.7464973720  -0.0000000002   0.0000000002  -0.0000000004
   1.7609312346  -0.0000000010   0.0000000007  -0.0000000016
   1.7753650971  -0.0000000016   0.0000000009  -0.0000000023
   1.7897989597  -0.0000000010   0.0000000004  -0.0000000011
   1.8042328223   0.0000000016  -0.0000000013   0.0000000029
   1.8186666849   0.0000000056  -0.0000000036   0.0000000084
   1.8331005475   0.0000000077  -0.0000000043   0.0000000106
   1.8475344100   0.0000000032  -0.0000000009   0.0000000029
   1.8619682726  -0.0000000107   0.0000000075  -0.0000000171
   1.8764021352  -0.0000000286   0.0000000173  -0.0000000408
   1.8908359978  -0.0000000346   0.0000000191  -0.0000000458
   1.9052698604  -0.0000000081   0.0000000018  -0.0000000056
   1.9197037229   0.0000000576  -0.0000000365   0.0000000849
   1.9341375855   0.0000001334  -0.0000000778   0.0000001822
   1.9485714481   0.0000001471  -0.0000000816   0.0000001895
   1.9630053107   0.0000000175  -0.0000000046   0.0000000058
   1.9774391732  -0.0000002683   0.0000001572  -0.0000003727
   1.9918730358  -0.0000005725   0.0000003259  -0.0000007544
   2.0063068984  -0.0000006007   0.0000003403  -0.0000007593
   2.0207407610  -0.0000000507   0.0000000359  -0.0000000212
   2.0351746236   0.0000010928  -0.0000005983   0.0000014424
   2.0496084861   0.0000022766  -0.0000012698   0.0000029023
   2.0640423487   0.0000023977  -0.0000013855   0.0000029824
   2.0784762113   0.0000003633  -0.0000003364   0.0000003838
   2.0929100739  -0.0000038755   0.0000019634  -0.0000048607
   2.1073439365  -0.0000083885   0.0000045623  -0.0000103239
   2.1217777990  -0.0000093635   0.0000054535  -0.0000114102
   2.1362116616  -0.0000029571   0.0000024549  -0.0000036440
   2.1506455242   0.0000113934  -0.0000050909   0.0000134468
   2.1650793868   0.0000279757  -0.0000146189   0.0000329982
   2.1795132493   0.0000348678  -0.0000200327   0.0000411536
   2.1939471119   0.0000191245  -0.0000139831   0.0000232284
   2.2083809745  -0.0000236775   0.0000073392  -0.0000254639
   2.2228148371  -0.0000802298   0.0000389496  -0.0000896207
   2.2372486997  -0.0001178954   0.0000649894  -0.0001328109
   2.2516825622  -0.0000964396   0.0000632077  -0.0001110107
   2.2661164248   0.0000078988   0.0000165454   0.0000010174
   2.2805502874   0.0001764188  -0.0000723364   0.0001823914
   2.2949841500   0.0003370185  -0.0001718345   0.0003559619
   2.3094180126   0.0003829341  -0.0002261151   0.0004098665
   2.3238518751   0.0002224875  -0.0001772190   0.0002504313
   2.3382857377  -0.0001582671   0.0000014723  -0.0001340874
   2.3527196003  -0.0006529976   0.0002757416  -0.0006333531
   2.3671534629  -0.0010449607   0.0005435578  -0.0010297267
   2.3815873254  -0.0010812545   0.0006624725  -0.0010765348
   2.3960211880  -0.0005906986   0.0005078531  -0.0006150394
   2.4104550506   0.0004040739   0.0000409754   0.0003211662
   2.4248889132   0.0016371840  -0.0006442001   0.0014688657
   2.4393227758   0.0026483774  -0.0013228204   0.0023944711
   2.4537566383   0.0029237769  -0.0016984855   0.0026362819
   2.4681905009   0.0020792756  -0.0015039545   0.0018765465
   2.4826243635   0.0000152666  -0.0006066538   0.0000739811
   2.4970582261  -0.0030188590   0.0009230318  -0.0024972646
   2.5114920887  -0.0064757687   0.0028100607  -0.0053176093
   2.5259259512  -0.0096571309   0.0046435901  -0.0077733811
   2.5403598138  -0.0119030256   0.0059932174  -0.0093331012
   2.5547936764  -0.0127601633   0.0065319879  -0.0096877176
   2.5692275390  -0.0120791321   0.0061244150  -0.0088121229
   2.5836614015  -0.0100202712   0.0048524658  -0.0069371455
   2.5980952641  -0.0069801601   0.0029762576  -0.0044538550
   2.6125291267  -0.0034743591   0.0008492530  -0.0017932876
   2.6269629893  -0.0000191994  -0.0011788670   0.0006733934
   2.6413968519   0.0029551171  -0.0028391786   0.0026868489
   2.6558307144   0.0051494465  -0.0039809243   0.0041036883
   2.6702645770   0.0064083610  -0.0045683079   0.0048748683
   2.6846984396   0.0067180686  -0.0046504862   0.0050247497
   2.6991323022   0.0061997136  -0.0043238942   0.0046433273
   2.7135661647   0.0050938067  -0.0037015754   0.0038843096
   2.7280000273   0.0037235450  -0.0028948406   0.0029516410
   2.7424338899   0.0024311076  -0.0020047545   0.0020638202
   2.7568677525   0.0014977766  -0.0011183323   0.0014024611
   2.7713016151   0.0010733531  -0.0003062290   0.0010650626
   2.7857354776   0.0011415912   0.0003783482   0.0010421885
   2.8001693402   0.0015348751   0.0008987393   0.0012275239
   2.8146032028   0.0019917194   0.0012324186   0.0014549185
   2.8290370654   0.0022360997   0.0013691853   0.0015482061
   2.8434709280   0.0020539982   0.0013120752   0.0013692581
   2.8579047905   0.0013480574   0.0010810833   0.0008536779
   2.8723386531   0.0001601942   0.0007171239   0.0000276596
   2.8867725157  -0.0013398970   0.0002822984  -0.0009970725
   2.9012063783  -0.0028960483  -0.0001464934  -0.0020493231
   2.9156402408  -0.0042268394  -0.0004907544  -0.0029394267
   2.9300741034  -0.0050921105  -0.0006873884  -0.0035046134
   2.9445079660  -0.0053480583  -0.0007044596  -0.0036467329
   2.9589418286  -0.0049767317  -0.0005505787  -0.0033528850
   2.9733756912  -0.0040829509  -0.0002744968  -0.0026947112
   2.9878095537  -0.0028611895   0.0000457121  -0.0018077797
   3.0022434163  -0.0015432956   0.0003215012  -0.0008571019
   3.0166772789  -0.0003422985   0.0004759802   0.0000021960
   3.0311111415   0.0005928989   0.0004634376   0.0006589939
   3.0455450041   0.0012015216   0.0002808620   0.0010664125
   3.0599788666   0.0015097013  -0.0000318124   0.0012434133
   3.0744127292   0.0016069211  -0.0004028158   0.0012586090
   3.0888465918   0.0016086124  -0.0007478137   0.0012024709
   3.1032804544   0.0016165717  -0.0009918979   0.0011572119
   3.1177143169   0.0016887922  -0.0010883284   0.0011734181
   3.1321481795   0.0018267986  -0.0010292459   0.0012594143
   3.1465820421   0.0019826082  -0.0008459181   0.0013848000
   3.1610159047   0.0020810642  -0.0005988381   0.0014952749
   3.1754497673   0.0020488578  -0.0003605283   0.0015330626
   3.1898836298   0.0018405835  -0.0001957624   0.0014564603
   3.2043174924   0.0014545096  -0.0001446559   0.0012531329
   3.2187513550   0.0009348851  -0.0002133455   0.0009440824
   3.2331852176   0.0003616888  -0.0003747605   0.0005780015
   3.2476190802  -0.0001684100  -0.0005788472   0.0002182767
   3.2620529427  -0.0005646778  -0.0007686361  -0.0000732730
   3.2764868053  -0.0007630587  -0.0008968643  -0.0002511776
   3.2909206679  -0.0007402580  -0.0009380808  -0.0002956176
   3.3053545305  -0.0005180203  -0.0008930456  -0.0002142548
   3.3197883930  -0.0001568283  -0.0007849382  -0.0000371959
   3.3342222556   0.0002591974  -0.0006494159   0.0001922085
   3.3486561182   0.0006423834  -0.0005221661   0.0004273037
   3.3630899808   0.0009216720  -0.0004279482   0.0006262077
   3.3775238434   0.0010578711  -0.0003742719   0.0007570785
   3.3919577059   0.0010498115  -0.0003511392   0.0008010251
   3.4063915685   0.0009292168  -0.0003362618   0.0007535032
   3.4208254311   0.0007453979  -0.0003035435   0.0006244794
   3.4352592937   0.0005449780  -0.0002319429   0.0004368450
   3.4496931563   0.0003549468  -0.0001122538   0.0002223372
   3.4641270188   0.0001770892   0.0000495460   0.0000149353
   3.4785608814  -0.0000029712   0.0002325969  -0.0001569813
   3.4929947440  -0.0001967041   0.0004047283  -0.0002772532
   3.5074286066  -0.0003948660   0.0005288150  -0.0003446914
   3.5218624691  -0.0005631529   0.0005713279  -0.0003704889
   3.5362963317  -0.0006567682   0.0005118500  -0.0003711081
   3.5507301943  -0.0006478097   0.0003511881  -0.0003598439
   3.5651640569  -0.0005496476   0.0001148409  -0.0003413918
   3.5795979195  -0.0004212316  -0.0001509465  -0.0003126235
   3.5940317820  -0.0003438348  -0.0003909839  -0.0002694708
   3.6084656446  -0.0003788206  -0.0005577150  -0.0002158419
   3.6228995072  -0.0005284971  -0.0006265410  -0.0001682252
   3.6373333698  -0.0007241202  -0.0006033582  -0.0001509938
   3.6517672323  -0.0008526276  -0.0005205814  -0.0001824515
   3.6662010949  -0.0008122915  -0.0004230145  -0.0002580337
   3.6806349575  -0.0005689727  -0.0003498077  -0.0003409831
   3.6950688201  -0.0001806907  -0.0003207151  -0.0003691857
   3.7095026827   0.0002269167  -0.0003326500  -0.0002794089
   3.7239365452   0.0005245845  -0.0003671116  -0.0000402209
   3.7383704078   0.0006487456  -0.0004033275   0.0003221747
   3.7528042704   0.0006353547  -0.0004291430   0.0007204344
   3.7672381330   0.0005945775  -0.0004434965   0.0010311414
   3.7816719956   0.0006362395  -0.0004498255   0.0011409422
   3.7961058581   0.0007873368  -0.0004457866   0.0009946353
   3.8105397207   0.0009528682  -0.0004175204   0.0006229576
   3.8249735833   0.0009511740  -0.0003443179   0.0001355387
   3.8394074459   0.0006135215  -0.0002129271  -0.0003200479
   3.8538413084  -0.0001025838  -0.0000336482  -0.0006162766
   3.8682751710  -0.0010517511   0.0001527133  -0.0006952444
   3.8827090336  -0.0019341191   0.0002844511  -0.0005875981
   3.8971428962  -0.0024177883   0.0003036511  -0.0003924557
   3.9115767588  -0.0022936653   0.0001849647  -0.0002280684
   3.9260106213  -0.0015833869  -0.0000469913  -0.0001766383
   3.9404444839  -0.0005408127  -0.0003230202  -0.0002491871
   3.9548783465   0.0004588793  -0.0005577395  -0.0003863006
   3.9693122091   0.0010894260  -0.0006885587  -0.0004928413
   3.9837460717   0.0012176594  -0.0007058100  -0.0004881895
   3.9981799342   0.0009487790  -0.0006576362  -0.0003465693
   4.0126137968   0.0005510294  -0.0006253743  -0.0001079387
   4.0270476594   0.0003007391  -0.0006803450   0.0001445670
   4.0414815220   0.0003295312  -0.0008432206   0.0003277691
   4.0559153845   0.0005532756  -0.0010669114   0.0003996461
   4.0703492471   0.0007188166  -0.0012529692   0.0003781255
   4.0847831097   0.0005431452  -0.0012951690   0.0003289623
   4.0992169723  -0.0001273207  -0.0011302878   0.0003295301
   4.1136508349  -0.0012185811  -0.0007719912   0.0004264444
   4.1280846974  -0.0024407910  -0.0003112737   0.0006069629
   4.1425185600  -0.0034029793   0.0001175028   0.0007969798
   4.1569524226  -0.0037740856   0.0003898202   0.0008862084
   4.1713862852  -0.0034143721   0.0004394601   0.0007696000
   4.1858201478  -0.0024199898   0.0002807685   0.0003879271
   4.2002540103  -0.0010680369  -0.0000041481  -0.0002483580
   4.2146878729   0.0003042927  -0.0003058991  -0.0010606617
   4.2291217355   0.0014275373  -0.0005364142  -0.0019280152
   4.2435555981   0.0021810590  -0.0006636544  -0.0027273063
   4.2579894606   0.0026026319  -0.0007181712  -0.0033736918
   4.2724233232   0.0028367236  -0.0007709174  -0.0038474671
   4.2868571858   0.0030548924  -0.0008944592  -0.0041985307
   4.3012910484   0.0033846805  -0.0011258269  -0.0045268492
   4.3157249110   0.0038696740  -0.0014466537  -0.0049447636
   4.3301587735   0.0044644010  -0.0017872167  -0.0055326132
   4.3445926361   0.0050545223  -0.0020503837  -0.0063015626
   4.3590264987   0.0054898223  -0.0021440935  -0.0071759943
   4.3734603613   0.0056215729  -0.0020093929  -0.0080025167
   4.3878942239   0.0053400763  -0.0016347627  -0.0085847116
   4.4023280864   0.0046078975  -0.0010538969  -0.0087343806
   4.4167619490   0.0034803525  -0.0003301960  -0.0083239926
   4.4311958116   0.0021024707   0.0004650877  -0.0073236769
   4.4456296742   0.0006760183   0.0012734105  -0.0058104666
   4.4600635367  -0.0005982355   0.0020622057  -0.0039464912
   4.4744973993  -0.0015842936   0.0028277587  -0.0019334029
   4.4889312619  -0.0022547103   0.0035877637   0.0000414478
   4.5033651245  -0.0026930626   0.0043664167   0.0018489479
   4.5177989871  -0.0030501118   0.0051768314   0.0034381941
   4.5322328496  -0.0034694427   0.0060063032   0.0048275892
   4.5466667122  -0.0040135015   0.0068092727   0.0060727503
   4.5611005748  -0.0046226210   0.0075108041   0.0072248696
   4.5755344374  -0.0051264504   0.0080203788   0.0082956273
   4.5899682999  -0.0053049497   0.0082525843   0.0092412302
   4.6044021625  -0.0049747869   0.0081487916   0.0099704389
   4.6188360251  -0.0040660509   0.0076930952   0.0103726780
   4.6332698877  -0.0026582853   0.0069171577   0.0103556460
   4.6477037503  -0.0009618522   0.0058920144   0.0098792764
   4.6621376128   0.0007470867   0.0047093418   0.0089748605
   4.6765714754   0.0022117214   0.0034585484   0.0077435351
   4.6910053380   0.0032673092   0.0022076516   0.0063350933
   4.7054392006   0.0038761420   0.0009943722   0.0049139686
   4.7198730632   0.0041162650  -0.0001703288   0.0036225703
   4.7343069257   0.0041339205  -0.0012891704   0.0025522401
   4.7487407883   0.0040818905  -0.0023625932   0.0017293087
   4.7631746509   0.0040674997  -0.0033772868   0.0011191700
   4.7776085135   0.0041259925  -0.0043039724   0.0006462844
   4.7920423760   0.0042224964  -0.0051046589   0.0002238035
   4.8064762386   0.0042751709  -0.0057453110  -0.0002159905
   4.8209101012   0.0041874728  -0.0062078052  -0.0006993909
   4.8353439638   0.0038789080  -0.0064959265  -0.0012036999
   4.8497778264   0.0033081514  -0.0066332324  -0.0016664919
   4.8642116889   0.0024863070  -0.0066542120  -0.0020084503
   4.8786455515   0.0014794748  -0.0065926369  -0.0021620301
   4.8930794141   0.0003995084  -0.0064715020  -0.0020962768
   4.9075132767  -0.0006176989  -0.0062977015  -0.0018295766
   4.9219471393  -0.0014440970  -0.0060624985  -0.0014264162
   4.9363810018  -0.0019942896  -0.0057469420  -0.0009797082
   4.9508148644  -0.0022519170  -0.0053302360  -0.0005848600
   4.9652487270  -0.0022762901  -0.0047987432  -0.0003140073
   4.9796825896  -0.0021836748  -0.0041534992  -0.0001982438
   4.9941164521  -0.0021073707  -0.0034145387  -0.0002227765
   5.0085503147  -0.0021502186  -0.0026208729  -0.0003358112
   5.0229841773  -0.0023476218  -0.0018256926  -0.0004678608
   5.0374180399  -0.0026559464  -0.0010873619  -0.0005551846
   5.0518519025  -0.0029712647  -0.0004579150  -0.0005600448
   5.0662857650  -0.0031710803   0.0000282522  -0.0004817313
   5.0807196276  -0.0031623674   0.0003624174  -0.0003554409
   5.0951534902  -0.0029170073   0.0005637140  -0.0002399981
   5.1095873528  -0.0024813509   0.0006743013  -0.0001986844
   5.1240212154  -0.0019575114   0.0007483729  -0.0002790949
   5.1384550779  -0.0014653079   0.0008378720  -0.0004977195
   5.1528889405  -0.0011007544   0.0009790752  -0.0008332830
   5.1673228031  -0.0009069410   0.0011841810  -0.0012304600
   5.1817566657  -0.0008666336   0.0014404958  -0.0016129479
   5.1961905282  -0.0009163037   0.0017171659  -0.0019024573
   5.2106243908  -0.0009731394   0.0019766747  -0.0020384659
   5.2250582534  -0.0009633156   0.0021866987  -0.0019931829
   5.2394921160  -0.0008420872   0.0023281709  -0.0017774854
   5.2539259786  -0.0006018972   0.0023973813  -0.0014363785
   5.2683598411  -0.0002701034   0.0024026235  -0.0010357962
   5.2827937037   0.0000995969   0.0023579262  -0.0006450436
   5.2972275663   0.0004387369   0.0022769289  -0.0003199967
   5.3116614289   0.0006774824   0.0021690403  -0.0000913192
   5.3260952914   0.0007597306   0.0020384638   0.0000399186
   5.3405291540   0.0006585444   0.0018854500   0.0000988780
   5.3549630166   0.0003880325   0.0017086869   0.0001271980
   5.3693968792   0.0000063005   0.0015079360   0.0001694065
   5.3838307418  -0.0003944387   0.0012863785   0.0002587979
   5.3982646043  -0.0007100409   0.0010522880   0.0004063075
   5.4126984669  -0.0008528664   0.0008195890   0.0005954361
   5.4271323295  -0.0007768885   0.0006068082   0.0007850012
   5.4415661921  -0.0004903500   0.0004341384   0.0009195735
   5.4560000547  -0.0000514350   0.0003188706   0.0009453382
   5.4704339172   0.0004508624   0.0002701670   0.0008274133
   5.4848677798   0.0009227535   0.0002847590   0.0005638695
   5.4993016424   0.0012885051   0.0003453342   0.0001921354
   5.5137355050   0.0015024825   0.0004228899  -0.0002148584
   5.5281693675   0.0015483970   0.0004831518  -0.0005628762
   5.5426032301   0.0014298489   0.0004956109  -0.0007581301
   5.5570370927   0.0011597337   0.0004424423  -0.0007314171
   5.5714709553   0.0007552901   0.0003241973  -0.0004583319
   5.5859048179   0.0002410900   0.0001600709   0.0000301794
   5.6003386804  -0.0003433311  -0.0000175306   0.0006503742
   5.6147725430  -0.0009380386  -0.0001722512   0.0012814303
   5.6292064056  -0.0014657095  -0.0002736375   0.0017908532
   5.6436402682  -0.0018449420  -0.0003043556   0.0020635175
   5.6580741308  -0.0020099996  -0.0002628782   0.0020274049
   5.6725079933  -0.0019293277  -0.0001616517   0.0016700825
   5.6869418559  -0.0016153802  -0.0000222992   0.0010423809
   5.7013757185  -0.0011222031   0.0001300456   0.0002487755
   5.7158095811  -0.0005324866   0.0002716444  -0.0005731938
   5.7302434436   0.0000604853   0.0003836193  -0.0012800618
   5.7446773062   0.0005700616   0.0004540619  -0.0017506622
   5.7591111688   0.0009290051   0.0004790748  -0.0019098677
   5.7735450314   0.0010973370   0.0004627806  -0.0017430841
   5.7879788940   0.0010665966   0.0004160334  -0.0012984084
   5.8024127565   0.0008615656   0.0003536278  -0.0006757775
   5.8168466191   0.0005388012   0.0002903020  -0.0000052758
   5.8312804817   0.0001799420   0.0002365042   0.0005806100
   5.8457143443  -0.0001218636   0.0001953121   0.0009743992
   5.8601482069  -0.0002816465   0.0001617249   0.0011143447
   5.8745820694  -0.0002443359   0.0001247816   0.0009939584
   5.8890159320  -0.0000019919   0.0000718908   0.0006588743
   5.9034497946   0.0003999274  -0.0000061450   0.0001928928
   5.9178836572   0.0008708242  -0.0001112416  -0.0003024571
   5.9323175197   0.0012964587  -0.0002366655  -0.0007294989
   5.9467513823   0.0015676231  -0.0003685436  -0.0010123762
   5.9611852449   0.0016073061  -0.0004894558  -0.0011083545
   5.9756191075   0.0013883646  -0.0005825969  -0.0010115131
   5.9900529701   0.0009374088  -0.0006350189  -0.0007496971
   6.0044868326   0.0003255673  -0.0006391879  -0.0003766676
   6.0189206952  -0.0003491794  -0.0005930360   0.0000383634
   6.0333545578  -0.0009819001  -0.0004993265   0.0004219784
   6.0477884204  -0.0014778323  -0.0003651333   0.0007072826
   6.0622222830  -0.0017644163  -0.0002016801   0.0008431765
   6.0766561455  -0.0017984917  -0.0000241350   0.0008013236
   6.0910900081  -0.0015700413   0.0001493276   0.0005799465
   6.1055238707  -0.0011034305   0.0002996037   0.0002038112
   6.1199577333  -0.0004558732   0.0004096475  -0.0002796203
   6.1343915958   0.0002880057   0.0004675749  -0.0008070325
   6.1488254584   0.0010263940   0.0004689318  -0.0013076454
   6.1632593210   0.0016548534   0.0004175099  -0.0017117018
   6.1776931836   0.0020830210   0.0003246775  -0.0019582258
   6.1921270462   0.0022499802   0.0002076871  -0.0020019701
   6.2065609087   0.0021346783   0.0000875640  -0.0018197292
   6.2209947713   0.0017588639  -0.0000130552  -0.0014156884
   6.2354286339   0.0011819743  -0.0000721879  -0.0008245476
   6.2498624965   0.0004895077  -0.0000712217  -0.0001105560
   6.2642963590  -0.0002220551   0.0000016618   0.0006390226
   6.2787302216  -0.0008602701   0.0001476152   0.0013260385
   6.2931640842  -0.0013488604   0.0003537916   0.0018572731
   6.3075979468  -0.0016355670   0.0005920453   0.0021605345
   6.3220318094  -0.0016958281   0.0008210424   0.0021972514
   6.3364656719  -0.0015333014   0.0009922789   0.0019686918
   6.3508995345  -0.0011782460   0.0010591193   0.0015146866
   6.3653333971  -0.0006840961   0.0009866911   0.0009056317
   6.3797672597  -0.0001218327   0.0007599284   0.0002299382
   6.3942011223   0.0004283430   0.0003875441  -0.0004203111
   6.4086349848   0.0008877517  -0.0000989517  -0.0009629239
   6.4230688474   0.0011908253  -0.0006505159  -0.0013364498
   6.4375027100   0.0012949947  -0.0012083346  -0.0015071359
   6.4519365726   0.0011863647  -0.0017120281  -0.0014714143
   6.4663704351   0.0008798818  -0.0021067551  -0.0012538086
   6.4808042977   0.0004145020  -0.0023485403  -0.0009006002
   6.4952381603  -0.0001546621  -0.0024078790  -0.0004701947
   6.5096720229  -0.0007648312  -0.0022719659  -0.0000218487
   6.5241058855  -0.0013529910  -0.0019457472   0.0003949848
   6.5385397480  -0.0018617619  -0.0014516577   0.0007483093
   6.5529736106  -0.0022440793  -0.0008276975   0.0010264253
   6.5674074732  -0.0024671294  -0.0001236329   0.0012353720
   6.5818413358  -0.0025153732   0.0006044213   0.0013919026
   6.5962751984  -0.0023918012   0.0013001645   0.0015142377
   6.6107090609  -0.0021164280   0.0019127232   0.0016134659
   6.6251429235  -0.0017217452   0.0024004901   0.0016881704
   6.6395767861  -0.0012460951   0.0027326211   0.0017237330
   6.6540106487  -0.0007270104   0.0028886295   0.0016962148
   6.6684445112  -0.0001967718   0.0028573930   0.0015793057
   6.6828783738   0.0003185220   0.0026370908   0.0013520817
   6.6973122364   0.0007968252   0.0022369002   0.0010054046
   6.7117460990   0.0012170449   0.0016799570   0.0005455569
   6.7261799616   0.0015576063   0.0010058212  -0.0000053310
   6.7406138241   0.0017983422   0.0002702334  -0.0006117545
   6.7550476867   0.0019252927  -0.0004593194  -0.0012295134
   6.7694815493   0.0019359867  -0.0011120689  -0.0018117514
   6.7839154119   0.0018420688  -0.0016245244  -0.0023153827
   6.7983492745   0.0016672623  -0.0019501605  -0.0027067588
   6.8127831370   0.0014410830  -0.0020654810  -0.0029653737
   6.8272169996   0.0011910429  -0.0019710315  -0.0030846880
   6.8416508622   0.0009369207  -0.0016877315  -0.0030698698
   6.8560847248   0.0006895033  -0.0012503817  -0.0029331993
   6.8705185873   0.0004537024  -0.0007008058  -0.0026887143
   6.8849524499   0.0002336072  -0.0000826807  -0.0023480011
   6.8993863125   0.0000362231   0.0005610170  -0.0019187092
   6.9138201751  -0.0001282283   0.0011883542  -0.0014064253
   6.9282540377  -0.0002492796   0.0017579599  -0.0008192889
   6.9426879002  -0.0003202822   0.0022293489  -0.0001735705
   6.9571217628  -0.0003408555   0.0025651256   0.0005021908
   6.9715556254  -0.0003162054   0.0027350506   0.0011666642
   6.9859894880  -0.0002538824   0.0027208664   0.0017698811
   7.0004233506  -0.0001602036   0.0025202104   0.0022614662
   7.0148572131  -0.0000387747   0.0021481545   0.0026007360
   7.0292910757   0.0001077731   0.0016357470   0.0027655519
   7.0437249383   0.0002737558   0.0010259299   0.0027570069
   7.0581588009   0.0004465731   0.0003679117   0.0025982996
   7.0725926634   0.0006056076  -0.0002887391   0.0023280623
   7.0870265260   0.0007251508  -0.0008992303   0.0019902804
   7.1014603886   0.0007805707  -0.0014272546   0.0016240869
   7.1158942512   0.0007552585  -0.0018469773   0.0012567021
   7.1303281138   0.0006454737  -0.0021433222   0.0009015764
   7.1447619763   0.0004612038  -0.0023108575   0.0005618197
   7.1591958389   0.0002230016  -0.0023518262   0.0002369981
   7.1736297015  -0.0000435199  -0.0022739728  -0.0000698521
   7.1880635641  -0.0003130971  -0.0020887348  -0.0003481004
   7.2024974266  -0.0005641740  -0.0018101327  -0.0005800895
   7.2169312892  -0.0007795857  -0.0014544153  -0.0007461664
   7.2313651518  -0.0009453711  -0.0010402882  -0.0008320285
   7.2457990144  -0.0010493128  -0.0005893615  -0.0008352103
   7.2602328770  -0.0010806643  -0.0001262933  -0.0007678269
   7.2746667395  -0.0010316468   0.0003219476  -0.0006541834
   7.2891006021  -0.0009001888   0.0007280709  -0.0005239610
   7.3035344647  -0.0006925882   0.0010675384  -0.0004035223
   7.3179683273  -0.0004246212   0.0013218875  -0.0003086676
   7.3324021899  -0.0001201455   0.0014810733  -0.0002415629
   7.3468360524   0.0001927852   0.0015438318  -0.0001928013
   7.3612699150   0.0004872409   0.0015159091  -0.0001474261
   7.3757037776   0.0007424281   0.0014070112  -0.0000921850
   7.3901376402   0.0009466299   0.0012279115  -0.0000209648
   7.4045715027   0.0010970269   0.0009889603   0.0000636240
   7.4190053653   0.0011965811   0.0007003969   0.0001526987
   7.4334392279   0.0012494204   0.0003738717   0.0002359650
   7.4478730905   0.0012568528   0.0000239635   0.0003063916
   7.4623069531   0.0012159065  -0.0003314792   0.0003623879
   7.4767408156   0.0011211435  -0.0006727192   0.0004065578
   7.4911746782   0.0009689253  -0.0009808753   0.0004419155
   7.5056085408   0.0007620465  -0.0012409333   0.0004678081
   7.5200424034   0.0005123616  -0.0014436918   0.0004780004
   7.5344762660   0.0002399222  -0.0015857541   0.0004622858
   7.5489101285  -0.0000311855  -0.0016676339   0.0004111096
   7.5633439911  -0.0002785015  -0.0016910433   0.0003210008
   7.5777778537  -0.0004858727  -0.0016569188   0.0001980068
   7.5922117163  -0.0006453125  -0.0015653548   0.0000571962
   7.6066455788  -0.0007557975  -0.0014175278  -0.0000817994
   7.6210794414  -0.0008203812  -0.0012184828  -0.0002012668
   7.6355133040  -0.0008436865  -0.0009790651  -0.0002909859
   7.6499471666  -0.0008311939  -0.0007156654  -0.0003504478
   7.6643810292  -0.0007902061  -0.0004476166  -0.0003869376
   7.6788148917  -0.0007309612  -0.0001933441  -0.0004106813
   7.6932487543  -0.0006660510   0.0000329853  -0.0004295456
   7.7076826169  -0.0006073410   0.0002229103  -0.0004457854
   7.7221164795  -0.0005614008   0.0003728950  -0.0004561384
   7.7365503421  -0.0005258875   0.0004822031  -0.0004548347
   7.7509842046  -0.0004894161   0.0005509461  -0.0004377006
   7.7654180672  -0.0004359668   0.0005795575  -0.0004051330
   7.7798519298  -0.0003525255   0.0005699635  -0.0003624447
   7.7942857924  -0.0002366853   0.0005275849  -0.0003174974
   7.8087196549  -0.0001004764   0.0004626707  -0.0002769125
   7.8231535175   0.0000318896   0.0003896881  -0.0002428026
   7.8375873801   0.0001319677   0.0003244630  -0.0002116210
   7.8520212427   0.0001776361   0.0002799598  -0.0001756307
   7.8664551053   0.0001618287   0.0002623868  -0.0001262727
   7.8808889678   0.0000956941   0.0002693032  -0.0000579716
   7.8953228304   0.0000048485   0.0002905969   0.0000290551
   7.9097566930  -0.0000796337   0.0003120113   0.0001278056
   7.9241905556  -0.0001317219   0.0003198894   0.0002253961
   7.9386244181  -0.0001383314   0.0003054142   0.0003054472
   7.9530582807  -0.0001020176   0.0002669656   0.0003514226
   7.9674921433  -0.0000382428   0.0002100577   0.0003504093
   7.9819260059   0.0000309277   0.0001452304   0.0002967590
