   0.0000000000   0.0000000000   0.0000000000   0.0000000000
   0.0144338626   0.0000000000   0.0000000000   0.0000000000
   0.0288677252   0.0000000000   0.0000000000   0.0000000000
   0.0433015877   0.0000000000   0.0000000000   0.0000000000
   0.0577354503   0.0000000000   0.0000000000   0.0000000000
   0.0721693129   0.0000000000   0.0000000000   0.0000000000
   0.0866031755   0.0000000000   0.0000000000   0.0000000000
   0.1010370380   0.0000000000   0.0000000000   0.0000000000
   0.1154709006  -0.0000000000  -0.0000000000   0.0000000000
   0.1299047632  -0.0000000000  -0.0000000000   0.0000000000
   0.1443386258  -0.0000000000  -0.0000000000   0.0000000000
   0.1587724884  -0.0000000000  -0.0000000000   0.0000000000
   0.1732063509  -0.0000000000  -0.0000000000   0.0000000000
   0.1876402135  -0.0000000000  -0.0000000000   0.0000000000
   0.2020740761  -0.0000000000  -0.0000000000   0.0000000000
   0.2165079387   0.0000000000   0.0000000000   0.0000000000
   0.2309418013   0.0000000000   0.0000000000   0.0000000000
   0.2453756638   0.0000000000  -0.0000000000  -0.0000000000
   0.2598095264   0.0000000000  -0.0000000000  -0.0000000000
   0.2742433890   0.0000000000  -0.0000000000  -0.0000000000
   0.2886772516   0.0000000000   0.0000000000  -0.0000000000
   0.3031111141  -0.0000000000   0.0000000000   0.0000000000
   0.3175449767  -0.0000000000   0.0000000000   0.0000000000
   0.3319788393  -0.0000000000   0.0000000000   0.0000000000
   0.3464127019  -0.0000000000   0.0000000000   0.0000000000
   0.3608465645   0.0000000000   0.0000000000  -0.0000000000
   0.3752804270   0.0000000000   0.0000000000  -0.0000000000
   0.3897142896   0.0000000000  -0.0000000000  -0.0000000000
   0.4041481522   0.0000000000  -0.0000000000  -0.0000000000
   0.4185820148  -0.0000000000  -0.0000000000  -0.0000000000
   0.4330158774  -0.0000000000  -0.0000000000   0.0000000000
   0.4474497399  -0.0000000000  -0.0000000000   0.0000000000
   0.4618836025  -0.0000000000  -0.0000000000   0.0000000000
   0.4763174651   0.0000000000   0.0000000000  -0.0000000000
   0.4907513277   0.0000000000   0.0000000000  -0.0000000000
   0.5051851902   0.0000000000   0.0000000000  -0.0000000000
   0.5196190528  -0.0000000000   0.0000000000   0.0000000000
   0.5340529154  -0.0000000000  -0.0000000000   0.0000000000
   0.5484867780  -0.0000000000  -0.0000000000   0.0000000000
   0.5629206406   0.0000000000  -0.0000000000   0.0000000000
   0.5773545031   0.0000000000   0.0000000000  -0.0000000000
   0.5917883657   0.0000000000   0.0000000000  -0.0000000000
   0.6062222283  -0.0000000000   0.0000000000  -0.0000000000
   0.6206560909  -0.0000000000   0.0000000000   0.0000000000
   0.6350899535  -0.0000000000  -0.0000000000   0.0000000000
   0.6495238160   0.0000000000  -0.0000000000   0.0000000000
   0.6639576786   0.0000000000  -0.0000000000  -0.0000000000
   0.6783915412   0.0000000000  -0.0000000000  -0.0000000000
   0.6928254038  -0.0000000000   0.0000000000   0.0000000000
   0.7072592663  -0.0000000000   0.0000000000   0.0000000000
   0.7216931289  -0.0000000000   0.0000000000   0.0000000000
   0.7361269915   0.0000000000  -0.0000000000  -0.0000000000
   0.7505608541   0.0000000000  -0.0000000000  -0.0000000000
   0.7649947167   0.0000000000  -0.0000000000  -0.0000000000
   0.7794285792  -0.0000000000   0.0000000000   0.0000000000
   0.7938624418  -0.0000000000   0.0000000000   0.0000000000
   0.8082963044  -0.0000000000   0.0000000000   0.0000000000
   0.8227301670   0.0000000000  -0.0000000000  -0.0000000000
   0.8371640296   0.0000000000  -0.0000000000  -0.0000000000
   0.8515978921   0.0000000000  -0.0000000000  -0.0000000000
   0.8660317547  -0.0000000000  -0.0000000000  -0.0000000000
   0.8804656173  -0.0000000000   0.0000000000   0.0000000000
   0.8948994799  -0.0000000000   0.0000000000   0.0000000000
   0.9093333424  -0.0000000000   0.0000000000   0.0000000000
   0.9237672050   0.0000000000  -0.0000000000  -0.0000000000
   0.9382010676   0.0000000000  -0.0000000000  -0.0000000000
   0.9526349302   0.0000000000  -0.0000000000  -0.0000000000
   0.9670687928  -0.0000000000   0.0000000000   0.0000000000
   0.9815026553  -0.0000000000   0.0000000000   0.0000000000
   0.9959365179  -0.0000000000   0.0000000000   0.0000000000
   1.0103703805   0.0000000000  -0.0000000000  -0.0000000000
   1.0248042431   0.0000000000  -0.0000000000  -0.0000000000
   1.0392381056   0.0000000000  -0.0000000000  -0.0000000000
   1.0536719682  -0.0000000000   0.0000000000   0.0000000000
   1.0681058308  -0.0000000000   0.0000000000   0.0000000000
   1.0825396934  -0.0000000000   0.0000000000   0.0000000000
   1.0969735560   0.0000000000  -0.0000000000  -0.0000000000
   1.1114074185   0.0000000000  -0.0000000000  -0.0000000000
   1.1258412811   0.0000000000  -0.0000000000  -0.0000000000
   1.1402751437  -0.0000000000   0.0000000000   0.0000000000
   1.1547090063  -0.0000000000   0.0000000000   0.0000000000
   1.1691428689  -0.0000000000   0.0000000000   0.0000000000
   1.1835767314   0.0000000000  -0.0000000000  -0.0000000000
   1.1980105940   0.0000000000  -0.0000000000  -0.0000000000
   1.2124444566   0.0000000000  -0.0000000000  -0.0000000000
   1.2268783192  -0.0000000000   0.0000000000   0.0000000000
   1.2413121817  -0.0000000000   0.0000000000   0.0000000000
   1.2557460443  -0.0000000000   0.0000000000   0.0000000000
   1.2701799069   0.0000000000  -0.0000000000  -0.0000000000
   1.2846137695   0.0000000000  -0.0000000000  -0.0000000000
   1.2990476321   0.0000000000  -0.0000000000  -0.0000000000
   1.3134814946  -0.0000000000   0.0000000000   0.0000000000
   1.3279153572  -0.0000000000   0.0000000000   0.0000000000
   1.3423492198  -0.0000000000   0.0000000000   0.0000000000
   1.3567830824   0.0000000000  -0.0000000000  -0.0000000000
   1.3712169450   0.0000000000  -0.0000000000  -0.0000000000
   1.3856508075   0.0000000000  -0.0000000000  -0.0000000000
   1.4000846701  -0.0000000000   0.0000000000   0.0000000000
   1.4145185327  -0.0000000000   0.0000000000   0.0000000000
   1.4289523953  -0.0000000000   0.0000000000   0.0000000000
   1.4433862578   0.0000000000  -0.0000000000  -0.0000000000
   1.4578201204   0.0000000000  -0.0000000000  -0.0000000000
   1.4722539830   0.0000000000  -0.0000000000  -0.0000000000
   1.4866878456  -0.0000000000   0.0000000000   0.0000000000
   1.5011217082  -0.0000000000   0.0000000000   0.0000000000
   1.5155555707  -0.0000000000   0.0000000000   0.0000000000
   1.5299894333  -0.0000000000   0.0000000000  -0.0000000000
   1.5444232959   0.0000000000  -0.0000000000  -0.0000000000
   1.5588571585   0.0000000000  -0.0000000000  -0.0000000000
   1.5732910211   0.0000000000   0.0000000000   0.0000000000
   1.5877248836  -0.0000000000   0.0000000000   0.0000000000
   1.6021587462  -0.0000000000   0.0000000000   0.0000000000
   1.6165926088  -0.0000000000  -0.0000000000   0.0000000000
   1.6310264714   0.0000000000  -0.0000000000  -0.0000000000
   1.6454603339   0.0000000000  -0.0000000000  -0.0000000000
   1.6598941965   0.0000000000   0.0000000000  -0.0000000000
   1.6743280591  -0.0000000000   0.0000000000   0.0000000000
   1.6887619217  -0.0000000000   0.0000000000   0.0000000000
   1.7031957843  -0.0000000000  -0.0000000000   0.0000000000
   1.7176296468   0.0000000000  -0.0000000000   0.0000000000
   1.7320635094   0.0000000000  -0.0000000000   0.0000000000
   1.7464973720   0.0000000000   0.0000000000  -0.0000000000
   1.7609312346  -0.0000000000   0.0000000000  -0.0000000000
   1.7753650971  -0.0000000000   0.0000000000  -0.0000000000
   1.7897989597  -0.0000000000   0.0000000000  -0.0000000000
   1.8042328223   0.0000000000  -0.0000000000   0.0000000000
   1.8186666849   0.0000000000  -0.0000000000   0.0000000000
   1.8331005475   0.0000000000  -0.0000000000   0.0000000000
   1.8475344100  -0.0000000000  -0.0000000000   0.0000000000
   1.8619682726  -0.0000000000   0.0000000000  -0.0000000000
   1.8764021352  -0.0000000000   0.0000000000  -0.0000000000
   1.8908359978   0.0000000000   0.0000000000  -0.0000000000
   1.9052698604   0.0000000000   0.0000000000  -0.0000000000
   1.9197037229   0.0000000000  -0.0000000000   0.0000000000
   1.9341375855   0.0000000000  -0.0000000000   0.0000000000
   1.9485714481  -0.0000000000  -0.0000000000   0.0000000000
   1.9630053107  -0.0000000000  -0.0000000000   0.0000000000
   1.9774391732  -0.0000000000  -0.0000000000   0.0000000000
   1.9918730358  -0.0000000000   0.0000000000  -0.0000000000
   2.0063068984  -0.0000000000   0.0000000000  -0.0000000000
   2.0207407610   0.0000000000   0.0000000000  -0.0000000000
   2.0351746236   0.0000000000   0.0000000000  -0.0000000000
   2.0496084861   0.0000000000  -0.0000000000   0.0000000000
   2.0640423487   0.0000000000  -0.0000000000   0.0000000000
   2.0784762113   0.0000000000  -0.0000000000   0.0000000000
   2.0929100739  -0.0000000000  -0.0000000000   0.0000000000
   2.1073439365  -0.0000000000   0.0000000000  -0.0000000000
   2.1217777990  -0.0000000000   0.0000000000  -0.0000000000
   2.1362116616  -0.0000000000   0.0000000000  -0.0000000000
   2.1506455242   0.0000000000   0.0000000000  -0.0000000000
   2.1650793868   0.0000000000  -0.0000000000   0.0000000000
   2.1795132493   0.0000000000  -0.0000000000   0.0000000000
   2.1939471119   0.0000000000  -0.0000000000   0.0000000000
   2.2083809745  -0.0000000000  -0.0000000000   0.0000000000
   2.2228148371  -0.0000000000  -0.0000000000   0.0000000000
   2.2372486997  -0.0000000000   0.0000000000  -0.0000000000
   2.2516825622  -0.0000000000   0.0000000000  -0.0000000000
   2.2661164248   0.0000000000   0.0000000000  -0.0000000000
   2.2805502874   0.0000000000   0.0000000000  -0.0000000000
   2.2949841500   0.0000000000  -0.0000000000   0.0000000000
   2.3094180126   0.0000000000  -0.0000000000   0.0000000000
   2.3238518751  -0.0000000000  -0.0000000000   0.0000000000
   2.3382857377  -0.0000000000  -0.0000000000   0.0000000000
   2.3527196003  -0.0000000000  -0.0000000000  -0.0000000000
   2.3671534629  -0.0000000000   0.0000000000  -0.0000000000
   2.3815873254  -0.0000000000   0.0000000000  -0.0000000000
   2.3960211880   0.0000000000   0.0000000000  -0.0000000000
   2.4104550506   0.0000000000   0.0000000000  -0.0000000000
   2.4248889132   0.0000000000  -0.0000000000   0.0000000001
   2.4393227758   0.0000000000  -0.0000000000   0.0000000001
   2.4537566383  -0.0000000000  -0.0000000001   0.0000000002
   2.4681905009  -0.0000000000  -0.0000000001   0.0000000001
   2.4826243635  -0.0000000000   0.0000000000  -0.0000000001
   2.4970582261  -0.0000000000   0.0000000001  -0.0000000004
   2.5114920887  -0.0000000000   0.0000000002  -0.0000000007
   2.5259259512   0.0000000001   0.0000000002  -0.0000000007
   2.5403598138   0.0000000001   0.0000000001  -0.0000000002
   2.5547936764   0.0000000002  -0.0000000002   0.0000000009
   2.5692275390   0.0000000001  -0.0000000006   0.0000000020
   2.5836614015  -0.0000000001  -0.0000000009   0.0000000027
   2.5980952641  -0.0000000003  -0.0000000008   0.0000000018
   2.6125291267  -0.0000000006  -0.0000000000  -0.0000000009
   2.6269629893  -0.0000000006   0.0000000012  -0.0000000050
   2.6413968519  -0.0000000002   0.0000000026  -0.0000000086
   2.6558307144   0.0000000006   0.0000000032  -0.0000000089
   2.6702645770   0.0000000015   0.0000000020  -0.0000000034
   2.6846984396   0.0000000021  -0.0000000014   0.0000000082
   2.6991323022   0.0000000017  -0.0000000061   0.0000000223
   2.7135661647  -0.0000000002  -0.0000000101   0.0000000313
   2.7280000273  -0.0000000032  -0.0000000101   0.0000000258
   2.7424338899  -0.0000000061  -0.0000000036  -0.0000000002
   2.7568677525  -0.0000000070   0.0000000095  -0.0000000430
   2.7713016151  -0.0000000039   0.0000000252  -0.0000000862
   2.7857354776   0.0000000037   0.0000000350  -0.0000001025
   2.8001693402   0.0000000138   0.0000000292  -0.0000000649
   2.8146032028   0.0000000216   0.0000000016   0.0000000364
   2.8290370654   0.0000000209  -0.0000000441   0.0000001775
   2.8434709280   0.0000000069  -0.0000000911   0.0000002962
   2.8579047905  -0.0000000200  -0.0000001115   0.0000003072
   2.8723386531  -0.0000000509  -0.0000000776   0.0000001414
   2.8867725157  -0.0000000697   0.0000000222  -0.0000002046
   2.9012063783  -0.0000000582   0.0000001671  -0.0000006293
   2.9156402408  -0.0000000057   0.0000002980  -0.0000009293
   2.9300741034   0.0000000800   0.0000003317  -0.0000008633
   2.9445079660   0.0000001678   0.0000001957  -0.0000002706
   2.9589418286   0.0000002087  -0.0000001250   0.0000007948
   2.9733756912   0.0000001540  -0.0000005495   0.0000019854
   2.9878095537  -0.0000000160  -0.0000008972   0.0000027074
   3.0022434163  -0.0000002674  -0.0000009381   0.0000023275
   3.0166772789  -0.0000005038  -0.0000004942   0.0000005009
   3.0311111415  -0.0000005894   0.0000004387  -0.0000025044
   3.0455450041  -0.0000004033   0.0000016063  -0.0000056661
   3.0599788666   0.0000000884   0.0000025098  -0.0000074028
   3.0744127292   0.0000007744   0.0000025559  -0.0000061534
   3.0888465918   0.0000013907   0.0000013220  -0.0000011943
   3.1032804544   0.0000015892  -0.0000011522   0.0000066280
   3.1177143169   0.0000010799  -0.0000041850   0.0000146640
   3.1321481795  -0.0000001980  -0.0000065237   0.0000190432
   3.1465820421  -0.0000019491  -0.0000067286   0.0000160960
   3.1610159047  -0.0000035227  -0.0000038012   0.0000042244
   3.1754497673  -0.0000040879   0.0000021597  -0.0000145310
   3.1898836298  -0.0000029631   0.0000095825  -0.0000341012
   3.2043174924   0.0000000027   0.0000156097  -0.0000457699
   3.2187513550   0.0000041630   0.0000169531  -0.0000412723
   3.2331852176   0.0000080836   0.0000112439  -0.0000167228
   3.2476190802   0.0000099187  -0.0000015821   0.0000241802
   3.2620529427   0.0000080977  -0.0000184861   0.0000693524
   3.2764868053   0.0000021084  -0.0000336519   0.0001009937
   3.2909206679  -0.0000069437  -0.0000401228   0.0001015272
   3.3053545305  -0.0000163105  -0.0000324065   0.0000610984
   3.3197883930  -0.0000222685  -0.0000091917  -0.0000161911
   3.3342222556  -0.0000213785   0.0000249488  -0.0001102723
   3.3486561182  -0.0000119575   0.0000598274  -0.0001891469
   3.3630899808   0.0000047928   0.0000822399  -0.0002186521
   3.3775238434   0.0000245356   0.0000803606  -0.0001751956
   3.3919577059   0.0000407160   0.0000485702  -0.0000569850
   3.4063915685   0.0000465193  -0.0000090749   0.0001108785
   3.4208254311   0.0000373187  -0.0000782919   0.0002803548
   3.4352592937   0.0000127833  -0.0001376126   0.0003932593
   3.4496931563  -0.0000221689  -0.0001644149   0.0003992705
   3.4641270188  -0.0000580574  -0.0001421558   0.0002731834
   3.4785608814  -0.0000831002  -0.0000663908   0.0000252272
   3.4929947440  -0.0000864175   0.0000525954  -0.0002995735
   3.5074286066  -0.0000611748   0.0001916493  -0.0006332019
   3.5218624691  -0.0000066472   0.0003206717  -0.0009037989
   3.5362963317   0.0000714610   0.0004107505  -0.0010556958
   3.5507301943   0.0001625078   0.0004418898  -0.0010636639
   3.5651640569   0.0002536792   0.0004079098  -0.0009370219
   3.5795979195   0.0003330936   0.0003171514  -0.0007130928
   3.5940317820   0.0003922841   0.0001891078  -0.0004433147
   3.6084656446   0.0004274057   0.0000484521  -0.0001775675
   3.6228995072   0.0004390334  -0.0000813876   0.0000478155
   3.6373333698   0.0004309084  -0.0001831168   0.0002150763
   3.6517672323   0.0004082737  -0.0002478054   0.0003230031
   3.6662010949   0.0003764253  -0.0002744638   0.0003804621
   3.6806349575   0.0003398558  -0.0002678745   0.0003992627
   3.6950688201   0.0003020190  -0.0002359372   0.0003894429
   3.7095026827   0.0002654820  -0.0001875368   0.0003581373
   3.7239365452   0.0002321468  -0.0001313397   0.0003111185
   3.7383704078   0.0002033304  -0.0000753117   0.0002549241
   3.7528042704   0.0001796840  -0.0000264471   0.0001976380
   3.7672381330   0.0001610946   0.0000097109   0.0001476114
   3.7816719956   0.0001467447   0.0000298171   0.0001108750
   3.7961058581   0.0001354125   0.0000334242   0.0000888625
   3.8105397207   0.0001259307   0.0000231808   0.0000779004
   3.8249735833   0.0001176092   0.0000042305   0.0000708967
   3.8394074459   0.0001104160  -0.0000171081   0.0000604198
   3.8538413084   0.0001048367  -0.0000349463   0.0000416265
   3.8682751710   0.0001014960  -0.0000451392   0.0000136596
   3.8827090336   0.0001007581  -0.0000458819  -0.0000209575
   3.8971428962   0.0001025285  -0.0000375124  -0.0000582940
   3.9115767588   0.0001063591  -0.0000217981  -0.0000950669
   3.9260106213   0.0001117799  -0.0000011510  -0.0001296178
   3.9404444839   0.0001186443   0.0000218738  -0.0001614368
   3.9548783465   0.0001272609   0.0000447048  -0.0001897890
   3.9693122091   0.0001382123   0.0000646887  -0.0002125180
   3.9837460717   0.0001519443   0.0000791222  -0.0002259290
   3.9981799342   0.0001683486   0.0000855724  -0.0002259340
   4.0126137968   0.0001865645   0.0000824398  -0.0002098450
   4.0270476594   0.0002050967   0.0000695087  -0.0001778018
   4.0414815220   0.0002221694   0.0000481799  -0.0001330379
   4.0559153845   0.0002361285   0.0000212193  -0.0000808566
   4.0703492471   0.0002457206  -0.0000079055  -0.0000268887
   4.0847831097   0.0002501972  -0.0000358302   0.0000244657
   4.0992169723   0.0002493049  -0.0000599266   0.0000707023
   4.1136508349   0.0002432501  -0.0000785718   0.0001108365
   4.1280846974   0.0002326628  -0.0000910569   0.0001444207
   4.1425185600   0.0002185056  -0.0000973081   0.0001706597
   4.1569524226   0.0002018817  -0.0000976259   0.0001881797
   4.1713862852   0.0001837941  -0.0000925725   0.0001955435
   4.1858201478   0.0001650051  -0.0000829956   0.0001921293
   4.2002540103   0.0001461258  -0.0000700767   0.0001787719
   4.2146878729   0.0001278921  -0.0000552828   0.0001577345
   4.2291217355   0.0001113748  -0.0000401815   0.0001320146
   4.2435555981   0.0000978329  -0.0000261881   0.0001044275
   4.2579894606   0.0000881442  -0.0000143710   0.0000770367
   4.2724233232   0.0000821343  -0.0000054013   0.0000512274
   4.2868571858   0.0000783721   0.0000003788   0.0000282081
   4.3012910484   0.0000748190   0.0000028884   0.0000093674
   4.3157249110   0.0000701355   0.0000023556  -0.0000039828
   4.3301587735   0.0000648112  -0.0000005435  -0.0000113888
   4.3445926361   0.0000611381  -0.0000046299  -0.0000138820
   4.3590264987   0.0000616753  -0.0000084665  -0.0000136782
   4.3734603613   0.0000669726  -0.0000109331  -0.0000128113
   4.3878942239   0.0000741764  -0.0000118493  -0.0000115514
   4.4023280864   0.0000779342  -0.0000121589  -0.0000079846
   4.4167619490   0.0000736092  -0.0000133374   0.0000004249
   4.4311958116   0.0000609961  -0.0000161906   0.0000139690
   4.4456296742   0.0000458158  -0.0000197901   0.0000286113
   4.4600635367   0.0000372269  -0.0000214586   0.0000368405
   4.4744973993   0.0000421492  -0.0000182001   0.0000318686
   4.4889312619   0.0000597686  -0.0000089616   0.0000129554
   4.5033651245   0.0000802448   0.0000037345  -0.0000119585
   4.5177989871   0.0000894675   0.0000142169  -0.0000291463
   4.5322328496   0.0000777722   0.0000164551  -0.0000269069
   4.5466667122   0.0000473532   0.0000078817  -0.0000038840
   4.5611005748   0.0000131245  -0.0000081484   0.0000278666
   4.5755344374  -0.0000045918  -0.0000232265   0.0000482369
   4.5899682999   0.0000080484  -0.0000281703   0.0000407094
   4.6044021625   0.0000489654  -0.0000185209   0.0000035100
   4.6188360251   0.0000993262   0.0000020689  -0.0000470815
   4.6332698877   0.0001326417   0.0000229574  -0.0000842805
   4.6477037503   0.0001291012   0.0000319510  -0.0000854962
   4.6621376128   0.0000870626   0.0000221577  -0.0000457113
   4.6765714754   0.0000249900  -0.0000036948   0.0000184963
   4.6910053380  -0.0000275200  -0.0000340958   0.0000768836
   4.7054392006  -0.0000448600  -0.0000544207   0.0001010274
   4.7198730632  -0.0000185629  -0.0000543583   0.0000787792
   4.7343069257   0.0000384351  -0.0000331089   0.0000200677
   4.7487407883   0.0000984586   0.0000002817  -0.0000484675
   4.7631746509   0.0001330022   0.0000314003  -0.0000966091
   4.7776085135   0.0001266666   0.0000472834  -0.0001045932
   4.7920423760   0.0000841984   0.0000421765  -0.0000714784
   4.8064762386   0.0000274247   0.0000196549  -0.0000145246
   4.8209101012  -0.0000160238  -0.0000095737   0.0000395501
   4.8353439638  -0.0000263475  -0.0000328924   0.0000671652
   4.8497778264  -0.0000007456  -0.0000414935   0.0000585498
   4.8642116889   0.0000462802  -0.0000339820   0.0000215681
   4.8786455515   0.0000912747  -0.0000162923  -0.0000231534
   4.8930794141   0.0001141370   0.0000018907  -0.0000533799
   4.9075132767   0.0001076914   0.0000122788  -0.0000568251
   4.9219471393   0.0000794978   0.0000119510  -0.0000367392
   4.9363810018   0.0000454217   0.0000040586  -0.0000084264
   4.9508148644   0.0000193402  -0.0000049294   0.0000109836
   4.9652487270   0.0000055601  -0.0000095703   0.0000129744
   4.9796825896  -0.0000014321  -0.0000086039   0.0000017224
   4.9941164521  -0.0000102286  -0.0000050286  -0.0000104183
   5.0085503147  -0.0000238328  -0.0000033272  -0.0000124469
   5.0229841773  -0.0000353668  -0.0000059580  -0.0000024704
   5.0374180399  -0.0000313141  -0.0000115943   0.0000115138
   5.0518519025  -0.0000001549  -0.0000162171   0.0000178595
   5.0662857650   0.0000594358  -0.0000161092   0.0000097143
   5.0807196276   0.0001361393  -0.0000105371  -0.0000103233
   5.0951534902   0.0002104833  -0.0000022853  -0.0000321939
   5.1095873528   0.0002629044   0.0000041703  -0.0000450284
   5.1240212154   0.0002803087   0.0000054447  -0.0000435234
   5.1384550779   0.0002580321   0.0000010881  -0.0000299624
   5.1528889405   0.0001977751  -0.0000065392  -0.0000113963
   5.1673228031   0.0001045150  -0.0000139543   0.0000051432
   5.1817566657  -0.0000149118  -0.0000184608   0.0000158516
   5.1961905282  -0.0001510076  -0.0000190992   0.0000202979
   5.2106243908  -0.0002899426  -0.0000164094   0.0000197310
   5.2250582534  -0.0004127272  -0.0000116539   0.0000157565
   5.2394921160  -0.0004960876  -0.0000062857   0.0000103230
   5.2539259786  -0.0005150630  -0.0000018566   0.0000060008
   5.2683598411  -0.0004471487   0.0000000707   0.0000050139
   5.2827937037  -0.0002778449  -0.0000015317   0.0000070208
   5.2972275663  -0.0000069783  -0.0000063166   0.0000076528
   5.3116614289   0.0003458784  -0.0000122105   0.0000000589
   5.3260952914   0.0007392752  -0.0000162312  -0.0000205151
   5.3405291540   0.0011129188  -0.0000162501  -0.0000520324
   5.3549630166   0.0013960503  -0.0000125294  -0.0000846569
   5.3693968792   0.0015194547  -0.0000077799  -0.0001049013
   5.3838307418   0.0014283762  -0.0000055051  -0.0001025388
   5.3982646043   0.0010938047  -0.0000077248  -0.0000757047
   5.4126984669   0.0005204831  -0.0000136948  -0.0000309943
   5.4271323295  -0.0002491470  -0.0000204740   0.0000208697
   5.4415661921  -0.0011353859  -0.0000247927   0.0000702444
   5.4560000547  -0.0020263269  -0.0000248187   0.0001111944
   5.4704339172  -0.0027877932  -0.0000207425   0.0001407782
   5.4848677798  -0.0032783389  -0.0000141877   0.0001568837
   5.4993016424  -0.0033689136  -0.0000072505   0.0001569410
   5.5137355050  -0.0029655208  -0.0000018733   0.0001382339
   5.5281693675  -0.0020314965   0.0000004167   0.0000988749
   5.5426032301  -0.0006047746  -0.0000011962   0.0000384160
   5.5570370927   0.0011943794  -0.0000063550  -0.0000417579
   5.5714709553   0.0031680196  -0.0000133247  -0.0001373511
   5.5859048179   0.0050580207  -0.0000195858  -0.0002392425
   5.6003386804   0.0065749465  -0.0000231680  -0.0003321639
   5.6147725430   0.0074356419  -0.0000238973  -0.0003960331
   5.6292064056   0.0074059094  -0.0000235662  -0.0004107146
   5.6436402682   0.0063430694  -0.0000247487  -0.0003625967
   5.6580741308   0.0042314339  -0.0000289988  -0.0002498308
   5.6725079933   0.0012031683  -0.0000356493  -0.0000836473
   5.6869418559  -0.0024611607  -0.0000419959   0.0001145877
   5.7013757185  -0.0063542542  -0.0000447093   0.0003186580
   5.7158095811  -0.0099838795  -0.0000415839   0.0005024418
   5.7302434436  -0.0128301180  -0.0000326739   0.0006428010
   5.7446773062  -0.0144121674  -0.0000203480   0.0007204695
   5.7591111688  -0.0143577154  -0.0000083862   0.0007202942
   5.7735450314  -0.0124661357  -0.0000005990   0.0006323019
   5.7879788940  -0.0087552272   0.0000004845   0.0004541238
   5.8024127565  -0.0034818262  -0.0000055699   0.0001940406
   5.8168466191   0.0028696322  -0.0000170261  -0.0001268822
   5.8312804817   0.0096308007  -0.0000306481  -0.0004750108
   5.8457143443   0.0160202296  -0.0000428754  -0.0008073505
   5.8601482069   0.0212328589  -0.0000510815  -0.0010774037
   5.8745820694   0.0245381458  -0.0000544463  -0.0012426557
   5.8890159320   0.0253755615  -0.0000541006  -0.0012723188
   5.9034497946   0.0234349124  -0.0000524666  -0.0011537413
   5.9178836572   0.0187087885  -0.0000520550  -0.0008957123
   5.9323175197   0.0115071260  -0.0000542653  -0.0005271584
   5.9467513823   0.0024297142  -0.0000588036  -0.0000909003
   5.9611852449  -0.0077002123  -0.0000640653   0.0003659153
   5.9756191075  -0.0179318893  -0.0000682860   0.0008013831
   5.9900529701  -0.0272993028  -0.0000707624   0.0011849057
   6.0044868326  -0.0349352753  -0.0000723428   0.0014980307
   6.0189206952  -0.0401727206  -0.0000748414   0.0017310626
   6.0333545578  -0.0426193949  -0.0000797431   0.0018783745
   6.0477884204  -0.0421951972  -0.0000870372   0.0019352950
   6.0622222830  -0.0391263068  -0.0000949057   0.0018977724
   6.0766561455  -0.0338976775  -0.0001004038   0.0017641639
   6.0910900081  -0.0271727282  -0.0001006815   0.0015377218
   6.1055238707  -0.0196942582  -0.0000940904   0.0012287207
   6.1199577333  -0.0121825291  -0.0000807456   0.0008558231
   6.1343915958  -0.0052454571  -0.0000624646   0.0004463762
   6.1488254584   0.0006869685  -0.0000422110   0.0000349713
   6.1632593210   0.0053957857  -0.0000232094  -0.0003404547
   6.1776931836   0.0088702217  -0.0000079373  -0.0006448742
   6.1921270462   0.0112712159   0.0000026590  -0.0008533353
   6.2065609087   0.0128696296   0.0000093063  -0.0009567244
   6.2209947713   0.0139722843   0.0000137099  -0.0009641397
   6.2354286339   0.0148509392   0.0000173582  -0.0009011760
   6.2498624965   0.0156877538   0.0000206256  -0.0008047166
   6.2642963590   0.0165462963   0.0000229311  -0.0007153783
   6.2787302216   0.0173713049   0.0000240450  -0.0006686822
   6.2931640842   0.0180147304   0.0000257672  -0.0006861041
   6.3075979468   0.0182810006   0.0000327750  -0.0007678765
   6.3220318094   0.0179813252   0.0000518221  -0.0008902708
   6.3364656719   0.0169854525   0.0000894127  -0.0010098762
   6.3508995345   0.0152599820   0.0001489543  -0.0010753514
   6.3653333971   0.0128853692   0.0002286566  -0.0010438354
   6.3797672597   0.0100487013   0.0003210597  -0.0008964656
   6.3942011223   0.0070148495   0.0004143979  -0.0006470167
   6.4086349848   0.0040830486   0.0004954230  -0.0003399866
   6.4230688474   0.0015381021   0.0005529345  -0.0000383473
   6.4375027100  -0.0003948116   0.0005810100   0.0001951939
   6.4519365726  -0.0015845309   0.0005808055   0.0003175340
   6.4663704351  -0.0020125744   0.0005600031   0.0003190674
   6.4808042977  -0.0017734280   0.0005297465   0.0002274870
   6.4952381603  -0.0010562036   0.0005000412   0.0000995109
   6.5096720229  -0.0001101984   0.0004755191   0.0000022321
   6.5241058855   0.0008001416   0.0004535114  -0.0000102621
   6.5385397480   0.0014429485   0.0004253743   0.0000833145
   6.5529736106   0.0016605039   0.0003804730   0.0002631786
   6.5674074732   0.0013967474   0.0003110310   0.0004756513
   6.5818413358   0.0007053570   0.0002157896   0.0006534113
   6.5962751984  -0.0002635009   0.0001010915   0.0007408789
   6.6107090609  -0.0012958475  -0.0000208878   0.0007146606
   6.6251429235  -0.0021603246  -0.0001360266   0.0005912565
   6.6395767861  -0.0026593948  -0.0002328826   0.0004195738
   6.6540106487  -0.0026742816  -0.0003064323   0.0002616273
   6.6684445112  -0.0021929353  -0.0003594909   0.0001688859
   6.6828783738  -0.0013136507  -0.0004010686   0.0001629428
   6.6973122364  -0.0002228421  -0.0004420851   0.0002275661
   6.7117460990   0.0008478021  -0.0004900876   0.0003153101
   6.7261799616   0.0016742386  -0.0005452779   0.0003666897
   6.7406138241   0.0020902296  -0.0005997404   0.0003349367
   6.7550476867   0.0020230717  -0.0006403497   0.0002065251
   6.7694815493   0.0015071069  -0.0006541362   0.0000086456
   6.7839154119   0.0006726186  -0.0006337779  -0.0002001634
   6.7983492745  -0.0002866029  -0.0005809129  -0.0003528758
   6.8127831370  -0.0011588699  -0.0005060003  -0.0004010016
   6.8272169996  -0.0017622252  -0.0004248821  -0.0003345662
   6.8416508622  -0.0019827285  -0.0003533978  -0.0001868834
   6.8560847248  -0.0017948909  -0.0003019986  -0.0000223415
   6.8705185873  -0.0012608697  -0.0002722616   0.0000878657
   6.8849524499  -0.0005106935  -0.0002566029   0.0000927581
   6.8993863125   0.0002899311  -0.0002414308  -0.0000187016
   6.9138201751   0.0009758849  -0.0002127157  -0.0002124782
   6.9282540377   0.0014152623  -0.0001618869  -0.0004211188
   6.9426879002   0.0015327390  -0.0000896553  -0.0005683814
   6.9571217628   0.0013205640  -0.0000060947  -0.0005980006
   6.9715556254   0.0008363892   0.0000731132  -0.0004956311
   6.9859894880   0.0001892168   0.0001326948  -0.0002950753
   7.0004233506  -0.0004834460   0.0001635426  -0.0000658721
   7.0148572131  -0.0010427891   0.0001659172   0.0001130757
   7.0292910757  -0.0013752914   0.0001489767   0.0001833200
   7.0437249383  -0.0014141393   0.0001270263   0.0001282850
   7.0581588009  -0.0011520034   0.0001140537  -0.0000218343
   7.0725926634  -0.0006430395   0.0001186086  -0.0002029234
   7.0870265260   0.0000066573   0.0001408590  -0.0003419206
   7.1014603886   0.0006593463   0.0001728695  -0.0003841397
   7.1158942512   0.0011738364   0.0002020056  -0.0003129216
   7.1303281138   0.0014364053   0.0002161855  -0.0001547682
   7.1447619763   0.0013875072   0.0002088994   0.0000316081
   7.1591958389   0.0010372681   0.0001819203   0.0001781695
   7.1736297015   0.0004649885   0.0001445474   0.0002338059
   7.1880635641  -0.0001980888   0.0001097242   0.0001838659
   7.2024974266  -0.0007989923   0.0000887267   0.0000552029
   7.2169312892  -0.0011989990   0.0000866854  -0.0000953532
   7.2313651518  -0.0013066678   0.0001007399  -0.0002043423
   7.2457990144  -0.0010998692   0.0001214406  -0.0002271296
   7.2602328770  -0.0006312421   0.0001367029  -0.0001550557
   7.2746667395  -0.0000153571   0.0001367024  -0.0000176801
   7.2891006021   0.0005995793   0.0001178401   0.0001300921
   7.3035344647   0.0010684216   0.0000842844   0.0002302374
   7.3179683273   0.0012845850   0.0000464719   0.0002442444
   7.3324021899   0.0012049772   0.0000170684   0.0001676282
   7.3468360524   0.0008581466   0.0000059074   0.0000311863
   7.3612699150   0.0003343886   0.0000159214  -0.0001112316
   7.3757037776  -0.0002385116   0.0000417711  -0.0002037834
   7.3901376402  -0.0007269206   0.0000718071  -0.0002105117
   7.4045715027  -0.0010224018   0.0000926078  -0.0001294604
   7.4190053653  -0.0010651792   0.0000942645   0.0000067603
   7.4334392279  -0.0008553148   0.0000742963   0.0001443517
   7.4478730905  -0.0004498337   0.0000386749   0.0002301760
   7.4623069531   0.0000528125  -0.0000004014   0.0002329610
   7.4767408156   0.0005367147  -0.0000291069   0.0001551248
   7.4911746782   0.0008948788  -0.0000372232   0.0000306717
   7.5056085408   0.0010518507  -0.0000220533  -0.0000894414
   7.5200424034   0.0009780233   0.0000104632  -0.0001581132
   7.5344762660   0.0006936182   0.0000478808  -0.0001506848
   7.5489101285   0.0002627694   0.0000758537  -0.0000742159
   7.5633439911  -0.0002203074   0.0000834784   0.0000358810
   7.5777778537  -0.0006503870   0.0000673347   0.0001304493
   7.5922117163  -0.0009325191   0.0000326958   0.0001668585
   7.6066455788  -0.0010020334  -0.0000085088   0.0001270543
   7.6210794414  -0.0008393718  -0.0000421412   0.0000260117
   7.6355133040  -0.0004761205  -0.0000569967  -0.0000933111
   7.6499471666   0.0000099538  -0.0000487288  -0.0001770425
   7.6643810292   0.0005106111  -0.0000211692  -0.0001828532
   7.6788148917   0.0009106385   0.0000153440  -0.0000985799
   7.6932487543   0.0011141361   0.0000479170   0.0000508655
   7.7076826169   0.0010677035   0.0000658124   0.0002114417
   7.7221164795   0.0007750073   0.0000641642   0.0003198826
   7.7365503421   0.0002986839   0.0000453534   0.0003279303
   7.7509842046  -0.0002519966   0.0000176107   0.0002216639
   7.7654180672  -0.0007459710  -0.0000085176   0.0000285950
   7.7798519298  -0.0010624101  -0.0000243945  -0.0001903292
   7.7942857924  -0.0011218675  -0.0000265177  -0.0003612692
   7.8087196549  -0.0009078477  -0.0000174882  -0.0004234903
   7.8231535175  -0.0004722536  -0.0000043931  -0.0003515241
   7.8375873801   0.0000773163   0.0000046581  -0.0001652524
   7.8520212427   0.0006051361   0.0000043438   0.0000761654
   7.8664551053   0.0009822413  -0.0000053522   0.0002946529
   7.8808889678   0.0011192162  -0.0000190023   0.0004205214
   7.8953228304   0.0009882913  -0.0000280549   0.0004166391
   7.9097566930   0.0006291789  -0.0000246611   0.0002905917
   7.9241905556   0.0001373671  -0.0000054372   0.0000906178
   7.9386244181  -0.0003618441   0.0000263878  -0.0001127570
   7.9530582807  -0.0007464773   0.0000613722  -0.0002522925
   7.9674921433  -0.0009290865   0.0000867959  -0.0002874035
   7.9819260059  -0.0008775088   0.0000911691  -0.0002170784
