   0.0000000000   0.0000000000   0.0000000000   0.0000000000
   0.0144338626   0.0000000000   0.0000000000   0.0000000000
   0.0288677252  -0.0000000000  -0.0000000000  -0.0000000000
   0.0433015877  -0.0000000000  -0.0000000000  -0.0000000000
   0.0577354503  -0.0000000000  -0.0000000000  -0.0000000000
   0.0721693129  -0.0000000000  -0.0000000000  -0.0000000000
   0.0866031755  -0.0000000000  -0.0000000000  -0.0000000000
   0.1010370380  -0.0000000000  -0.0000000000  -0.0000000000
   0.1154709006  -0.0000000000  -0.0000000001  -0.0000000000
   0.1299047632  -0.0000000001  -0.0000000002  -0.0000000001
   0.1443386258  -0.0000000001  -0.0000000002  -0.0000000001
   0.1587724884  -0.0000000000   0.0000000001  -0.0000000000
   0.1732063509   0.0000000002   0.0000000008   0.0000000002
   0.1876402135  -0.0000000001   0.0000000009  -0.0000000001
   0.2020740761  -0.0000000018  -0.0000000016  -0.0000000018
   0.2165079387  -0.0000000028  -0.0000000056  -0.0000000028
   0.2309418013   0.0000000050  -0.0000000024   0.0000000050
   0.2453756638   0.0000000266   0.0000000174   0.0000000266
   0.2598095264   0.0000000324   0.0000000353   0.0000000324
   0.2742433890  -0.0000000618  -0.0000000126  -0.0000000618
   0.2886772516  -0.0000002990  -0.0000001652  -0.0000002990
   0.3031111141  -0.0000004201  -0.0000002560  -0.0000004201
   0.3175449767   0.0000002930   0.0000001527   0.0000002930
   0.3319788393   0.0000024031   0.0000012716   0.0000024030
   0.3464127019   0.0000045665   0.0000019623   0.0000045664
   0.3608465645   0.0000020208  -0.0000007581   0.0000020209
   0.3752804270  -0.0000110479  -0.0000091164  -0.0000110476
   0.3897142896  -0.0000322909  -0.0000179280  -0.0000322905
   0.4041481522  -0.0000394062  -0.0000089388  -0.0000394066
   0.4185820148   0.0000084115   0.0000416670   0.0000084091
   0.4330158774   0.0001364971   0.0001321842   0.0001364933
   0.4474497399   0.0002896418   0.0001904442   0.0002896425
   0.4618836025   0.0002828913   0.0000577879   0.0002829055
   0.4763174651  -0.0001464842  -0.0004377037  -0.0001464567
   0.4907513277  -0.0011237360  -0.0012926334  -0.0011237229
   0.5051851902  -0.0023089763  -0.0020908010  -0.0023090326
   0.5196190528  -0.0026595558  -0.0018813641  -0.0026597133
   0.5340529154  -0.0005481486   0.0006505605  -0.0005483204
   0.5484867780   0.0056335895   0.0066736720   0.0056336651
   0.5629206406   0.0165637617   0.0165344874   0.0165643928
   0.5773545031   0.0312342564   0.0292551101   0.0312354141
   0.5917883657   0.0468398414   0.0425179038   0.0468407059
   0.6062222283   0.0594980060   0.0532241436   0.0594969325
   0.6206560909   0.0655307168   0.0584279694   0.0655261327
   0.6350899535   0.0627407660   0.0562794472   0.0627329751
   0.6495238160   0.0511570339   0.0466380139   0.0511499207
   0.6639576786   0.0330263531   0.0311767822   0.0330272598
   0.6783915412   0.0121528395   0.0129728662   0.0121693317
   0.6928254038  -0.0071470244  -0.0042908908  -0.0071128631
   0.7072592663  -0.0211787795  -0.0172899838  -0.0211354391
   0.7216931289  -0.0278022936  -0.0238934187  -0.0277691554
   0.7361269915  -0.0268746881  -0.0235809672  -0.0268752054
   0.7505608541  -0.0200169595  -0.0172982478  -0.0200665845
   0.7649947167  -0.0097826091  -0.0068586650  -0.0098774941
   0.7794285792   0.0013765734   0.0057825518   0.0012631048
   0.7938624418   0.0118300643   0.0190306681   0.0117397297
   0.8082963044   0.0208710195   0.0317623499   0.0208439843
   0.8227301670   0.0283160156   0.0431319026   0.0283730098
   0.8371640296   0.0340139015   0.0523048961   0.0341455530
   0.8515978921   0.0376327964   0.0583156347   0.0378013280
   0.8660317547   0.0387890378   0.0601044912   0.0389418823
   0.8804656173   0.0373011068   0.0566773782   0.0373909712
   0.8948994799   0.0333159731   0.0473091865   0.0333193158
   0.9093333424   0.0272356540   0.0317519503   0.0271620295
   0.9237672050   0.0195599934   0.0104342850   0.0194480252
   0.9382010676   0.0107928590  -0.0153804491   0.0106938603
   0.9526349302   0.0014499814  -0.0435454388   0.0014057205
   0.9670687928  -0.0079033331  -0.0711651552  -0.0078790001
   0.9815026553  -0.0166653026  -0.0949457715  -0.0165923165
   0.9959365179  -0.0242705935  -0.1117230720  -0.0241929812
   1.0103703805  -0.0302705277  -0.1190631399  -0.0302353748
   1.0248042431  -0.0343722803  -0.1157931937  -0.0344071419
   1.0392381056  -0.0364362917  -0.1023222106  -0.0365354949
   1.0536719682  -0.0364648010  -0.0806537160  -0.0365907864
   1.0681058308  -0.0346065670  -0.0540655805  -0.0347053767
   1.0825396934  -0.0311720301  -0.0265138600  -0.0311957032
   1.0969735560  -0.0266327558  -0.0018873094  -0.0265585848
   1.1114074185  -0.0215830287   0.0167212697  -0.0214214883
   1.1258412811  -0.0166605533   0.0275614172  -0.0164492235
   1.1402751437  -0.0124419881   0.0304669421  -0.0122292435
   1.1547090063  -0.0093396446   0.0267480748  -0.0091661113
   1.1691428689  -0.0075272438   0.0187775801  -0.0074130980
   1.1835767314  -0.0069159080   0.0093881781  -0.0068584118
   1.1980105940  -0.0071880809   0.0012353428  -0.0071686838
   1.2124444566  -0.0078809064  -0.0037274857  -0.0078774638
   1.2268783192  -0.0084974524  -0.0045576300  -0.0084959594
   1.2413121817  -0.0086179272  -0.0013758193  -0.0086192836
   1.2557460443  -0.0079843755   0.0048125379  -0.0080039754
   1.2701799069  -0.0065402406   0.0124537213  -0.0066007729
   1.2846137695  -0.0044189172   0.0198425127  -0.0045392180
   1.2990476321  -0.0018897534   0.0254853840  -0.0020742833
   1.3134814946   0.0007190299   0.0283600060   0.0004854301
   1.3279153572   0.0030974556   0.0280369089   0.0028469633
   1.3423492198   0.0050121167   0.0246664264   0.0047844610
   1.3567830824   0.0063356563   0.0188627915   0.0061658931
   1.3712169450   0.0070466314   0.0115311654   0.0069552128
   1.3856508075   0.0072062795   0.0036826630   0.0071948733
   1.4000846701   0.0069230188  -0.0037277511   0.0069766520
   1.4145185327   0.0063164968  -0.0099194912   0.0064101942
   1.4289523953   0.0054908233  -0.0143535717   0.0055979657
   1.4433862578   0.0045222920  -0.0167532326   0.0046222146
   1.4578201204   0.0034618849  -0.0170894530   0.0035449735
   1.4722539830   0.0023483713  -0.0155443329   0.0024175890
   1.4866878456   0.0012246964  -0.0124625905   0.0012931192
   1.5011217082   0.0001495547  -0.0082976007   0.0002343581
   1.5155555707  -0.0008016375  -0.0035560174  -0.0006872207
   1.5299894333  -0.0015471966   0.0012554275  -0.0014014934
   1.5444232959  -0.0020166209   0.0056769789  -0.0018539456
   1.5588571585  -0.0021679082   0.0093329694  -0.0020176847
   1.5732910211  -0.0019986370   0.0119565758  -0.0018987089
   1.5877248836  -0.0015480858   0.0134019326  -0.0015338521
   1.6021587462  -0.0008909960   0.0136449158  -0.0009838487
   1.6165926088  -0.0001254658   0.0127741582  -0.0003246053
   1.6310264714   0.0006419117   0.0109733630   0.0003613361
   1.6454603339   0.0013105587   0.0084961062   0.0009924543
   1.6598941965   0.0017975233   0.0056354777   0.0014949763
   1.6743280591   0.0020449564   0.0026920383   0.0018087929
   1.6887619217   0.0020238511  -0.0000563878   0.0018927222
   1.7031957843   0.0017353241  -0.0023803235   0.0017291462
   1.7176296468   0.0012102243  -0.0041174313   0.0013275317
   1.7320635094   0.0005065997  -0.0051825361   0.0007256677
   1.7464973720  -0.0002961287  -0.0055678428  -0.0000127890
   1.7609312346  -0.0011068350  -0.0053341729  -0.0008052934
   1.7753650971  -0.0018352810  -0.0045957541  -0.0015615382
   1.7897989597  -0.0024053992  -0.0035014796  -0.0021970032
   1.8042328223  -0.0027664874  -0.0022148800  -0.0026462210
   1.8186666849  -0.0028997967  -0.0008945419  -0.0028727268
   1.8331005475  -0.0028188964   0.0003231044  -0.0028732341
   1.8475344100  -0.0025636393   0.0013365027  -0.0026750271
   1.8619682726  -0.0021892872   0.0020856004  -0.0023274646
   1.8764021352  -0.0017537673   0.0025519306  -0.0018900594
   1.8908359978  -0.0013064360   0.0027528177  -0.0014202345
   1.9052698604  -0.0008809102   0.0027312345  -0.0009634820
   1.9197037229  -0.0004929845   0.0025434935  -0.0005476951
   1.9341375855  -0.0001431478   0.0022472844  -0.0001823261
   1.9485714481   0.0001777484   0.0018923089   0.0001380518
   1.9630053107   0.0004814975   0.0015149289   0.0004271508
   1.9774391732   0.0007760221   0.0011371901   0.0006993506
   1.9918730358   0.0010608261   0.0007695890   0.0009631220
   2.0063068984   0.0013253447   0.0004161197   0.0012170056
   2.0207407610   0.0015503735   0.0000796437   0.0014487849
   2.0351746236   0.0017120066  -0.0002341684   0.0016376718
   2.0496084861   0.0017869550  -0.0005151989   0.0017587521
   2.0640423487   0.0017579124  -0.0007494412   0.0017886051
   2.0784762113   0.0016177832  -0.0009211562   0.0017108542
   2.0929100739   0.0013719830  -0.0010159966   0.0015204692
   2.1073439365   0.0010384757  -0.0010244304   0.0012259355
   2.1217777990   0.0006455947  -0.0009445988   0.0008488792
   2.1362116616   0.0002280209  -0.0007837074   0.0004212487
   2.1506455242  -0.0001783597  -0.0005574785  -0.0000193550
   2.1650793868  -0.0005416401  -0.0002879006  -0.0004352105
   2.1795132493  -0.0008379201  -0.0000000366  -0.0007936688
   2.1939471119  -0.0010533137   0.0002812261  -0.0010709552
   2.2083809745  -0.0011838134   0.0005338107  -0.0012540219
   2.2228148371  -0.0012336168   0.0007401679  -0.0013405190
   2.2372486997  -0.0012127999   0.0008881216  -0.0013373679
   2.2516825622  -0.0011349983   0.0009710747  -0.0012584964
   2.2661164248  -0.0010153599   0.0009877700  -0.0011221842
   2.2805502874  -0.0008688238   0.0009417019  -0.0009483700
   2.2949841500  -0.0007088260   0.0008403097  -0.0007562726
   2.3094180126  -0.0005465722   0.0006941809  -0.0005626292
   2.3238518751  -0.0003908906   0.0005164063  -0.0003806882
   2.3382857377  -0.0002484460   0.0003219288  -0.0002198603
   2.3527196003  -0.0001240095   0.0001265471  -0.0000858142
   2.3671534629  -0.0000206203  -0.0000545354   0.0000191516
   2.3815873254   0.0000603091  -0.0002082950   0.0000955239
   2.3960211880   0.0001188102  -0.0003251115   0.0001458131
   2.4104550506   0.0001560780  -0.0003993795   0.0001737280
   2.4248889132   0.0001742063  -0.0004295873   0.0001834691
   2.4393227758   0.0001760468  -0.0004180288   0.0001792752
   2.4537566383   0.0001651549  -0.0003702085   0.0001652118
   2.4681905009   0.0001456516  -0.0002939709   0.0001450740
   2.4826243635   0.0001218673  -0.0001984916   0.0001222730
   2.4970582261   0.0000978048  -0.0000933331   0.0000996807
   2.5114920887   0.0000766246   0.0000123340   0.0000795020
   2.5259259512   0.0000603634   0.0001103719   0.0000632495
   2.5403598138   0.0000499635   0.0001942141   0.0000518269
   2.5547936764   0.0000455209   0.0002592620   0.0000456568
   2.5692275390   0.0000465900   0.0003030689   0.0000447774
   2.5836614015   0.0000524061   0.0003252864   0.0000488758
   2.5980952641   0.0000619747   0.0003273995   0.0000572640
   2.6125291267   0.0000740440   0.0003122869   0.0000688207
   2.6269629893   0.0000870300   0.0002836855   0.0000819378
   2.6413968519   0.0000989922   0.0002456825   0.0000945396
   2.6558307144   0.0001077494   0.0002023493   0.0001042512
   2.6702645770   0.0001111618   0.0001575129   0.0001087458
   2.6846984396   0.0001075078   0.0001145716   0.0001061845
   2.6991323022   0.0000958162   0.0000762986   0.0000955790
   2.7135661647   0.0000760375   0.0000446846   0.0000769275
   2.7280000273   0.0000490130   0.0000209009   0.0000510969
   2.7424338899   0.0000162852   0.0000053633   0.0000195562
   2.7568677525  -0.0000201827  -0.0000021932  -0.0000158956
   2.7713016151  -0.0000583011  -0.0000026669  -0.0000533257
   2.7857354776  -0.0000960888   0.0000025129  -0.0000907963
   2.8001693402  -0.0001317845   0.0000116265  -0.0001264679
   2.8146032028  -0.0001638381   0.0000230060  -0.0001587000
   2.8290370654  -0.0001908718   0.0000353300  -0.0001861378
   2.8434709280  -0.0002117302   0.0000477431  -0.0002077638
   2.8579047905  -0.0002256463   0.0000598001  -0.0002229097
   2.8723386531  -0.0002323877   0.0000713218  -0.0002312310
   2.8867725157  -0.0002321986   0.0000822576  -0.0002326413
   2.9012063783  -0.0002254984   0.0000925896  -0.0002272108
   2.9156402408  -0.0002125476   0.0001022646  -0.0002150644
   2.9300741034  -0.0001933900   0.0001111107  -0.0001963513
   2.9445079660  -0.0001681805   0.0001187276  -0.0001713477
   2.9589418286  -0.0001376505   0.0001244175  -0.0001406697
   2.9733756912  -0.0001032844   0.0001272885  -0.0001054761
   2.9878095537  -0.0000669960   0.0001265861  -0.0000675033
   3.0022434163  -0.0000305413   0.0001221062  -0.0000288699
   3.0166772789   0.0000048383   0.0001143980   0.0000082649
   3.0311111415   0.0000382552   0.0001045758   0.0000420197
   3.0455450041   0.0000687124   0.0000938745   0.0000709605
   3.0599788666   0.0000948407   0.0000832902   0.0000941258
   3.0744127292   0.0001151270   0.0000735262   0.0001109926
   3.0888465918   0.0001284031   0.0000651310   0.0001214467
   3.1032804544   0.0001341040   0.0000585432   0.0001257463
   3.1177143169   0.0001320958   0.0000539294   0.0001244422
   3.1321481795   0.0001224287   0.0000510228   0.0001182685
   3.1465820421   0.0001055455   0.0000492626   0.0001080660
   3.1610159047   0.0000830010   0.0000482731   0.0000947697
   3.1754497673   0.0000580382   0.0000483470   0.0000794044
   3.1898836298   0.0000351817   0.0000504967   0.0000629888
   3.2043174924   0.0000186742   0.0000559167   0.0000463280
   3.2187513550   0.0000105786   0.0000651648   0.0000298142
   3.2331852176   0.0000097923   0.0000776033   0.0000134114
   3.2476190802   0.0000126328   0.0000914736  -0.0000031079
   3.2620529427   0.0000145337   0.0001045175  -0.0000198016
   3.2764868053   0.0000117013   0.0001146983  -0.0000363113
   3.2909206679   0.0000018712   0.0001206019  -0.0000518842
   3.3053545305  -0.0000158022   0.0001214547  -0.0000656205
   3.3197883930  -0.0000410513   0.0001170232  -0.0000767502
   3.3342222556  -0.0000724661   0.0001076549  -0.0000847733
   3.3486561182  -0.0001072373   0.0000944265  -0.0000894424
   3.3630899808  -0.0001411760   0.0000791413  -0.0000906901
   3.3775238434  -0.0001692691   0.0000640355  -0.0000885934
   3.3919577059  -0.0001864726   0.0000513586  -0.0000833765
   3.4063915685  -0.0001882365   0.0000431452  -0.0000754033
   3.4208254311  -0.0001706766   0.0000412701  -0.0000651505
   3.4352592937  -0.0001309372   0.0000475104  -0.0000532279
   3.4496931563  -0.0000684254   0.0000631942  -0.0000404918
   3.4641270188   0.0000130635   0.0000882878  -0.0000281891
   3.4785608814   0.0001033261   0.0001202539  -0.0000179650
   3.4929947440   0.0001854085   0.0001533663  -0.0000115880
   3.5074286066   0.0002381435   0.0001791412  -0.0000104104
   3.5218624691   0.0002415870   0.0001881657  -0.0000147604
   3.5362963317   0.0001839846   0.0001730200  -0.0000235293
   3.5507301943   0.0000679338   0.0001314342  -0.0000341491
   3.5651640569  -0.0000867851   0.0000684924  -0.0000430169
   3.5795979195  -0.0002455449  -0.0000032225  -0.0000463065
   3.5940317820  -0.0003667314  -0.0000661010  -0.0000410128
   3.6084656446  -0.0004135065  -0.0001022516  -0.0000259809
   3.6228995072  -0.0003659827  -0.0000991980  -0.0000025860
   3.6373333698  -0.0002294213  -0.0000545575   0.0000252644
   3.6517672323  -0.0000348308   0.0000222218   0.0000519644
   3.6662010949   0.0001691611   0.0001120960   0.0000717191
   3.6806349575   0.0003309065   0.0001921640   0.0000802538
   3.6950688201   0.0004117558   0.0002429490   0.0000761033
   3.7095026827   0.0003975982   0.0002544945   0.0000609972
   3.7239365452   0.0003016845   0.0002289420   0.0000391984
   3.7383704078   0.0001580040   0.0001786752   0.0000160610
   3.7528042704   0.0000083023   0.0001209449  -0.0000036426
   3.7672381330  -0.0001118128   0.0000713124  -0.0000170090
   3.7816719956  -0.0001823472   0.0000386335  -0.0000234737
   3.7961058581  -0.0002010900   0.0000234874  -0.0000243830
   3.8105397207  -0.0001790695   0.0000203014  -0.0000219692
   3.8249735833  -0.0001326711   0.0000217233  -0.0000182623
   3.8394074459  -0.0000766222   0.0000228889  -0.0000144449
   3.8538413084  -0.0000207291   0.0000235406  -0.0000108758
   3.8682751710   0.0000292906   0.0000272456  -0.0000076239
   3.8827090336   0.0000688435   0.0000384883  -0.0000050799
   3.8971428962   0.0000922005   0.0000593769  -0.0000042120
   3.9115767588   0.0000929083   0.0000876931  -0.0000062706
   3.9260106213   0.0000668634   0.0001171803  -0.0000120992
   3.9404444839   0.0000161562   0.0001398233  -0.0000214453
   3.9548783465  -0.0000489343   0.0001489859  -0.0000326868
   3.9693122091  -0.0001115851   0.0001419930  -0.0000431756
   3.9837460717  -0.0001535926   0.0001211162  -0.0000500881
   3.9981799342  -0.0001619935   0.0000926890  -0.0000514162
   4.0126137968  -0.0001341664   0.0000648577  -0.0000466613
   4.0270476594  -0.0000790357   0.0000449393  -0.0000369451
   4.0414815220  -0.0000137780   0.0000373558  -0.0000245347
   4.0559153845   0.0000425436   0.0000427365  -0.0000120443
   4.0703492471   0.0000757146   0.0000582542  -0.0000016806
   4.0847831097   0.0000807876   0.0000788335   0.0000051982
   4.0992169723   0.0000626775   0.0000986976   0.0000081514
   4.1136508349   0.0000331083   0.0001127979   0.0000074894
   4.1280846974   0.0000054942   0.0001178760   0.0000040616
   4.1425185600  -0.0000100724   0.0001130743  -0.0000008877
   4.1569524226  -0.0000099078   0.0001000554  -0.0000058230
   4.1713862852   0.0000029218   0.0000825744  -0.0000091033
   4.1858201478   0.0000206697   0.0000654944  -0.0000093449
   4.2002540103   0.0000342432   0.0000534014  -0.0000059301
   4.2146878729   0.0000364447   0.0000491947   0.0000005354
   4.2291217355   0.0000241006   0.0000531401   0.0000081036
   4.2435555981  -0.0000013300   0.0000627711   0.0000139271
   4.2579894606  -0.0000345114   0.0000737385   0.0000152611
   4.2724233232  -0.0000678817   0.0000813511   0.0000107172
   4.2868571858  -0.0000936512   0.0000822845   0.0000012336
   4.3012910484  -0.0001056584   0.0000758542  -0.0000097740
   4.3157249110  -0.0001006935   0.0000643882  -0.0000173448
   4.3301587735  -0.0000790265   0.0000525484  -0.0000167958
   4.3445926361  -0.0000440606   0.0000458235  -0.0000057994
   4.3590264987  -0.0000012748   0.0000487022   0.0000141314
   4.3734603613   0.0000431750   0.0000631292   0.0000374697
   4.3878942239   0.0000837382   0.0000877201   0.0000560832
   4.4023280864   0.0001162706   0.0001179490   0.0000618924
   4.4167619490   0.0001382103   0.0001472266   0.0000499125
   4.4311958116   0.0001482394   0.0001685473   0.0000205535
   4.4456296742   0.0001457203   0.0001762577  -0.0000198005
   4.4600635367   0.0001302502   0.0001674811  -0.0000603701
   4.4744973993   0.0001015946   0.0001428354  -0.0000893670
   4.4889312619   0.0000600719   0.0001062689  -0.0000980936
   4.5033651245   0.0000072352   0.0000640749  -0.0000842577
   4.5177989871  -0.0000534798   0.0000233693  -0.0000531560
   4.5322328496  -0.0001165180  -0.0000095357  -0.0000160896
   4.5466667122  -0.0001746330  -0.0000304108   0.0000136019
   4.5611005748  -0.0002199892  -0.0000377138   0.0000255352
   4.5755344374  -0.0002456856  -0.0000324206   0.0000164499
   4.5899682999  -0.0002472771  -0.0000172345  -0.0000081393
   4.6044021625  -0.0002238445   0.0000044933  -0.0000356318
   4.6188360251  -0.0001782760   0.0000297548  -0.0000509649
   4.6332698877  -0.0001166410   0.0000564912  -0.0000425769
   4.6477037503  -0.0000467931   0.0000836876  -0.0000074804
   4.6621376128   0.0000234111   0.0001110140   0.0000465963
   4.6765714754   0.0000877364   0.0001382110   0.0001030308
   4.6910053380   0.0001425064   0.0001644849   0.0001416560
   4.7054392006   0.0001865396   0.0001881377   0.0001458315
   4.7198730632   0.0002201402   0.0002065584   0.0001087062
   4.7343069257   0.0002435790   0.0002165708   0.0000363505
   4.7487407883   0.0002557274   0.0002150381  -0.0000534784
   4.7631746509   0.0002534742   0.0001995813  -0.0001366243
   4.7776085135   0.0002322660   0.0001692596  -0.0001901090
   4.7920423760   0.0001876880   0.0001250784  -0.0001994127
   4.8064762386   0.0001176023   0.0000702106  -0.0001629804
   4.8209101012   0.0000241279   0.0000098590  -0.0000924556
   4.8353439638  -0.0000852571  -0.0000492570  -0.0000086457
   4.8497778264  -0.0001979851  -0.0000997389   0.0000653188
   4.8642116889  -0.0002981534  -0.0001345579   0.0001112550
   4.8786455515  -0.0003694496  -0.0001481559   0.0001212130
   4.8930794141  -0.0003985726  -0.0001374126   0.0000991432
   4.9075132767  -0.0003782970  -0.0001022908   0.0000586090
   4.9219471393  -0.0003093829  -0.0000460057   0.0000175263
   4.9363810018  -0.0002008154   0.0000253471  -0.0000081836
   4.9508148644  -0.0000682797   0.0001036582  -0.0000099125
   4.9652487270   0.0000687738   0.0001799979   0.0000110055
   4.9796825896   0.0001907799   0.0002458964   0.0000440707
   4.9941164521   0.0002815778   0.0002944565   0.0000734135
   5.0085503147   0.0003310280   0.0003211054   0.0000833072
   5.0229841773   0.0003362325   0.0003238988   0.0000636295
   5.0374180399   0.0003012385   0.0003034079   0.0000135918
   5.0518519025   0.0002354811   0.0002623072  -0.0000573782
   5.0662857650   0.0001514706   0.0002048213  -0.0001318626
   5.0807196276   0.0000623071   0.0001361660  -0.0001891693
   5.0951534902  -0.0000204791   0.0000620738  -0.0002112225
   5.1095873528  -0.0000884395  -0.0000115704  -0.0001879730
   5.1240212154  -0.0001369386  -0.0000790100  -0.0001207577
   5.1384550779  -0.0001651251  -0.0001348651  -0.0000225587
   5.1528889405  -0.0001752630  -0.0001744044   0.0000850476
   5.1673228031  -0.0001716106  -0.0001938665   0.0001774842
   5.1817566657  -0.0001590871  -0.0001908253   0.0002337348
   5.1961905282  -0.0001419928  -0.0001645634   0.0002419117
   5.2106243908  -0.0001230423  -0.0001163923   0.0002021051
   5.2250582534  -0.0001029137  -0.0000498377   0.0001256102
   5.2394921160  -0.0000804150   0.0000294087   0.0000308107
   5.2539259786  -0.0000532318   0.0001138657  -0.0000628464
   5.2683598411  -0.0000190791   0.0001950045  -0.0001406464
   5.2827937037   0.0000230420   0.0002642992  -0.0001960795
   5.2972275663   0.0000718342   0.0003144221  -0.0002307338
   5.3116614289   0.0001232596   0.0003403435  -0.0002507310
   5.3260952914   0.0001708439   0.0003400933  -0.0002612439
   5.3405291540   0.0002067233   0.0003149999  -0.0002615220
   5.3549630166   0.0002232250   0.0002693418  -0.0002428037
   5.3693968792   0.0002146294   0.0002094839  -0.0001904578
   5.3838307418   0.0001787011   0.0001427066  -0.0000900168
   5.3982646043   0.0001176115   0.0000760085   0.0000649138
   5.4126984669   0.0000379948   0.0000151590   0.0002659027
   5.4271323295  -0.0000499402  -0.0000358218   0.0004870303
   5.4415661921  -0.0001341021  -0.0000747202   0.0006880125
   5.4560000547  -0.0002026711  -0.0001008253   0.0008228343
   5.4704339172  -0.0002462462  -0.0001144394   0.0008516083
   5.4848677798  -0.0002594996  -0.0001163860   0.0007520742
   5.4993016424  -0.0002419709  -0.0001076480   0.0005270556
   5.5137355050  -0.0001978460  -0.0000891988   0.0002053696
   5.5281693675  -0.0001348123  -0.0000620240  -0.0001642721
   5.5426032301  -0.0000623025  -0.0000272799  -0.0005246303
   5.5570370927   0.0000104301   0.0000134955  -0.0008232322
   5.5714709553   0.0000759402   0.0000582122  -0.0010237702
   5.5859048179   0.0001295563   0.0001041703  -0.0011125162
   5.6003386804   0.0001695102   0.0001481580  -0.0010982994
   5.6147725430   0.0001962891   0.0001867011  -0.0010065557
   5.6292064056   0.0002114817   0.0002164375  -0.0008696111
   5.6436402682   0.0002165145   0.0002345630  -0.0007162565
   5.6580741308   0.0002116914   0.0002392780  -0.0005636140
   5.6725079933   0.0001958385   0.0002301420  -0.0004134130
   5.6869418559   0.0001666741   0.0002082296  -0.0002534175
   5.7013757185   0.0001218001   0.0001760107  -0.0000632944
   5.7158095811   0.0000600196   0.0001369444   0.0001769254
   5.7302434436  -0.0000174345   0.0000948688   0.0004782333
   5.7446773062  -0.0001061688   0.0000533418   0.0008362684
   5.7591111688  -0.0001986798   0.0000151093   0.0012289500
   5.7735450314  -0.0002852454  -0.0000181638   0.0016188342
   5.7879788940  -0.0003554733  -0.0000458343   0.0019596708
   5.8024127565  -0.0004001268  -0.0000679253   0.0022054735
   5.8168466191  -0.0004127705  -0.0000845888   0.0023196401
   5.8312804817  -0.0003908216  -0.0000955612   0.0022815296
   5.8457143443  -0.0003357638  -0.0000997957   0.0020885386
   5.8601482069  -0.0002525061  -0.0000954095   0.0017530385
   5.8745820694  -0.0001481180  -0.0000799916   0.0012951938
   5.8890159320  -0.0000303447  -0.0000512160   0.0007341895
   5.9034497946   0.0000936329  -0.0000076273   0.0000812206
   5.9178836572   0.0002178327   0.0000505764  -0.0006626356
   5.9323175197   0.0003373572   0.0001209498  -0.0015018823
   5.9467513823   0.0004476607   0.0001985531  -0.0024357660
   5.9611852449   0.0005435427   0.0002761603  -0.0034438302
   5.9756191075   0.0006183093   0.0003449439  -0.0044723149
   5.9900529701   0.0006635044   0.0003955622  -0.0054264309
   6.0044868326   0.0006694589   0.0004194877  -0.0061726281
   6.0189206952   0.0006267001   0.0004103639  -0.0065527555
   6.0333545578   0.0005280307   0.0003651626  -0.0064090270
   6.0477884204   0.0003708880   0.0002849422  -0.0056157685
   6.0622222830   0.0001594463   0.0001750638  -0.0041117822
   6.0766561455  -0.0000941021   0.0000448070  -0.0019263751
   6.0910900081  -0.0003695551  -0.0000935736   0.0008071716
   6.1055238707  -0.0006402341  -0.0002262135   0.0038548399
   6.1199577333  -0.0008759660  -0.0003392234   0.0069030119
   6.1343915958  -0.0010471222  -0.0004202662   0.0095954538
   6.1488254584  -0.0011290714  -0.0004599246   0.0115811508
   6.1632593210  -0.0011062732  -0.0004527112   0.0125658463
   6.1776931836  -0.0009752588  -0.0003976377   0.0123591127
   6.1921270462  -0.0007459056  -0.0002983248   0.0109090536
   6.2065609087  -0.0004407041  -0.0001626752   0.0083183201
   6.2209947713  -0.0000920683  -0.0000021650   0.0048378299
   6.2354286339   0.0002619003   0.0001691800   0.0008380777
   6.2498624965   0.0005825096   0.0003360386  -0.0032383585
   6.2642963590   0.0008356110   0.0004831808  -0.0069362045
   6.2787302216   0.0009959729   0.0005968721  -0.0098496477
   6.2931640842   0.0010502653   0.0006661693  -0.0116774836
   6.3075979468   0.0009982925   0.0006839890  -0.0122625537
   6.3220318094   0.0008524054   0.0006478463  -0.0116094140
   6.3364656719   0.0006352892   0.0005601864  -0.0098778485
   6.3508995345   0.0003765239   0.0004282575  -0.0073538482
   6.3653333971   0.0001084452   0.0002635095  -0.0044032670
   6.3797672597  -0.0001381074   0.0000805468  -0.0014159336
   6.3942011223  -0.0003375765  -0.0001042751   0.0012508293
   6.4086349848  -0.0004725113  -0.0002744701   0.0033206383
   6.4230688474  -0.0005350933  -0.0004150808   0.0046314213
   6.4375027100  -0.0005272403  -0.0005141843   0.0051493169
   6.4519365726  -0.0004593960  -0.0005640610   0.0049618417
   6.4663704351  -0.0003482968  -0.0005618731   0.0042523149
   6.4808042977  -0.0002141237  -0.0005097515   0.0032604421
   6.4952381603  -0.0000774779  -0.0004142804   0.0022361099
   6.5096720229   0.0000433986  -0.0002854668   0.0013944827
   6.5241058855   0.0001348032  -0.0001353821   0.0008801757
   6.5385397480   0.0001888939   0.0000232857   0.0007465749
   6.5529736106   0.0002040311   0.0001785336   0.0009535229
   6.5674074732   0.0001841769   0.0003200221   0.0013830852
   6.5818413358   0.0001375430   0.0004396447   0.0018696523
   6.5962751984   0.0000747828   0.0005316959   0.0022379328
   6.6107090609   0.0000070556   0.0005927246   0.0023410272
   6.6251429235  -0.0000557298   0.0006211996   0.0020910162
   6.6395767861  -0.0001062402   0.0006171199   0.0014762805
   6.6540106487  -0.0001404393   0.0005816795   0.0005626545
   6.6684445112  -0.0001576230   0.0005170549  -0.0005211211
   6.6828783738  -0.0001598152   0.0004263430  -0.0016100777
   6.6973122364  -0.0001507054   0.0003136337  -0.0025360052
   6.7117460990  -0.0001344148   0.0001841583  -0.0031599429
   6.7261799616  -0.0001144067   0.0000444173  -0.0033977681
   6.7406138241  -0.0000927900  -0.0000978235  -0.0032341106
   6.7550476867  -0.0000701335  -0.0002337614  -0.0027223162
   6.7694815493  -0.0000457610  -0.0003540574  -0.0019710300
   6.7839154119  -0.0000183874  -0.0004495930  -0.0011206169
   6.7983492745   0.0000131008  -0.0005124074  -0.0003145803
   6.8127831370   0.0000489271  -0.0005366899   0.0003280112
   6.8272169996   0.0000879476  -0.0005196639   0.0007334687
   6.8416508622   0.0001275408  -0.0004621842   0.0008837611
   6.8560847248   0.0001639077  -0.0003688951   0.0008145039
   6.8705185873   0.0001927218  -0.0002478701   0.0006017698
   6.8849524499   0.0002099770  -0.0001097606   0.0003412490
   6.8993863125   0.0002128250   0.0000334172   0.0001248307
   6.9138201751   0.0002001995   0.0001696601   0.0000199925
   6.9282540377   0.0001730882   0.0002883105   0.0000564331
   6.9426879002   0.0001344028   0.0003811610   0.0002224483
   6.9571217628   0.0000884897   0.0004431940   0.0004711506
   6.9715556254   0.0000403890   0.0004728779   0.0007343682
   6.9859894880  -0.0000050082   0.0004720036   0.0009404643
   7.0004233506  -0.0000437395   0.0004451069   0.0010317122
   7.0148572131  -0.0000733345   0.0003985823   0.0009773045
   7.0292910757  -0.0000930503   0.0003396378   0.0007793700
   7.0437249383  -0.0001037393   0.0002752590   0.0004711532
   7.0581588009  -0.0001074032   0.0002113452   0.0001083266
   7.0725926634  -0.0001065651   0.0001521443  -0.0002441425
   7.0870265260  -0.0001036299   0.0001000529  -0.0005263530
   7.1014603886  -0.0001003843   0.0000557749  -0.0006958008
   7.1158942512  -0.0000977267   0.0000187618  -0.0007350966
   7.1303281138  -0.0000956411  -0.0000121950  -0.0006536725
   7.1447619763  -0.0000933733  -0.0000383721  -0.0004834987
   7.1591958389  -0.0000897367  -0.0000606607  -0.0002701789
   7.1736297015  -0.0000834729  -0.0000793418  -0.0000617665
   7.1880635641  -0.0000735894  -0.0000941119   0.0001019582
   7.2024974266  -0.0000596125  -0.0001043069   0.0001972734
   7.2169312892  -0.0000417049  -0.0001092195   0.0002197468
   7.2313651518  -0.0000206365  -0.0001083965   0.0001825174
   7.2457990144   0.0000023655  -0.0001018276   0.0001104970
   7.2602328770   0.0000258273  -0.0000899880   0.0000323309
   7.2746667395   0.0000482388  -0.0000737492  -0.0000276134
   7.2891006021   0.0000682214  -0.0000542040  -0.0000551576
   7.3035344647   0.0000846403  -0.0000324643  -0.0000487862
   7.3179683273   0.0000966659  -0.0000094857  -0.0000183725
   7.3324021899   0.0001037923   0.0000140425   0.0000191258
   7.3468360524   0.0001058175   0.0000377177   0.0000455412
   7.3612699150   0.0001027971   0.0000613515   0.0000471972
   7.3757037776   0.0000949960   0.0000848153   0.0000188934
   7.3901376402   0.0000828686   0.0001078393  -0.0000347712
   7.4045715027   0.0000670774   0.0001298198  -0.0001008973
   7.4190053653   0.0000485323   0.0001497018  -0.0001620175
   7.4334392279   0.0000284035   0.0001659970  -0.0002009420
   7.4478730905   0.0000080645   0.0001769684  -0.0002053966
   7.4623069531  -0.0000110429   0.0001809625  -0.0001712756
   7.4767408156  -0.0000275941   0.0001768222  -0.0001037389
   7.4911746782  -0.0000405617   0.0001642766  -0.0000159492
   7.5056085408  -0.0000493437   0.0001441945   0.0000741800
   7.5200424034  -0.0000538181   0.0001186104   0.0001483821
   7.5344762660  -0.0000543213   0.0000904824   0.0001924718
   7.5489101285  -0.0000515631   0.0000632121   0.0001997038
   7.5633439911  -0.0000464915   0.0000400285   0.0001722157
   7.5777778537  -0.0000401269   0.0000233819   0.0001202001
   7.5922117163  -0.0000333955   0.0000144968   0.0000590407
   7.6066455788  -0.0000269984   0.0000131871   0.0000051858
   7.6210794414  -0.0000213428   0.0000179635  -0.0000281355
   7.6355133040  -0.0000165444   0.0000263966  -0.0000342206
   7.6499471666  -0.0000124865   0.0000356444  -0.0000143701
   7.6643810292  -0.0000089099   0.0000430310   0.0000228081
   7.6788148917  -0.0000055116   0.0000465649   0.0000640179
   7.6932487543  -0.0000020379   0.0000452979   0.0000950603
   7.7076826169   0.0000016392   0.0000394620   0.0001047432
   7.7221164795   0.0000054759   0.0000303630   0.0000878730
   7.7365503421   0.0000092544   0.0000200601   0.0000465706
   7.7509842046   0.0000126338   0.0000109029  -0.0000103747
   7.7654180672   0.0000152444   0.0000050212  -0.0000698726
   7.7798519298   0.0000168001   0.0000038721  -0.0001179452
   7.7942857924   0.0000171961   0.0000079352  -0.0001432790
   7.8087196549   0.0000165598   0.0000166212  -0.0001400253
   7.8231535175   0.0000152410   0.0000284182  -0.0001091901
   7.8375873801   0.0000137411   0.0000412485  -0.0000583298
   7.8520212427   0.0000125956   0.0000529569   0.0000003256
   7.8664551053   0.0000122365   0.0000618126   0.0000528379
   7.8808889678   0.0000128697   0.0000668933   0.0000868982
   7.8953228304   0.0000144027   0.0000682527   0.0000947431
   7.9097566930   0.0000164508   0.0000668304   0.0000749606
   7.9241905556   0.0000184232   0.0000641393   0.0000327585
   7.9386244181   0.0000196651   0.0000618302  -0.0000213642
   7.9530582807   0.0000196106   0.0000612577  -0.0000742097
   7.9674921433   0.0000179015   0.0000631597  -0.0001130978
   7.9819260059   0.0000144497   0.0000675171  -0.0001289071
