   0.0000000000   0.0000000000   0.0000000000   0.0000000000
   0.0144338626   0.0000000000   0.0000000000   0.0000000000
   0.0288677252   0.0000000000   0.0000000000   0.0000000000
   0.0433015877   0.0000000000   0.0000000000   0.0000000000
   0.0577354503   0.0000000000   0.0000000000   0.0000000000
   0.0721693129   0.0000000000   0.0000000000   0.0000000000
   0.0866031755   0.0000000000   0.0000000000   0.0000000000
   0.1010370380  -0.0000000000   0.0000000000  -0.0000000000
   0.1154709006  -0.0000000000   0.0000000000  -0.0000000000
   0.1299047632  -0.0000000000   0.0000000000  -0.0000000000
   0.1443386258  -0.0000000000   0.0000000000  -0.0000000000
   0.1587724884  -0.0000000000   0.0000000000  -0.0000000000
   0.1732063509  -0.0000000000   0.0000000000  -0.0000000000
   0.1876402135  -0.0000000000   0.0000000000  -0.0000000000
   0.2020740761  -0.0000000000  -0.0000000000  -0.0000000000
   0.2165079387  -0.0000000000  -0.0000000000  -0.0000000000
   0.2309418013  -0.0000000000  -0.0000000000  -0.0000000000
   0.2453756638   0.0000000000   0.0000000000   0.0000000000
   0.2598095264   0.0000000000   0.0000000000   0.0000000000
   0.2742433890   0.0000000000   0.0000000000   0.0000000000
   0.2886772516   0.0000000000   0.0000000000   0.0000000000
   0.3031111141  -0.0000000000   0.0000000000  -0.0000000000
   0.3175449767  -0.0000000000   0.0000000000  -0.0000000000
   0.3319788393  -0.0000000000  -0.0000000000  -0.0000000000
   0.3464127019  -0.0000000000  -0.0000000000   0.0000000000
   0.3608465645   0.0000000000  -0.0000000000   0.0000000000
   0.3752804270   0.0000000000  -0.0000000000   0.0000000000
   0.3897142896   0.0000000000   0.0000000000  -0.0000000000
   0.4041481522  -0.0000000000   0.0000000000  -0.0000000000
   0.4185820148  -0.0000000000   0.0000000000   0.0000000000
   0.4330158774  -0.0000000000  -0.0000000000   0.0000000000
   0.4474497399   0.0000000000  -0.0000000000  -0.0000000000
   0.4618836025   0.0000000000  -0.0000000000  -0.0000000000
   0.4763174651   0.0000000000   0.0000000000  -0.0000000000
   0.4907513277  -0.0000000000   0.0000000000   0.0000000000
   0.5051851902  -0.0000000000   0.0000000000   0.0000000000
   0.5196190528  -0.0000000000  -0.0000000000   0.0000000000
   0.5340529154   0.0000000000  -0.0000000000  -0.0000000000
   0.5484867780   0.0000000000  -0.0000000000  -0.0000000000
   0.5629206406   0.0000000000   0.0000000000  -0.0000000000
   0.5773545031  -0.0000000000   0.0000000000   0.0000000000
   0.5917883657  -0.0000000000   0.0000000000   0.0000000000
   0.6062222283   0.0000000000  -0.0000000000  -0.0000000000
   0.6206560909   0.0000000000  -0.0000000000  -0.0000000000
   0.6350899535   0.0000000000  -0.0000000000  -0.0000000000
   0.6495238160  -0.0000000000   0.0000000000   0.0000000000
   0.6639576786  -0.0000000000   0.0000000000   0.0000000000
   0.6783915412  -0.0000000000   0.0000000000   0.0000000000
   0.6928254038   0.0000000000  -0.0000000000  -0.0000000000
   0.7072592663   0.0000000000  -0.0000000000  -0.0000000000
   0.7216931289   0.0000000000  -0.0000000000  -0.0000000000
   0.7361269915  -0.0000000000   0.0000000000   0.0000000000
   0.7505608541  -0.0000000000   0.0000000000   0.0000000000
   0.7649947167  -0.0000000000   0.0000000000   0.0000000000
   0.7794285792   0.0000000000  -0.0000000000  -0.0000000000
   0.7938624418   0.0000000000  -0.0000000000  -0.0000000000
   0.8082963044   0.0000000000  -0.0000000000  -0.0000000000
   0.8227301670  -0.0000000000  -0.0000000000   0.0000000000
   0.8371640296  -0.0000000000   0.0000000000   0.0000000000
   0.8515978921  -0.0000000000   0.0000000000   0.0000000000
   0.8660317547  -0.0000000000   0.0000000000  -0.0000000000
   0.8804656173   0.0000000000  -0.0000000000  -0.0000000000
   0.8948994799   0.0000000000  -0.0000000000  -0.0000000000
   0.9093333424   0.0000000000  -0.0000000000   0.0000000000
   0.9237672050  -0.0000000000   0.0000000000   0.0000000000
   0.9382010676  -0.0000000000   0.0000000000   0.0000000000
   0.9526349302  -0.0000000000   0.0000000000  -0.0000000000
   0.9670687928   0.0000000000  -0.0000000000  -0.0000000000
   0.9815026553   0.0000000000  -0.0000000000  -0.0000000000
   0.9959365179   0.0000000000  -0.0000000000   0.0000000000
   1.0103703805  -0.0000000000   0.0000000000   0.0000000000
   1.0248042431  -0.0000000000   0.0000000000   0.0000000000
   1.0392381056  -0.0000000000   0.0000000000  -0.0000000000
   1.0536719682   0.0000000000  -0.0000000000  -0.0000000000
   1.0681058308   0.0000000000  -0.0000000000  -0.0000000000
   1.0825396934   0.0000000000  -0.0000000000   0.0000000000
   1.0969735560  -0.0000000000   0.0000000000   0.0000000000
   1.1114074185  -0.0000000000   0.0000000000   0.0000000000
   1.1258412811  -0.0000000000   0.0000000000  -0.0000000000
   1.1402751437   0.0000000000   0.0000000000  -0.0000000000
   1.1547090063   0.0000000000  -0.0000000000   0.0000000000
   1.1691428689   0.0000000000  -0.0000000000   0.0000000000
   1.1835767314  -0.0000000000   0.0000000000  -0.0000000000
   1.1980105940  -0.0000000000   0.0000000000  -0.0000000000
   1.2124444566  -0.0000000000   0.0000000000  -0.0000000000
   1.2268783192   0.0000000000  -0.0000000000   0.0000000000
   1.2413121817   0.0000000000  -0.0000000000   0.0000000000
   1.2557460443   0.0000000000  -0.0000000000   0.0000000000
   1.2701799069  -0.0000000000   0.0000000000  -0.0000000000
   1.2846137695  -0.0000000000   0.0000000000  -0.0000000000
   1.2990476321  -0.0000000000   0.0000000000  -0.0000000000
   1.3134814946   0.0000000000  -0.0000000000   0.0000000000
   1.3279153572   0.0000000000  -0.0000000000   0.0000000000
   1.3423492198   0.0000000000  -0.0000000000   0.0000000000
   1.3567830824  -0.0000000000   0.0000000000  -0.0000000000
   1.3712169450  -0.0000000000   0.0000000000  -0.0000000000
   1.3856508075  -0.0000000000   0.0000000000  -0.0000000000
   1.4000846701   0.0000000000  -0.0000000000   0.0000000000
   1.4145185327   0.0000000000  -0.0000000000   0.0000000000
   1.4289523953   0.0000000000  -0.0000000000   0.0000000000
   1.4433862578  -0.0000000000   0.0000000000  -0.0000000000
   1.4578201204  -0.0000000000   0.0000000000  -0.0000000000
   1.4722539830  -0.0000000000   0.0000000000  -0.0000000000
   1.4866878456   0.0000000000  -0.0000000000   0.0000000000
   1.5011217082   0.0000000000  -0.0000000000   0.0000000000
   1.5155555707   0.0000000000  -0.0000000000   0.0000000000
   1.5299894333  -0.0000000000   0.0000000000  -0.0000000000
   1.5444232959  -0.0000000000   0.0000000000  -0.0000000000
   1.5588571585  -0.0000000000   0.0000000000  -0.0000000000
   1.5732910211   0.0000000000  -0.0000000000   0.0000000000
   1.5877248836   0.0000000000  -0.0000000000   0.0000000000
   1.6021587462   0.0000000000  -0.0000000000   0.0000000000
   1.6165926088  -0.0000000000   0.0000000000  -0.0000000000
   1.6310264714  -0.0000000000   0.0000000000  -0.0000000000
   1.6454603339  -0.0000000000   0.0000000000  -0.0000000000
   1.6598941965   0.0000000000  -0.0000000000   0.0000000000
   1.6743280591   0.0000000000  -0.0000000000   0.0000000000
   1.6887619217   0.0000000000  -0.0000000000   0.0000000000
   1.7031957843  -0.0000000001   0.0000000000  -0.0000000001
   1.7176296468  -0.0000000002   0.0000000001  -0.0000000002
   1.7320635094  -0.0000000001   0.0000000001  -0.0000000002
   1.7464973720   0.0000000002  -0.0000000000   0.0000000002
   1.7609312346   0.0000000006  -0.0000000002   0.0000000007
   1.7753650971   0.0000000006  -0.0000000003   0.0000000007
   1.7897989597  -0.0000000003  -0.0000000000  -0.0000000003
   1.8042328223  -0.0000000019   0.0000000006  -0.0000000021
   1.8186666849  -0.0000000025   0.0000000011  -0.0000000028
   1.8331005475  -0.0000000000   0.0000000005  -0.0000000001
   1.8475344100   0.0000000056  -0.0000000016   0.0000000061
   1.8619682726   0.0000000094  -0.0000000037   0.0000000105
   1.8764021352   0.0000000040  -0.0000000030   0.0000000046
   1.8908359978  -0.0000000133   0.0000000029  -0.0000000146
   1.9052698604  -0.0000000309   0.0000000112  -0.0000000345
   1.9197037229  -0.0000000247   0.0000000132  -0.0000000280
   1.9341375855   0.0000000219  -0.0000000008   0.0000000237
   1.9485714481   0.0000000877  -0.0000000285   0.0000000978
   1.9630053107   0.0000001049  -0.0000000474   0.0000001186
   1.9774391732   0.0000000032  -0.0000000238   0.0000000059
   1.9918730358  -0.0000002025   0.0000000540  -0.0000002259
   2.0063068984  -0.0000003525   0.0000001401  -0.0000003981
   2.0207407610  -0.0000002098   0.0000001356  -0.0000002418
   2.0351746236   0.0000003185  -0.0000000380   0.0000003539
   2.0496084861   0.0000009470  -0.0000003267   0.0000010716
   2.0640423487   0.0000010303  -0.0000004942   0.0000011779
   2.0784762113   0.0000000107  -0.0000002425   0.0000000259
   2.0929100739  -0.0000018857   0.0000005012  -0.0000021441
   2.1073439365  -0.0000032930   0.0000013248  -0.0000037768
   2.1217777990  -0.0000023192   0.0000014035  -0.0000026825
   2.1362116616   0.0000018476   0.0000000644   0.0000021168
   2.1506455242   0.0000073419  -0.0000024052   0.0000085038
   2.1650793868   0.0000096512  -0.0000043661   0.0000112338
   2.1795132493   0.0000042593  -0.0000035121   0.0000049634
   2.1939471119  -0.0000090660   0.0000013613  -0.0000107016
   2.2083809745  -0.0000233953   0.0000085176  -0.0000276814
   2.2228148371  -0.0000265472   0.0000130136  -0.0000314866
   2.2372486997  -0.0000086200   0.0000091026  -0.0000100717
   2.2516825622   0.0000284544  -0.0000053556   0.0000345892
   2.2661164248   0.0000662425  -0.0000251422   0.0000804473
   2.2805502874   0.0000759466  -0.0000379098   0.0000922918
   2.2949841500   0.0000352679  -0.0000300213   0.0000421105
   2.3094180126  -0.0000521201   0.0000039409  -0.0000664969
   2.3238518751  -0.0001473290   0.0000533009  -0.0001856801
   2.3382857377  -0.0001873218   0.0000911072  -0.0002357950
   2.3527196003  -0.0001162454   0.0000846905  -0.0001442847
   2.3671534629   0.0000754693   0.0000143423   0.0001036125
   2.3815873254   0.0003243524  -0.0001079321   0.0004279008
   2.3960211880   0.0004973155  -0.0002297559   0.0006550376
   2.4104550506   0.0004309594  -0.0002672310   0.0005672476
   2.4248889132  -0.0000042166  -0.0001318366  -0.0000123040
   2.4393227758  -0.0008392043   0.0002324122  -0.0011305278
   2.4537566383  -0.0019697545   0.0008155864  -0.0026512158
   2.4681905009  -0.0031673351   0.0015274177  -0.0042673340
   2.4826243635  -0.0041395747   0.0022116023  -0.0055834452
   2.4970582261  -0.0046214434   0.0026878944  -0.0062424556
   2.5114920887  -0.0044641161   0.0028089740  -0.0060487988
   2.5259259512  -0.0036872277   0.0025111865  -0.0050380058
   2.5403598138  -0.0024735316   0.0018390132  -0.0034632553
   2.5547936764  -0.0011076396   0.0009331190  -0.0017044809
   2.5692275390   0.0001172245  -0.0000132810  -0.0001384585
   2.5836614015   0.0009885082  -0.0008124101   0.0009768979
   2.5980952641   0.0014269792  -0.0013326660   0.0015606452
   2.6125291267   0.0014866773  -0.0015258283   0.0016943335
   2.6269629893   0.0013083330  -0.0014256328   0.0015520035
   2.6413968519   0.0010504872  -0.0011235686   0.0013123221
   2.6558307144   0.0008289731  -0.0007339843   0.0010918829
   2.6702645770   0.0006880112  -0.0003610157   0.0009229712
   2.6846984396   0.0006090119  -0.0000762236   0.0007756482
   2.6991323022   0.0005449416   0.0000894150   0.0006041507
   2.7135661647   0.0004579477   0.0001405468   0.0003896018
   2.7280000273   0.0003405207   0.0001045971   0.0001571765
   2.7424338899   0.0002131041   0.0000175389  -0.0000380747
   2.7568677525   0.0001053054  -0.0000865413  -0.0001452261
   2.7713016151   0.0000351785  -0.0001802812  -0.0001501314
   2.7857354776  -0.0000014747  -0.0002439155  -0.0000880305
   2.8001693402  -0.0000282857  -0.0002651950  -0.0000296521
   2.8146032028  -0.0000760939  -0.0002401155  -0.0000488449
   2.8290370654  -0.0001682306  -0.0001738224  -0.0001885833
   2.8434709280  -0.0003091040  -0.0000797773  -0.0004415482
   2.8579047905  -0.0004798667   0.0000238211  -0.0007531634
   2.8723386531  -0.0006432958   0.0001192403  -0.0010441359
   2.8867725157  -0.0007574081   0.0001935588  -0.0012414187
   2.9012063783  -0.0007929549   0.0002402274  -0.0013040463
   2.9156402408  -0.0007461587   0.0002578392  -0.0012337729
   2.9300741034  -0.0006390088   0.0002477389  -0.0010678963
   2.9445079660  -0.0005063901   0.0002123119  -0.0008596367
   2.9589418286  -0.0003779923   0.0001547053  -0.0006562382
   2.9733756912  -0.0002664200   0.0000794397  -0.0004844260
   2.9878095537  -0.0001679967  -0.0000071504  -0.0003477922
   3.0022434163  -0.0000732956  -0.0000972941  -0.0002344106
   3.0166772789   0.0000218352  -0.0001828318  -0.0001289779
   3.0311111415   0.0001124370  -0.0002563194  -0.0000233591
   3.0455450041   0.0001884843  -0.0003117316   0.0000785247
   3.0599788666   0.0002416215  -0.0003448324   0.0001627637
   3.0744127292   0.0002690884  -0.0003536396   0.0002131416
   3.0888465918   0.0002733415  -0.0003392085   0.0002207015
   3.1032804544   0.0002595930  -0.0003063298   0.0001900639
   3.1177143169   0.0002338673  -0.0002632849   0.0001384302
   3.1321481795   0.0002021628  -0.0002200864   0.0000872764
   3.1465820421   0.0001698201  -0.0001856232   0.0000516455
   3.1610159047   0.0001406116  -0.0001650731   0.0000338946
   3.1754497673   0.0001161875  -0.0001589647   0.0000256777
   3.1898836298   0.0000965949  -0.0001642310   0.0000159685
   3.2043174924   0.0000815263  -0.0001763155  -0.0000010893
   3.2187513550   0.0000711617  -0.0001909271  -0.0000236073
   3.2331852176   0.0000659349  -0.0002047187  -0.0000449374
   3.2476190802   0.0000656836  -0.0002152409  -0.0000585282
   3.2620529427   0.0000691366  -0.0002209533  -0.0000609791
   3.2764868053   0.0000741473  -0.0002215632  -0.0000525600
   3.2909206679   0.0000783314  -0.0002182071  -0.0000367368
   3.3053545305   0.0000796532  -0.0002128979  -0.0000197446
   3.3197883930   0.0000769036  -0.0002073741  -0.0000094140
   3.3342222556   0.0000701562  -0.0002022026  -0.0000121661
   3.3486561182   0.0000609414  -0.0001968867  -0.0000291324
   3.3630899808   0.0000516630  -0.0001908402  -0.0000544146
   3.3775238434   0.0000442813  -0.0001842948  -0.0000777857
   3.3919577059   0.0000391195  -0.0001783117  -0.0000907091
   3.4063915685   0.0000348181  -0.0001739670  -0.0000914901
   3.4208254311   0.0000295671  -0.0001715587  -0.0000857313
   3.4352592937   0.0000225981  -0.0001705954  -0.0000819071
   3.4496931563   0.0000147002  -0.0001705010  -0.0000855983
   3.4641270188   0.0000074778  -0.0001712723  -0.0000965545
   3.4785608814   0.0000021873  -0.0001734216  -0.0001100475
   3.4929947440  -0.0000008194  -0.0001772859  -0.0001206136
   3.5074286066  -0.0000018359  -0.0001824011  -0.0001250930
   3.5218624691  -0.0000013353  -0.0001875490  -0.0001233540
   3.5362963317   0.0000001057  -0.0001914264  -0.0001173494
   3.5507301943   0.0000015895  -0.0001933395  -0.0001100433
   3.5651640569   0.0000019390  -0.0001933803  -0.0001048750
   3.5795979195   0.0000002462  -0.0001920817  -0.0001051837
   3.5940317820  -0.0000035039  -0.0001899973  -0.0001129076
   3.6084656446  -0.0000083936  -0.0001876019  -0.0001269822
   3.6228995072  -0.0000132636  -0.0001854858  -0.0001428751
   3.6373333698  -0.0000175639  -0.0001844755  -0.0001543209
   3.6517672323  -0.0000216280  -0.0001853992  -0.0001566626
   3.6662010949  -0.0000261664  -0.0001886095  -0.0001496944
   3.6806349575  -0.0000314627  -0.0001936709  -0.0001379781
   3.6950688201  -0.0000369401  -0.0001995147  -0.0001283380
   3.7095026827  -0.0000413544  -0.0002049803  -0.0001262315
   3.7239365452  -0.0000433429  -0.0002093525  -0.0001333331
   3.7383704078  -0.0000419267  -0.0002125458  -0.0001475324
   3.7528042704  -0.0000368296  -0.0002149099  -0.0001647250
   3.7672381330  -0.0000287524  -0.0002169133  -0.0001807867
   3.7816719956  -0.0000196599  -0.0002189735  -0.0001925862
   3.7961058581  -0.0000128199  -0.0002214760  -0.0001980796
   3.8105397207  -0.0000121949  -0.0002248185  -0.0001962506
   3.8249735833  -0.0000211066  -0.0002293278  -0.0001873677
   3.8394074459  -0.0000406616  -0.0002350796  -0.0001732942
   3.8538413084  -0.0000687376  -0.0002417936  -0.0001572798
   3.8682751710  -0.0001000860  -0.0002489365  -0.0001431233
   3.8827090336  -0.0001274944  -0.0002559804  -0.0001342456
   3.8971428962  -0.0001434967  -0.0002626266  -0.0001333238
   3.9115767588  -0.0001421075  -0.0002688422  -0.0001425367
   3.9260106213  -0.0001203444  -0.0002747189  -0.0001637656
   3.9404444839  -0.0000794512  -0.0002802972  -0.0001980078
   3.9548783465  -0.0000255757  -0.0002855028  -0.0002439500
   3.9693122091   0.0000305638  -0.0002902259  -0.0002965336
   3.9837460717   0.0000753516  -0.0002944679  -0.0003466595
   3.9981799342   0.0000950465  -0.0002984510  -0.0003826377
   4.0126137968   0.0000787946  -0.0003026357  -0.0003930033
   4.0270476594   0.0000208749  -0.0003076505  -0.0003695921
   4.0414815220  -0.0000783920  -0.0003141610  -0.0003097336
   4.0559153845  -0.0002129912  -0.0003227008  -0.0002169542
   4.0703492471  -0.0003723713  -0.0003334819  -0.0001002166
   4.0847831097  -0.0005430508  -0.0003462195   0.0000279066
   4.0992169723  -0.0007105473  -0.0003600210   0.0001536527
   4.1136508349  -0.0008615223  -0.0003733903   0.0002646202
   4.1280846974  -0.0009857713  -0.0003843686   0.0003519346
   4.1425185600  -0.0010774661  -0.0003907954   0.0004114752
   4.1569524226  -0.0011352187  -0.0003906357   0.0004437757
   4.1713862852  -0.0011610620  -0.0003822908   0.0004526646
   4.1858201478  -0.0011589686  -0.0003648046   0.0004432258
   4.2002540103  -0.0011336239  -0.0003379003   0.0004199384
   4.2146878729  -0.0010898004  -0.0003018428   0.0003856978
   4.2291217355  -0.0010321675  -0.0002571931   0.0003419315
   4.2435555981  -0.0009651572  -0.0002045699   0.0002895080
   4.2579894606  -0.0008926823  -0.0001445218   0.0002298493
   4.2724233232  -0.0008178384  -0.0000775440   0.0001656973
   4.2868571858  -0.0007428368  -0.0000042011   0.0001012285
   4.3012910484  -0.0006692151   0.0000747269   0.0000415164
   4.3157249110  -0.0005980933   0.0001581371  -0.0000084321
   4.3301587735  -0.0005301931   0.0002445591  -0.0000447197
   4.3445926361  -0.0004656039   0.0003321667  -0.0000653393
   4.3590264987  -0.0004035939   0.0004188378  -0.0000704506
   4.3734603613  -0.0003428042   0.0005022666  -0.0000620772
   4.3878942239  -0.0002818591   0.0005801168  -0.0000433332
   4.4023280864  -0.0002200493   0.0006501811  -0.0000174373
   4.4167619490  -0.0001576414   0.0007104940   0.0000131580
   4.4311958116  -0.0000956451   0.0007593657   0.0000472260
   4.4456296742  -0.0000352680   0.0007953547   0.0000846615
   4.4600635367   0.0000225331   0.0008172431   0.0001258756
   4.4744973993   0.0000771716   0.0008240788   0.0001709697
   4.4889312619   0.0001283024   0.0008152994   0.0002190710
   4.5033651245   0.0001756909   0.0007908939   0.0002681454
   4.5177989871   0.0002192103   0.0007515218   0.0003153662
   4.5322328496   0.0002588706   0.0006985252   0.0003578511
   4.5466667122   0.0002947131   0.0006338233   0.0003934173
   4.5611005748   0.0003265525   0.0005597268   0.0004210338
   4.5755344374   0.0003537665   0.0004787265   0.0004408399
   4.5899682999   0.0003753686   0.0003933019   0.0004538037
   4.6044021625   0.0003904023   0.0003057672   0.0004612111
   4.6188360251   0.0003984244   0.0002181616   0.0004641736
   4.6332698877   0.0003997603   0.0001321952   0.0004632785
   4.6477037503   0.0003953767   0.0000492623   0.0004584578
   4.6621376128   0.0003864917  -0.0000294839   0.0004491218
   4.6765714754   0.0003741948  -0.0001030351   0.0004345446
   4.6910053380   0.0003592754  -0.0001704673   0.0004143826
   4.7054392006   0.0003422612  -0.0002309589   0.0003890965
   4.7198730632   0.0003235299  -0.0002838770   0.0003600417
   4.7343069257   0.0003033798  -0.0003288723   0.0003291415
   4.7487407883   0.0002820523  -0.0003659181   0.0002982896
   4.7631746509   0.0002597781  -0.0003952682   0.0002687867
   4.7776085135   0.0002368777  -0.0004173632   0.0002410829
   4.7920423760   0.0002138598  -0.0004327394   0.0002149040
   4.8064762386   0.0001914162  -0.0004419740   0.0001896245
   4.8209101012   0.0001702671  -0.0004456622   0.0001646640
   4.8353439638   0.0001509239  -0.0004444026   0.0001397521
   4.8497778264   0.0001335091  -0.0004387787   0.0001150287
   4.8642116889   0.0001177498  -0.0004293495   0.0000910204
   4.8786455515   0.0001031564  -0.0004166641   0.0000685161
   4.8930794141   0.0000892843  -0.0004012940   0.0000483427
   4.9075132767   0.0000759349  -0.0003838503   0.0000310743
   4.9219471393   0.0000632004  -0.0003649563   0.0000167821
   4.9363810018   0.0000513603  -0.0003451804   0.0000049733
   4.9508148644   0.0000407252  -0.0003249665  -0.0000052112
   4.9652487270   0.0000315252  -0.0003046075  -0.0000146233
   4.9796825896   0.0000238754  -0.0002842728  -0.0000237589
   4.9941164521   0.0000177741  -0.0002640678  -0.0000326153
   5.0085503147   0.0000130823  -0.0002440860  -0.0000408014
   5.0229841773   0.0000094905  -0.0002244323  -0.0000477938
   5.0374180399   0.0000065449  -0.0002052208  -0.0000531834
   5.0518519025   0.0000037847  -0.0001865650  -0.0000568147
   5.0662857650   0.0000009496  -0.0001685711  -0.0000588146
   5.0807196276  -0.0000018814  -0.0001513316  -0.0000595539
   5.0951534902  -0.0000043406  -0.0001349150  -0.0000595647
   5.1095873528  -0.0000060043  -0.0001193523  -0.0000594126
   5.1240212154  -0.0000066541  -0.0001046319  -0.0000595306
   5.1384550779  -0.0000063946  -0.0000907094  -0.0000600713
   5.1528889405  -0.0000055658  -0.0000775307  -0.0000608577
   5.1673228031  -0.0000045493  -0.0000650557  -0.0000614751
   5.1817566657  -0.0000036187  -0.0000532716  -0.0000614686
   5.1961905282  -0.0000029096  -0.0000421911  -0.0000605461
   5.2106243908  -0.0000024568  -0.0000318391  -0.0000586902
   5.2250582534  -0.0000022088  -0.0000222335  -0.0000561412
   5.2394921160  -0.0000019985  -0.0000133705  -0.0000532863
   5.2539259786  -0.0000015438  -0.0000052174  -0.0000505180
   5.2683598411  -0.0000005494   0.0000022811  -0.0000481193
   5.2827937037   0.0000011149   0.0000091889  -0.0000461969
   5.2972275663   0.0000032903   0.0000155627  -0.0000446685
   5.3116614289   0.0000055768   0.0000214440  -0.0000432999
   5.3260952914   0.0000075436   0.0000268606  -0.0000417868
   5.3405291540   0.0000089615   0.0000318318  -0.0000398657
   5.3549630166   0.0000098973   0.0000363724  -0.0000374178
   5.3693968792   0.0000106233   0.0000404930  -0.0000345221
   5.3838307418   0.0000114321   0.0000442010  -0.0000314328
   5.3982646043   0.0000124970   0.0000475090  -0.0000284834
   5.4126984669   0.0000138484   0.0000504454  -0.0000259615
   5.4271323295   0.0000154273   0.0000530588  -0.0000240052
   5.4415661921   0.0000171345   0.0000554079  -0.0000225621
   5.4560000547   0.0000188364   0.0000575414  -0.0000214181
   5.4704339172   0.0000203617   0.0000594811  -0.0000202799
   5.4848677798   0.0000215445   0.0000612211  -0.0000188764
   5.4993016424   0.0000223150   0.0000627438  -0.0000170508
   5.5137355050   0.0000227715   0.0000640399  -0.0000148148
   5.5281693675   0.0000231587   0.0000651190  -0.0000123470
   5.5426032301   0.0000237432   0.0000660050  -0.0000099307
   5.5570370927   0.0000246649   0.0000667250  -0.0000078483
   5.5714709553   0.0000258662   0.0000673022  -0.0000062715
   5.5859048179   0.0000271467   0.0000677585  -0.0000051969
   5.6003386804   0.0000282929   0.0000681174  -0.0000044541
   5.6147725430   0.0000291861   0.0000684020  -0.0000037791
   5.6292064056   0.0000298230   0.0000686240  -0.0000029166
   5.6436402682   0.0000302644   0.0000687751  -0.0000017076
   5.6580741308   0.0000305789   0.0000688302  -0.0000001370
   5.6725079933   0.0000308317   0.0000687657   0.0000016667
   5.6869418559   0.0000311058   0.0000685786   0.0000034732
   5.7013757185   0.0000315031   0.0000682946   0.0000050266
   5.7158095811   0.0000320969   0.0000679566   0.0000061394
   5.7302434436   0.0000328663   0.0000676020   0.0000067722
   5.7446773062   0.0000336784   0.0000672472   0.0000070584
   5.7591111688   0.0000343504   0.0000668867   0.0000072546
   5.7735450314   0.0000347564   0.0000665051   0.0000076312
   5.7879788940   0.0000348978   0.0000660902   0.0000083599
   5.8024127565   0.0000348879   0.0000656357   0.0000094507
   5.8168466191   0.0000348708   0.0000651372   0.0000107658
   5.8312804817   0.0000349422   0.0000645904   0.0000120892
   5.8457143443   0.0000351285   0.0000639953   0.0000132110
   5.8601482069   0.0000354163   0.0000633650   0.0000139915
   5.8745820694   0.0000357863   0.0000627259   0.0000143959
   5.8890159320   0.0000362115   0.0000621056   0.0000145016
   5.9034497946   0.0000366343   0.0000615159   0.0000144797
   5.9178836572   0.0000369626   0.0000609446   0.0000145443
   5.9323175197   0.0000371108   0.0000603633   0.0000148772
   5.9467513823   0.0000370587   0.0000597463   0.0000155505
   5.9611852449   0.0000368787   0.0000590863   0.0000164899
   5.9756191075   0.0000367000   0.0000583960   0.0000175028
   5.9900529701   0.0000366345   0.0000576968   0.0000183640
   6.0044868326   0.0000367194   0.0000570055   0.0000189143
   6.0189206952   0.0000369155   0.0000563293   0.0000191209
   6.0333545578   0.0000371498   0.0000556687   0.0000190753
   6.0477884204   0.0000373623   0.0000550220   0.0000189408
   6.0622222830   0.0000375195   0.0000543857   0.0000188854
   6.0766561455   0.0000376004   0.0000537518   0.0000190287
   6.0910900081   0.0000375836   0.0000531080   0.0000194152
   6.1055238707   0.0000374582   0.0000524439   0.0000200075
   6.1199577333   0.0000372491   0.0000517587   0.0000206965
   6.1343915958   0.0000370262   0.0000510650   0.0000213305
   6.1488254584   0.0000368771   0.0000503823   0.0000217648
   6.1632593210   0.0000368586   0.0000497259   0.0000219201
   6.1776931836   0.0000369618   0.0000490986   0.0000218220
   6.1921270462   0.0000371188   0.0000484909   0.0000215945
   6.2065609087   0.0000372445   0.0000478888   0.0000214066
   6.2209947713   0.0000372802   0.0000472823   0.0000213977
   6.2354286339   0.0000372111   0.0000466682   0.0000216207
   6.2498624965   0.0000370549   0.0000460485   0.0000220308
   6.2642963590   0.0000368414   0.0000454270   0.0000225164
   6.2787302216   0.0000366047   0.0000448076   0.0000229505
   6.2931640842   0.0000363873   0.0000441956   0.0000232337
   6.3075979468   0.0000362380   0.0000435977   0.0000233199
   6.3220318094   0.0000361929   0.0000430193   0.0000232235
   6.3364656719   0.0000362480   0.0000424603   0.0000230139
   6.3508995345   0.0000363474   0.0000419138   0.0000227970
   6.3653333971   0.0000364061   0.0000413692   0.0000226813
   6.3797672597   0.0000363537   0.0000408183   0.0000227377
   6.3942011223   0.0000361731   0.0000402599   0.0000229682
   6.4086349848   0.0000359053   0.0000397000   0.0000233023
   6.4230688474   0.0000356214   0.0000391475   0.0000236273
   6.4375027100   0.0000353842   0.0000386093   0.0000238370
   6.4519365726   0.0000352253   0.0000380882   0.0000238749
   6.4663704351   0.0000351449   0.0000375835   0.0000237525
   6.4808042977   0.0000351235   0.0000370920   0.0000235367
   6.4952381603   0.0000351310   0.0000366092   0.0000233181
   6.5096720229   0.0000351293   0.0000361291   0.0000231770
   6.5241058855   0.0000350763   0.0000356460   0.0000231588
   6.5385397480   0.0000349405   0.0000351574   0.0000232630
   6.5529736106   0.0000347191   0.0000346665   0.0000234472
   6.5674074732   0.0000344471   0.0000341822   0.0000236415
   6.5818413358   0.0000341840   0.0000337144   0.0000237727
   6.5962751984   0.0000339841   0.0000332686   0.0000237903
   6.6107090609   0.0000338694   0.0000328425   0.0000236847
   6.6251429235   0.0000338215   0.0000324275   0.0000234914
   6.6395767861   0.0000337973   0.0000320138   0.0000232757
   6.6540106487   0.0000337531   0.0000315952   0.0000231064
   6.6684445112   0.0000336629   0.0000311717   0.0000230286
   6.6828783738   0.0000335198   0.0000307474   0.0000230492
   6.6973122364   0.0000333299   0.0000303280   0.0000231377
   6.7117460990   0.0000331057   0.0000299186   0.0000232410
   6.7261799616   0.0000328676   0.0000295228   0.0000233048
   6.7406138241   0.0000326440   0.0000291424   0.0000232917
   6.7550476867   0.0000324656   0.0000287770   0.0000231930
   6.7694815493   0.0000323507   0.0000284225   0.0000230288
   6.7839154119   0.0000322920   0.0000280718   0.0000228402
   6.7983492745   0.0000322560   0.0000277177   0.0000226735
   6.8127831370   0.0000321987   0.0000273568   0.0000225634
   6.8272169996   0.0000320877   0.0000269921   0.0000225213
   6.8416508622   0.0000319167   0.0000266313   0.0000225330
   6.8560847248   0.0000317039   0.0000262826   0.0000225653
   6.8705185873   0.0000314784   0.0000259499   0.0000225802
   6.8849524499   0.0000312661   0.0000256312   0.0000225483
   6.8993863125   0.0000310832   0.0000253214   0.0000224582
   6.9138201751   0.0000309372   0.0000250156   0.0000223186
   6.9282540377   0.0000308286   0.0000247120   0.0000221539
   6.9426879002   0.0000307490   0.0000244102   0.0000219951
   6.9571217628   0.0000306785   0.0000241098   0.0000218689
   6.9715556254   0.0000305893   0.0000238098   0.0000217880
   6.9859894880   0.0000304570   0.0000235101   0.0000217478
   7.0004233506   0.0000302752   0.0000232137   0.0000217283
   7.0148572131   0.0000300601   0.0000229263   0.0000217032
   7.0292910757   0.0000298433   0.0000226527   0.0000216503
   7.0437249383   0.0000296547   0.0000223928   0.0000215593
   7.0581588009   0.0000295078   0.0000221411   0.0000214345
   7.0725926634   0.0000293968   0.0000218900   0.0000212910
   7.0870265260   0.0000293043   0.0000216343   0.0000211480
   7.1014603886   0.0000292118   0.0000213743   0.0000210220
   7.1158942512   0.0000291065   0.0000211142   0.0000209221
   7.1303281138   0.0000289806   0.0000208585   0.0000208481
   7.1447619763   0.0000288301   0.0000206098   0.0000207915
   7.1591958389   0.0000286554   0.0000203687   0.0000207385
   7.1736297015   0.0000284651   0.0000201354   0.0000206745
   7.1880635641   0.0000282767   0.0000199107   0.0000205891
   7.2024974266   0.0000281107   0.0000196945   0.0000204794
   7.2169312892   0.0000279796   0.0000194840   0.0000203517
   7.2313651518   0.0000278797   0.0000192744   0.0000202185
   7.2457990144   0.0000277929   0.0000190607   0.0000200934
   7.2602328770   0.0000276964   0.0000188421   0.0000199853
   7.2746667395   0.0000275754   0.0000186224   0.0000198952
   7.2891006021   0.0000274284   0.0000184079   0.0000198169
   7.3035344647   0.0000272646   0.0000182035   0.0000197412
   7.3179683273   0.0000270956   0.0000180096   0.0000196603
   7.3324021899   0.0000269307   0.0000178229   0.0000195701
   7.3468360524   0.0000267760   0.0000176392   0.0000194706
   7.3612699150   0.0000266365   0.0000174559   0.0000193633
   7.3757037776   0.0000265159   0.0000172728   0.0000192508
   7.3901376402   0.0000264130   0.0000170902   0.0000191364
   7.4045715027   0.0000263183   0.0000169083   0.0000190243
   7.4190053653   0.0000262162   0.0000167267   0.0000189189
   7.4334392279   0.0000260927   0.0000165462   0.0000188225
   7.4478730905   0.0000259437   0.0000163693   0.0000187332
   7.4623069531   0.0000257780   0.0000161993   0.0000186459
   7.4767408156   0.0000256123   0.0000160377   0.0000185545
   7.4911746782   0.0000254609   0.0000158830   0.0000184566
   7.5056085408   0.0000253295   0.0000157309   0.0000183540
   7.5200424034   0.0000252146   0.0000155770   0.0000182512
   7.5344762660   0.0000251086   0.0000154193   0.0000181511
   7.5489101285   0.0000250048   0.0000152591   0.0000180535
   7.5633439911   0.0000248988   0.0000150997   0.0000179555
   7.5777778537   0.0000247864   0.0000149440   0.0000178553
   7.5922117163   0.0000246628   0.0000147935   0.0000177540
   7.6066455788   0.0000245246   0.0000146482   0.0000176544
   7.6210794414   0.0000243742   0.0000145073   0.0000175588
   7.6355133040   0.0000242211   0.0000143704   0.0000174662
   7.6499471666   0.0000240782   0.0000142368   0.0000173737
   7.6643810292   0.0000239546   0.0000141052   0.0000172783
   7.6788148917   0.0000238497   0.0000139739   0.0000171803
   7.6932487543   0.0000237540   0.0000138408   0.0000170817
   7.7076826169   0.0000236553   0.0000137057   0.0000169846
   7.7221164795   0.0000235459   0.0000135704   0.0000168887
   7.7365503421   0.0000234249   0.0000134380   0.0000167918
   7.7509842046   0.0000232962   0.0000133108   0.0000166929
   7.7654180672   0.0000231640   0.0000131894   0.0000165936
   7.7798519298   0.0000230308   0.0000130717   0.0000164982
   7.7942857924   0.0000228984   0.0000129551   0.0000164099
   7.8087196549   0.0000227709   0.0000128376   0.0000163282
   7.8231535175   0.0000226536   0.0000127191   0.0000162484
   7.8375873801   0.0000225494   0.0000126007   0.0000161647
   7.8520212427   0.0000224552   0.0000124831   0.0000160736
   7.8664551053   0.0000223620   0.0000123668   0.0000159762
   7.8808889678   0.0000222595   0.0000122518   0.0000158759
   7.8953228304   0.0000221428   0.0000121388   0.0000157762
   7.9097566930   0.0000220148   0.0000120290   0.0000156786
   7.9241905556   0.0000218836   0.0000119234   0.0000155834
   7.9386244181   0.0000217570   0.0000118216   0.0000154910
   7.9530582807   0.0000216382   0.0000117216   0.0000154029
   7.9674921433   0.0000215262   0.0000116209   0.0000153202
   7.9819260059   0.0000214189   0.0000115180   0.0000152417
