   0.0000000000   0.0000000000   0.0000000000   0.0000000000
   0.0144338626   0.0000000000   0.0000000000   0.0000000000
   0.0288677252   0.0000000000   0.0000000000   0.0000000000
   0.0433015877   0.0000000000   0.0000000000   0.0000000000
   0.0577354503   0.0000000000   0.0000000000   0.0000000000
   0.0721693129   0.0000000000   0.0000000000   0.0000000000
   0.0866031755  -0.0000000000   0.0000000000  -0.0000000000
   0.1010370380   0.0000000000  -0.0000000000   0.0000000000
   0.1154709006   0.0000000000  -0.0000000000  -0.0000000000
   0.1299047632   0.0000000000  -0.0000000000  -0.0000000000
   0.1443386258   0.0000000000  -0.0000000000  -0.0000000000
   0.1587724884   0.0000000000  -0.0000000000  -0.0000000000
   0.1732063509   0.0000000000  -0.0000000000  -0.0000000000
   0.1876402135   0.0000000000   0.0000000000  -0.0000000000
   0.2020740761   0.0000000000   0.0000000000  -0.0000000000
   0.2165079387   0.0000000000  -0.0000000000  -0.0000000000
   0.2309418013   0.0000000000  -0.0000000000  -0.0000000000
   0.2453756638   0.0000000000  -0.0000000000  -0.0000000000
   0.2598095264   0.0000000000   0.0000000000   0.0000000000
   0.2742433890   0.0000000000   0.0000000000   0.0000000000
   0.2886772516  -0.0000000000   0.0000000000  -0.0000000000
   0.3031111141  -0.0000000000  -0.0000000000  -0.0000000000
   0.3175449767  -0.0000000000  -0.0000000000   0.0000000000
   0.3319788393   0.0000000000   0.0000000000   0.0000000000
   0.3464127019   0.0000000000   0.0000000000   0.0000000000
   0.3608465645  -0.0000000000   0.0000000000  -0.0000000000
   0.3752804270  -0.0000000000  -0.0000000000  -0.0000000000
   0.3897142896  -0.0000000000  -0.0000000000  -0.0000000000
   0.4041481522   0.0000000000   0.0000000000   0.0000000000
   0.4185820148   0.0000000000   0.0000000000   0.0000000000
   0.4330158774  -0.0000000000   0.0000000000  -0.0000000000
   0.4474497399  -0.0000000000  -0.0000000000  -0.0000000000
   0.4618836025  -0.0000000000  -0.0000000000  -0.0000000000
   0.4763174651   0.0000000000   0.0000000000   0.0000000000
   0.4907513277   0.0000000000   0.0000000000   0.0000000000
   0.5051851902  -0.0000000000   0.0000000000  -0.0000000000
   0.5196190528  -0.0000000000  -0.0000000000  -0.0000000000
   0.5340529154  -0.0000000000  -0.0000000000  -0.0000000000
   0.5484867780   0.0000000000   0.0000000000   0.0000000000
   0.5629206406   0.0000000000   0.0000000000   0.0000000000
   0.5773545031   0.0000000000   0.0000000000   0.0000000000
   0.5917883657  -0.0000000000  -0.0000000000  -0.0000000000
   0.6062222283  -0.0000000000  -0.0000000000  -0.0000000000
   0.6206560909   0.0000000000  -0.0000000000   0.0000000000
   0.6350899535   0.0000000000   0.0000000000   0.0000000000
   0.6495238160   0.0000000000   0.0000000000   0.0000000000
   0.6639576786  -0.0000000000  -0.0000000000  -0.0000000000
   0.6783915412  -0.0000000000  -0.0000000000  -0.0000000000
   0.6928254038   0.0000000000  -0.0000000000  -0.0000000000
   0.7072592663   0.0000000000   0.0000000000   0.0000000000
   0.7216931289   0.0000000000   0.0000000000   0.0000000000
   0.7361269915  -0.0000000000   0.0000000000   0.0000000000
   0.7505608541  -0.0000000000  -0.0000000000  -0.0000000000
   0.7649947167  -0.0000000000  -0.0000000000  -0.0000000000
   0.7794285792   0.0000000000   0.0000000000   0.0000000000
   0.7938624418   0.0000000000   0.0000000000   0.0000000000
   0.8082963044  -0.0000000000   0.0000000000   0.0000000000
   0.8227301670  -0.0000000000  -0.0000000000  -0.0000000000
   0.8371640296  -0.0000000000  -0.0000000000  -0.0000000000
   0.8515978921   0.0000000000  -0.0000000000  -0.0000000000
   0.8660317547   0.0000000000   0.0000000000   0.0000000000
   0.8804656173   0.0000000000   0.0000000000   0.0000000000
   0.8948994799  -0.0000000000   0.0000000000   0.0000000000
   0.9093333424  -0.0000000000  -0.0000000000  -0.0000000000
   0.9237672050  -0.0000000000  -0.0000000000  -0.0000000000
   0.9382010676   0.0000000000  -0.0000000000  -0.0000000000
   0.9526349302   0.0000000000   0.0000000000   0.0000000000
   0.9670687928   0.0000000000   0.0000000000   0.0000000000
   0.9815026553  -0.0000000000   0.0000000000   0.0000000000
   0.9959365179  -0.0000000000  -0.0000000000  -0.0000000000
   1.0103703805  -0.0000000000  -0.0000000000  -0.0000000000
   1.0248042431   0.0000000000  -0.0000000000  -0.0000000000
   1.0392381056   0.0000000000  -0.0000000000   0.0000000000
   1.0536719682  -0.0000000000   0.0000000000   0.0000000000
   1.0681058308  -0.0000000000   0.0000000000   0.0000000000
   1.0825396934  -0.0000000000   0.0000000000  -0.0000000000
   1.0969735560  -0.0000000000   0.0000000000  -0.0000000000
   1.1114074185   0.0000000000  -0.0000000000  -0.0000000000
   1.1258412811   0.0000000000  -0.0000000000  -0.0000000000
   1.1402751437   0.0000000000  -0.0000000000   0.0000000000
   1.1547090063  -0.0000000000   0.0000000000   0.0000000000
   1.1691428689  -0.0000000000   0.0000000000   0.0000000000
   1.1835767314  -0.0000000000   0.0000000000  -0.0000000000
   1.1980105940  -0.0000000000  -0.0000000000  -0.0000000000
   1.2124444566   0.0000000000  -0.0000000000  -0.0000000000
   1.2268783192   0.0000000000  -0.0000000000   0.0000000000
   1.2413121817   0.0000000000   0.0000000000   0.0000000000
   1.2557460443  -0.0000000000   0.0000000000   0.0000000000
   1.2701799069  -0.0000000000   0.0000000000  -0.0000000000
   1.2846137695  -0.0000000000  -0.0000000000  -0.0000000000
   1.2990476321   0.0000000000  -0.0000000000  -0.0000000000
   1.3134814946   0.0000000000  -0.0000000000  -0.0000000000
   1.3279153572   0.0000000000   0.0000000000   0.0000000000
   1.3423492198  -0.0000000000   0.0000000000   0.0000000000
   1.3567830824  -0.0000000000   0.0000000000   0.0000000000
   1.3712169450  -0.0000000000  -0.0000000000   0.0000000000
   1.3856508075   0.0000000000  -0.0000000000   0.0000000000
   1.4000846701   0.0000000000  -0.0000000000  -0.0000000000
   1.4145185327  -0.0000000000   0.0000000000  -0.0000000000
   1.4289523953  -0.0000000000   0.0000000000  -0.0000000000
   1.4433862578  -0.0000000000  -0.0000000000   0.0000000000
   1.4578201204   0.0000000000  -0.0000000000   0.0000000000
   1.4722539830   0.0000000000  -0.0000000000   0.0000000000
   1.4866878456   0.0000000000   0.0000000000  -0.0000000000
   1.5011217082  -0.0000000000   0.0000000000  -0.0000000000
   1.5155555707  -0.0000000000   0.0000000000  -0.0000000000
   1.5299894333  -0.0000000000  -0.0000000000   0.0000000000
   1.5444232959   0.0000000000  -0.0000000000   0.0000000000
   1.5588571585   0.0000000000  -0.0000000000   0.0000000000
   1.5732910211   0.0000000000   0.0000000000  -0.0000000000
   1.5877248836  -0.0000000000   0.0000000000  -0.0000000000
   1.6021587462  -0.0000000000   0.0000000000  -0.0000000000
   1.6165926088   0.0000000000  -0.0000000000   0.0000000000
   1.6310264714   0.0000000000  -0.0000000000   0.0000000000
   1.6454603339   0.0000000000  -0.0000000000  -0.0000000000
   1.6598941965  -0.0000000000   0.0000000000  -0.0000000000
   1.6743280591  -0.0000000000   0.0000000000  -0.0000000000
   1.6887619217  -0.0000000000   0.0000000000   0.0000000000
   1.7031957843   0.0000000000  -0.0000000000   0.0000000000
   1.7176296468   0.0000000000  -0.0000000000   0.0000000000
   1.7320635094   0.0000000000  -0.0000000000  -0.0000000000
   1.7464973720  -0.0000000000   0.0000000000  -0.0000000000
   1.7609312346  -0.0000000000   0.0000000000  -0.0000000000
   1.7753650971  -0.0000000000   0.0000000000   0.0000000000
   1.7897989597   0.0000000000  -0.0000000000   0.0000000000
   1.8042328223   0.0000000000  -0.0000000000   0.0000000000
   1.8186666849   0.0000000000  -0.0000000000  -0.0000000000
   1.8331005475  -0.0000000000   0.0000000000  -0.0000000000
   1.8475344100  -0.0000000000   0.0000000000  -0.0000000000
   1.8619682726  -0.0000000000  -0.0000000000   0.0000000000
   1.8764021352   0.0000000000  -0.0000000000   0.0000000000
   1.8908359978   0.0000000000  -0.0000000000   0.0000000000
   1.9052698604  -0.0000000000   0.0000000000  -0.0000000000
   1.9197037229  -0.0000000000   0.0000000000  -0.0000000000
   1.9341375855  -0.0000000000   0.0000000000   0.0000000000
   1.9485714481   0.0000000000  -0.0000000000   0.0000000000
   1.9630053107   0.0000000000  -0.0000000000   0.0000000000
   1.9774391732   0.0000000000  -0.0000000000  -0.0000000000
   1.9918730358  -0.0000000000  -0.0000000000  -0.0000000000
   2.0063068984  -0.0000000000   0.0000000000  -0.0000000000
   2.0207407610  -0.0000000000   0.0000000000   0.0000000000
   2.0351746236   0.0000000000   0.0000000000   0.0000000000
   2.0496084861   0.0000000000  -0.0000000000   0.0000000000
   2.0640423487   0.0000000000  -0.0000000000   0.0000000000
   2.0784762113  -0.0000000000   0.0000000000  -0.0000000000
   2.0929100739  -0.0000000000   0.0000000000  -0.0000000000
   2.1073439365  -0.0000000000   0.0000000000  -0.0000000000
   2.1217777990   0.0000000000  -0.0000000000  -0.0000000000
   2.1362116616   0.0000000000  -0.0000000000   0.0000000000
   2.1506455242   0.0000000000  -0.0000000000  -0.0000000000
   2.1650793868  -0.0000000000   0.0000000000   0.0000000000
   2.1795132493  -0.0000000001   0.0000000000   0.0000000000
   2.1939471119  -0.0000000001   0.0000000000   0.0000000000
   2.2083809745  -0.0000000000   0.0000000000   0.0000000001
   2.2228148371   0.0000000001  -0.0000000000   0.0000000000
   2.2372486997   0.0000000002  -0.0000000000  -0.0000000001
   2.2516825622   0.0000000002  -0.0000000001  -0.0000000002
   2.2661164248   0.0000000002  -0.0000000001  -0.0000000002
   2.2805502874   0.0000000001  -0.0000000000  -0.0000000001
   2.2949841500  -0.0000000002   0.0000000000   0.0000000002
   2.3094180126  -0.0000000007   0.0000000002   0.0000000005
   2.3238518751  -0.0000000011   0.0000000003   0.0000000008
   2.3382857377  -0.0000000011   0.0000000004   0.0000000008
   2.3527196003  -0.0000000005   0.0000000002   0.0000000003
   2.3671534629   0.0000000012  -0.0000000002  -0.0000000008
   2.3815873254   0.0000000035  -0.0000000009  -0.0000000023
   2.3960211880   0.0000000052  -0.0000000015  -0.0000000035
   2.4104550506   0.0000000049  -0.0000000017  -0.0000000034
   2.4248889132   0.0000000011  -0.0000000009  -0.0000000012
   2.4393227758  -0.0000000061   0.0000000011   0.0000000035
   2.4537566383  -0.0000000149   0.0000000038   0.0000000095
   2.4681905009  -0.0000000210   0.0000000061   0.0000000142
   2.4826243635  -0.0000000190   0.0000000066   0.0000000136
   2.4970582261  -0.0000000044   0.0000000035   0.0000000045
   2.5114920887   0.0000000231  -0.0000000038  -0.0000000136
   2.5259259512   0.0000000565  -0.0000000140  -0.0000000364
   2.5403598138   0.0000000805  -0.0000000232  -0.0000000537
   2.5547936764   0.0000000751  -0.0000000256  -0.0000000519
   2.5692275390   0.0000000238  -0.0000000152  -0.0000000200
   2.5836614015  -0.0000000744   0.0000000104   0.0000000436
   2.5980952641  -0.0000001953   0.0000000471   0.0000001235
   2.6125291267  -0.0000002870   0.0000000816   0.0000001868
   2.6269629893  -0.0000002826   0.0000000943   0.0000001898
   2.6413968519  -0.0000001272   0.0000000653   0.0000000955
   2.6558307144   0.0000001872  -0.0000000151  -0.0000001038
   2.6702645770   0.0000005909  -0.0000001354  -0.0000003665
   2.6846984396   0.0000009304  -0.0000002577  -0.0000005958
   2.6991323022   0.0000010004  -0.0000003221  -0.0000006584
   2.7135661647   0.0000006188  -0.0000002647  -0.0000004329
   2.7280000273  -0.0000002709  -0.0000000473   0.0000001244
   2.7424338899  -0.0000015077   0.0000003107   0.0000009179
   2.7568677525  -0.0000026837   0.0000007127   0.0000016912
   2.7713016151  -0.0000032191   0.0000009929   0.0000020734
   2.7857354776  -0.0000025552   0.0000009615   0.0000017010
   2.8001693402  -0.0000004217   0.0000004815   0.0000003886
   2.8146032028   0.0000029135  -0.0000004449  -0.0000017110
   2.8290370654   0.0000065344  -0.0000016164  -0.0000040330
   2.8434709280   0.0000090102  -0.0000026366  -0.0000056797
   2.8579047905   0.0000088035  -0.0000030050  -0.0000056719
   2.8723386531   0.0000048804  -0.0000022889  -0.0000033307
   2.8867725157  -0.0000026671  -0.0000003311   0.0000013274
   2.9012063783  -0.0000122448   0.0000025802   0.0000073433
   2.9156402408  -0.0000208678   0.0000056664   0.0000128721
   2.9300741034  -0.0000248767   0.0000077973   0.0000156202
   2.9445079660  -0.0000211502   0.0000078175   0.0000136004
   2.9589418286  -0.0000084717   0.0000049861   0.0000059883
   2.9733756912   0.0000114543  -0.0000006144  -0.0000062359
   2.9878095537   0.0000338254  -0.0000078687  -0.0000201649
   3.0022434163   0.0000516690  -0.0000147518  -0.0000315247
   3.0166772789   0.0000577690  -0.0000188164  -0.0000358486
   3.0311111415   0.0000470848  -0.0000179444  -0.0000299564
   3.0455450041   0.0000188935  -0.0000111427  -0.0000132687
   3.0599788666  -0.0000221374   0.0000008906   0.0000115196
   3.0744127292  -0.0000664647   0.0000156639   0.0000387240
   3.0888465918  -0.0001018042   0.0000293562   0.0000609357
   3.1032804544  -0.0001163569   0.0000377646   0.0000709537
   3.1177143169  -0.0001021713   0.0000374723   0.0000638072
   3.1321481795  -0.0000575668   0.0000268749   0.0000382178
   3.1465820421   0.0000121989   0.0000067215  -0.0000029863
   3.1610159047   0.0000962527  -0.0000200195  -0.0000536381
   3.1754497673   0.0001809793  -0.0000489379  -0.0001059034
   3.1898836298   0.0002534826  -0.0000753469  -0.0001522757
   3.2043174924   0.0003045321  -0.0000954515  -0.0001872534
   3.2187513550   0.0003301626  -0.0001071543  -0.0002082337
   3.2331852176   0.0003316443  -0.0001102831  -0.0002154925
   3.2476190802   0.0003141209  -0.0001062436  -0.0002114407
   3.2620529427   0.0002845885  -0.0000972999  -0.0001995404
   3.2764868053   0.0002499435  -0.0000857819  -0.0001832770
   3.2909206679   0.0002156200  -0.0000734937  -0.0001654547
   3.3053545305   0.0001849939  -0.0000614688  -0.0001479009
   3.3197883930   0.0001594421  -0.0000500633  -0.0001315077
   3.3342222556   0.0001387897  -0.0000392534  -0.0001164692
   3.3486561182   0.0001218885  -0.0000289615  -0.0001025699
   3.3630899808   0.0001071652  -0.0000192693  -0.0000894381
   3.3775238434   0.0000930902  -0.0000104633  -0.0000767386
   3.3919577059   0.0000785686  -0.0000029423  -0.0000643118
   3.4063915685   0.0000632466   0.0000029291  -0.0000522707
   3.4208254311   0.0000476798   0.0000069363  -0.0000410406
   3.4352592937   0.0000332809   0.0000090524  -0.0000313134
   3.4496931563   0.0000220015   0.0000094016  -0.0000238984
   3.4641270188   0.0000157911   0.0000081881  -0.0000194982
   3.4785608814   0.0000159873   0.0000056376  -0.0000184835
   3.4929947440   0.0000228526   0.0000019767  -0.0000207622
   3.5074286066   0.0000354417  -0.0000025511  -0.0000258044
   3.5218624691   0.0000518559  -0.0000076609  -0.0000328168
   3.5362963317   0.0000697811  -0.0000130176  -0.0000409818
   3.5507301943   0.0000870896  -0.0000182556  -0.0000496494
   3.5651640569   0.0001022741  -0.0000230176  -0.0000583970
   3.5795979195   0.0001145819  -0.0000269951  -0.0000669493
   3.5940317820   0.0001238669  -0.0000299554  -0.0000750301
   3.6084656446   0.0001302957  -0.0000317543  -0.0000822472
   3.6228995072   0.0001340792  -0.0000323413  -0.0000880875
   3.6373333698   0.0001353397  -0.0000317640  -0.0000920308
   3.6517672323   0.0001341307  -0.0000301710  -0.0000937209
   3.6662010949   0.0001305403  -0.0000278002  -0.0000931064
   3.6806349575   0.0001247914  -0.0000249457  -0.0000904806
   3.6950688201   0.0001172793  -0.0000219014  -0.0000864027
   3.7095026827   0.0001085393  -0.0000189000  -0.0000815381
   3.7239365452   0.0000991736  -0.0000160697  -0.0000764826
   3.7383704078   0.0000897748  -0.0000134288  -0.0000716334
   3.7528042704   0.0000808667  -0.0000109200  -0.0000671426
   3.7672381330   0.0000728667  -0.0000084710  -0.0000629557
   3.7816719956   0.0000660642  -0.0000060535  -0.0000589097
   3.7961058581   0.0000606116  -0.0000037164  -0.0000548532
   3.8105397207   0.0000565302  -0.0000015821  -0.0000507446
   3.8249735833   0.0000537309   0.0000001912  -0.0000466979
   3.8394074459   0.0000520429   0.0000014651  -0.0000429605
   3.8538413084   0.0000512414   0.0000021711  -0.0000398317
   3.8682751710   0.0000510645   0.0000023417  -0.0000375531
   3.8827090336   0.0000512228   0.0000021102  -0.0000362124
   3.8971428962   0.0000514113   0.0000016814  -0.0000356983
   3.9115767588   0.0000513366   0.0000012815  -0.0000357249
   3.9260106213   0.0000507575   0.0000011036  -0.0000359144
   3.9404444839   0.0000495284   0.0000012634  -0.0000359068
   3.9548783465   0.0000476260   0.0000017788  -0.0000354555
   3.9693122091   0.0000451453   0.0000025788  -0.0000344791
   3.9837460717   0.0000422655   0.0000035359  -0.0000330575
   3.9981799342   0.0000391991   0.0000045100  -0.0000313807
   4.0126137968   0.0000361410   0.0000053882  -0.0000296742
   4.0270476594   0.0000332337   0.0000061101  -0.0000281264
   4.0414815220   0.0000305532   0.0000066724  -0.0000268382
   4.0559153845   0.0000281161   0.0000071170  -0.0000258077
   4.0703492471   0.0000259021   0.0000075077  -0.0000249482
   4.0847831097   0.0000238850   0.0000079062  -0.0000241336
   4.0992169723   0.0000220635   0.0000083517  -0.0000232527
   4.1136508349   0.0000204812   0.0000088506  -0.0000222572
   4.1280846974   0.0000192267   0.0000093753  -0.0000211839
   4.1425185600   0.0000184098   0.0000098742  -0.0000201463
   4.1569524226   0.0000181184   0.0000102878  -0.0000192975
   4.1713862852   0.0000183723   0.0000105681  -0.0000187780
   4.1858201478   0.0000190926   0.0000106953  -0.0000186676
   4.2002540103   0.0000201017   0.0000106864  -0.0000189560
   4.2146878729   0.0000211574   0.0000105931  -0.0000195411
   4.2291217355   0.0000220091   0.0000104894  -0.0000202523
   4.2435555981   0.0000224579   0.0000104526  -0.0000208927
   4.2579894606   0.0000223989   0.0000105431  -0.0000212853
   4.2724233232   0.0000218363   0.0000107900  -0.0000213128
   4.2868571858   0.0000208683   0.0000111847  -0.0000209415
   4.3012910484   0.0000196506   0.0000116847  -0.0000202226
   4.3157249110   0.0000183494   0.0000122261  -0.0000192730
   4.3301587735   0.0000170974   0.0000127406  -0.0000182394
   4.3445926361   0.0000159644   0.0000131742  -0.0000172584
   4.3590264987   0.0000149494   0.0000135001  -0.0000164228
   4.3734603613   0.0000139974   0.0000137246  -0.0000157643
   4.3878942239   0.0000130338   0.0000138820  -0.0000152582
   4.4023280864   0.0000120049   0.0000140211  -0.0000148442
   4.4167619490   0.0000109080   0.0000141877  -0.0000144578
   4.4311958116   0.0000098017   0.0000144080  -0.0000140572
   4.4456296742   0.0000087919   0.0000146792  -0.0000136400
   4.4600635367   0.0000080007   0.0000149715  -0.0000132425
   4.4744973993   0.0000075312   0.0000152378  -0.0000129255
   4.4889312619   0.0000074412   0.0000154297  -0.0000127525
   4.5033651245   0.0000077328   0.0000155138  -0.0000127670
   4.5177989871   0.0000083604   0.0000154813  -0.0000129780
   4.5322328496   0.0000092485   0.0000153507  -0.0000133545
   4.5466667122   0.0000103126   0.0000151614  -0.0000138321
   4.5611005748   0.0000114749   0.0000149625  -0.0000143288
   4.5755344374   0.0000126719   0.0000147993  -0.0000147651
   4.5899682999   0.0000138538   0.0000147018  -0.0000150845
   4.6044021625   0.0000149795   0.0000146780  -0.0000152671
   4.6188360251   0.0000160099   0.0000147148  -0.0000153333
   4.6332698877   0.0000169025   0.0000147842  -0.0000153365
   4.6477037503   0.0000176092   0.0000148547  -0.0000153451
   4.6621376128   0.0000180775   0.0000149032  -0.0000154203
   4.6765714754   0.0000182540   0.0000149254  -0.0000155955
   4.6910053380   0.0000180921   0.0000149388  -0.0000158622
   4.7054392006   0.0000175601   0.0000149793  -0.0000161687
   4.7198730632   0.0000166528   0.0000150922  -0.0000164290
   4.7343069257   0.0000154023   0.0000153189  -0.0000165408
   4.7487407883   0.0000138886   0.0000156845  -0.0000164060
   4.7631746509   0.0000122450   0.0000161892  -0.0000159503
   4.7776085135   0.0000106550   0.0000168051  -0.0000151358
   4.7920423760   0.0000093390   0.0000174799  -0.0000139675
   4.8064762386   0.0000085294   0.0000181442  -0.0000124933
   4.8209101012   0.0000084379   0.0000187231  -0.0000108001
   4.8353439638   0.0000092211   0.0000191460  -0.0000090083
   4.8497778264   0.0000109501   0.0000193561  -0.0000072659
   4.8642116889   0.0000135910   0.0000193165  -0.0000057411
   4.8786455515   0.0000169969   0.0000190142  -0.0000046126
   4.8930794141   0.0000209143   0.0000184618  -0.0000040551
   4.9075132767   0.0000250022   0.0000176980  -0.0000042175
   4.9219471393   0.0000288607   0.0000167874  -0.0000051977
   4.9363810018   0.0000320704   0.0000158184  -0.0000070145
   4.9508148644   0.0000342389   0.0000148983  -0.0000095851
   4.9652487270   0.0000350518   0.0000141460  -0.0000127131
   4.9796825896   0.0000343233   0.0000136801  -0.0000160930
   4.9941164521   0.0000320394   0.0000136045  -0.0000193334
   5.0085503147   0.0000283821   0.0000139922  -0.0000219988
   5.0229841773   0.0000237300   0.0000148705  -0.0000236657
   5.0374180399   0.0000186287   0.0000162102  -0.0000239844
   5.0518519025   0.0000137338   0.0000179205  -0.0000227365
   5.0662857650   0.0000097325   0.0000198530  -0.0000198789
   5.0807196276   0.0000072564   0.0000218137  -0.0000155624
   5.0951534902   0.0000068001   0.0000235831  -0.0000101238
   5.1095873528   0.0000086573   0.0000249430  -0.0000040474
   5.1240212154   0.0000128861   0.0000257039   0.0000020941
   5.1384550779   0.0000193071   0.0000257313   0.0000077120
   5.1528889405   0.0000275335   0.0000249642   0.0000122731
   5.1673228031   0.0000370266   0.0000234235   0.0000153596
   5.1817566657   0.0000471659   0.0000212088   0.0000167063
   5.1961905282   0.0000573231   0.0000184835   0.0000162140
   5.2106243908   0.0000669280   0.0000154520   0.0000139376
   5.2250582534   0.0000755172   0.0000123326   0.0000100555
   5.2394921160   0.0000827623   0.0000093319   0.0000048280
   5.2539259786   0.0000884736   0.0000066229  -0.0000014472
   5.2683598411   0.0000925850   0.0000043320  -0.0000084737
   5.2827937037   0.0000951254   0.0000025341  -0.0000159838
   5.2972275663   0.0000961837   0.0000012564  -0.0000237536
   5.3116614289   0.0000958764   0.0000004883  -0.0000316043
   5.3260952914   0.0000943225   0.0000001951  -0.0000393943
   5.3405291540   0.0000916299   0.0000003315  -0.0000470073
   5.3549630166   0.0000878931   0.0000008532  -0.0000543396
   5.3693968792   0.0000831980   0.0000017241  -0.0000612915
   5.3838307418   0.0000776328   0.0000029189  -0.0000677643
   5.3982646043   0.0000712974   0.0000044215  -0.0000736624
   5.4126984669   0.0000643105   0.0000062202  -0.0000788998
   5.4271323295   0.0000568113   0.0000083029  -0.0000834066
   5.4415661921   0.0000489558   0.0000106515  -0.0000871354
   5.4560000547   0.0000409085   0.0000132396  -0.0000900636
   5.4704339172   0.0000328320   0.0000160305  -0.0000921927
   5.4848677798   0.0000248764   0.0000189788  -0.0000935438
   5.4993016424   0.0000171715   0.0000220316  -0.0000941515
   5.5137355050   0.0000098217   0.0000251319  -0.0000940577
   5.5281693675   0.0000029059   0.0000282206  -0.0000933061
   5.5426032301  -0.0000035195   0.0000312387  -0.0000919398
   5.5570370927  -0.0000094156   0.0000341281  -0.0000900003
   5.5714709553  -0.0000147565   0.0000368326  -0.0000875297
   5.5859048179  -0.0000195244   0.0000392982  -0.0000845722
   5.6003386804  -0.0000237082   0.0000414746  -0.0000811766
   5.6147725430  -0.0000273027   0.0000433164  -0.0000773959
   5.6292064056  -0.0000303088   0.0000447861  -0.0000732867
   5.6436402682  -0.0000327348   0.0000458568  -0.0000689061
   5.6580741308  -0.0000345960   0.0000465141  -0.0000643087
   5.6725079933  -0.0000359141   0.0000467585  -0.0000595441
   5.6869418559  -0.0000367153   0.0000466047  -0.0000546553
   5.7013757185  -0.0000370287   0.0000460810  -0.0000496786
   5.7158095811  -0.0000368841   0.0000452260  -0.0000446451
   5.7302434436  -0.0000363108   0.0000440851  -0.0000395827
   5.7446773062  -0.0000353379   0.0000427062  -0.0000345178
   5.7591111688  -0.0000339941   0.0000411360  -0.0000294770
   5.7735450314  -0.0000323097   0.0000394163  -0.0000244873
   5.7879788940  -0.0000303168   0.0000375821  -0.0000195745
   5.8024127565  -0.0000280495   0.0000356609  -0.0000147615
   5.8168466191  -0.0000255437   0.0000336729  -0.0000100659
   5.8312804817  -0.0000228344   0.0000316325  -0.0000054983
   5.8457143443  -0.0000199536   0.0000295502  -0.0000010619
   5.8601482069  -0.0000169276   0.0000274342   0.0000032465
   5.8745820694  -0.0000137757   0.0000252926   0.0000074336
   5.8890159320  -0.0000105092   0.0000231339   0.0000115060
   5.9034497946  -0.0000071331   0.0000209681   0.0000154664
   5.9178836572  -0.0000036485   0.0000188063   0.0000193102
   5.9323175197  -0.0000000562   0.0000166607   0.0000230250
   5.9467513823   0.0000036395   0.0000145435   0.0000265903
   5.9611852449   0.0000074279   0.0000124667   0.0000299801
   5.9756191075   0.0000112907   0.0000104414   0.0000331666
   5.9900529701   0.0000152019   0.0000084772   0.0000361241
   6.0044868326   0.0000191300   0.0000065820   0.0000388325
   6.0189206952   0.0000230415   0.0000047615   0.0000412802
   6.0333545578   0.0000269050   0.0000030197   0.0000434640
   6.0477884204   0.0000306942   0.0000013584   0.0000453895
   6.0622222830   0.0000343910  -0.0000002228   0.0000470678
   6.0766561455   0.0000379862  -0.0000017258   0.0000485138
   6.0910900081   0.0000414783  -0.0000031541   0.0000497429
   6.1055238707   0.0000448722  -0.0000045126   0.0000507690
   6.1199577333   0.0000481760  -0.0000058067   0.0000516036
   6.1343915958   0.0000513982  -0.0000070423   0.0000522557
   6.1488254584   0.0000545455  -0.0000082254   0.0000527321
   6.1632593210   0.0000576209  -0.0000093618   0.0000530393
   6.1776931836   0.0000606238  -0.0000104570   0.0000531838
   6.1921270462   0.0000635506  -0.0000115168   0.0000531735
   6.2065609087   0.0000663960  -0.0000125472   0.0000530177
   6.2209947713   0.0000691547  -0.0000135548   0.0000527265
   6.2354286339   0.0000718228  -0.0000145466   0.0000523105
   6.2498624965   0.0000743989  -0.0000155302   0.0000517790
   6.2642963590   0.0000768839  -0.0000165131   0.0000511402
   6.2787302216   0.0000792805  -0.0000175022   0.0000503999
   6.2931640842   0.0000815918  -0.0000185029   0.0000495621
   6.3075979468   0.0000838197  -0.0000195185   0.0000486291
   6.3220318094   0.0000859637  -0.0000205500   0.0000476027
   6.3364656719   0.0000880206  -0.0000215960   0.0000464847
   6.3508995345   0.0000899837  -0.0000226533   0.0000452777
   6.3653333971   0.0000918443  -0.0000237179   0.0000439852
   6.3797672597   0.0000935923  -0.0000247861   0.0000426113
   6.3942011223   0.0000952178  -0.0000258552   0.0000411607
   6.4086349848   0.0000967118  -0.0000269237   0.0000396384
   6.4230688474   0.0000980669  -0.0000279916   0.0000380491
   6.4375027100   0.0000992772  -0.0000290592   0.0000363979
   6.4519365726   0.0001003377  -0.0000301264   0.0000346900
   6.4663704351   0.0001012445  -0.0000311919   0.0000329318
   6.4808042977   0.0001019934  -0.0000322529   0.0000311304
   6.4952381603   0.0001025805  -0.0000333052   0.0000292945
   6.5096720229   0.0001030025  -0.0000343445   0.0000274333
   6.5241058855   0.0001032566  -0.0000353669   0.0000255565
   6.5385397480   0.0001033417  -0.0000363702   0.0000236732
   6.5529736106   0.0001032586  -0.0000373537   0.0000217913
   6.5674074732   0.0001030103  -0.0000383185   0.0000199173
   6.5818413358   0.0001026012  -0.0000392663   0.0000180563
   6.5962751984   0.0001020369  -0.0000401988   0.0000162119
   6.6107090609   0.0001013231  -0.0000411165   0.0000143874
   6.6251429235   0.0001004650  -0.0000420192   0.0000125854
   6.6395767861   0.0000994672  -0.0000429056   0.0000108088
   6.6540106487   0.0000983339  -0.0000437747   0.0000090608
   6.6684445112   0.0000970688  -0.0000446257   0.0000073444
   6.6828783738   0.0000956760  -0.0000454591   0.0000056629
   6.6973122364   0.0000941603  -0.0000462758   0.0000040194
   6.7117460990   0.0000925277  -0.0000470773   0.0000024168
   6.7261799616   0.0000907847  -0.0000478648   0.0000008575
   6.7406138241   0.0000889391  -0.0000486393  -0.0000006567
   6.7550476867   0.0000869988  -0.0000494013  -0.0000021250
   6.7694815493   0.0000849722  -0.0000501518  -0.0000035477
   6.7839154119   0.0000828669  -0.0000508924  -0.0000049260
   6.7983492745   0.0000806901  -0.0000516254  -0.0000062625
   6.8127831370   0.0000784478  -0.0000523539  -0.0000075603
   6.8272169996   0.0000761448  -0.0000530809  -0.0000088230
   6.8416508622   0.0000737845  -0.0000538089  -0.0000100538
   6.8560847248   0.0000713689  -0.0000545388  -0.0000112555
   6.8705185873   0.0000688986  -0.0000552705  -0.0000124302
   6.8849524499   0.0000663739  -0.0000560031  -0.0000135794
   6.8993863125   0.0000637942  -0.0000567351  -0.0000147044
   6.9138201751   0.0000611594  -0.0000574654  -0.0000158064
   6.9282540377   0.0000584697  -0.0000581935  -0.0000168874
   6.9426879002   0.0000557256  -0.0000589194  -0.0000179496
   6.9571217628   0.0000529285  -0.0000596429  -0.0000189953
   6.9715556254   0.0000500795  -0.0000603638  -0.0000200271
   6.9859894880   0.0000471804  -0.0000610809  -0.0000210475
   7.0004233506   0.0000442327  -0.0000617921  -0.0000220585
   7.0148572131   0.0000412381  -0.0000624951  -0.0000230618
   7.0292910757   0.0000381985  -0.0000631870  -0.0000240587
   7.0437249383   0.0000351161  -0.0000638650  -0.0000250501
   7.0581588009   0.0000319932  -0.0000645262  -0.0000260367
   7.0725926634   0.0000288323  -0.0000651680  -0.0000270190
   7.0870265260   0.0000256362  -0.0000657880  -0.0000279974
   7.1014603886   0.0000224083  -0.0000663839  -0.0000289724
   7.1158942512   0.0000191520  -0.0000669541  -0.0000299445
   7.1303281138   0.0000158716  -0.0000674972  -0.0000309149
   7.1447619763   0.0000125716  -0.0000680128  -0.0000318845
   7.1591958389   0.0000092567  -0.0000685006  -0.0000328547
   7.1736297015   0.0000059317  -0.0000689603  -0.0000338262
   7.1880635641   0.0000026014  -0.0000693914  -0.0000347996
   7.2024974266  -0.0000007296  -0.0000697928  -0.0000357749
   7.2169312892  -0.0000040568  -0.0000701628  -0.0000367516
   7.2313651518  -0.0000073753  -0.0000704994  -0.0000377291
   7.2457990144  -0.0000106795  -0.0000708006  -0.0000387069
   7.2602328770  -0.0000139633  -0.0000710646  -0.0000396850
   7.2746667395  -0.0000172197  -0.0000712903  -0.0000406642
   7.2891006021  -0.0000204414  -0.0000714771  -0.0000416457
   7.3035344647  -0.0000236214  -0.0000716246  -0.0000426312
   7.3179683273  -0.0000267531  -0.0000717326  -0.0000436221
   7.3324021899  -0.0000298313  -0.0000718008  -0.0000446197
   7.3468360524  -0.0000328520  -0.0000718286  -0.0000456244
   7.3612699150  -0.0000358123  -0.0000718150  -0.0000466363
   7.3757037776  -0.0000387101  -0.0000717588  -0.0000476549
   7.3901376402  -0.0000415432  -0.0000716586  -0.0000486797
   7.4045715027  -0.0000443091  -0.0000715131  -0.0000497104
   7.4190053653  -0.0000470046  -0.0000713211  -0.0000507469
   7.4334392279  -0.0000496258  -0.0000710818  -0.0000517898
   7.4478730905  -0.0000521687  -0.0000707944  -0.0000528395
   7.4623069531  -0.0000546294  -0.0000704588  -0.0000538965
   7.4767408156  -0.0000570048  -0.0000700745  -0.0000549607
   7.4911746782  -0.0000592928  -0.0000696414  -0.0000560318
   7.5056085408  -0.0000614920  -0.0000691591  -0.0000571090
   7.5200424034  -0.0000636018  -0.0000686273  -0.0000581907
   7.5344762660  -0.0000656219  -0.0000680453  -0.0000592757
   7.5489101285  -0.0000675519  -0.0000674129  -0.0000603622
   7.5633439911  -0.0000693916  -0.0000667298  -0.0000614486
   7.5777778537  -0.0000711407  -0.0000659957  -0.0000625330
   7.5922117163  -0.0000727990  -0.0000652107  -0.0000636137
   7.6066455788  -0.0000743664  -0.0000643749  -0.0000646888
   7.6210794414  -0.0000758431  -0.0000634887  -0.0000657563
   7.6355133040  -0.0000772291  -0.0000625526  -0.0000668143
   7.6499471666  -0.0000785241  -0.0000615672  -0.0000678612
   7.6643810292  -0.0000797275  -0.0000605333  -0.0000688954
   7.6788148917  -0.0000808388  -0.0000594519  -0.0000699154
   7.6932487543  -0.0000818570  -0.0000583241  -0.0000709197
   7.7076826169  -0.0000827817  -0.0000571511  -0.0000719065
   7.7221164795  -0.0000836130  -0.0000559340  -0.0000728739
   7.7365503421  -0.0000843513  -0.0000546741  -0.0000738197
   7.7509842046  -0.0000849975  -0.0000533727  -0.0000747413
   7.7654180672  -0.0000855529  -0.0000520314  -0.0000756366
   7.7798519298  -0.0000860184  -0.0000506521  -0.0000765034
   7.7942857924  -0.0000863948  -0.0000492368  -0.0000773398
   7.8087196549  -0.0000866830  -0.0000477881  -0.0000781441
   7.8231535175  -0.0000868839  -0.0000463086  -0.0000789148
   7.8375873801  -0.0000869987  -0.0000448007  -0.0000796506
   7.8520212427  -0.0000870289  -0.0000432668  -0.0000803498
   7.8664551053  -0.0000869764  -0.0000417093  -0.0000810111
   7.8808889678  -0.0000868433  -0.0000401304  -0.0000816331
   7.8953228304  -0.0000866317  -0.0000385324  -0.0000822145
   7.9097566930  -0.0000863437  -0.0000369180  -0.0000827541
   7.9241905556  -0.0000859815  -0.0000352897  -0.0000832509
   7.9386244181  -0.0000855474  -0.0000336505  -0.0000837037
   7.9530582807  -0.0000850440  -0.0000320031  -0.0000841114
   7.9674921433  -0.0000844743  -0.0000303502  -0.0000844732
   7.9819260059  -0.0000838414  -0.0000286948  -0.0000847880
