   0.0000000000   0.0000000000   0.0000000000   0.0000000000
   0.0144338626   0.0000000000   0.0000000000   0.0000000000
   0.0288677252   0.0000000000   0.0000000000   0.0000000000
   0.0433015877   0.0000000000   0.0000000000   0.0000000000
   0.0577354503   0.0000000000   0.0000000000   0.0000000000
   0.0721693129   0.0000000000   0.0000000000   0.0000000000
   0.0866031755  -0.0000000000   0.0000000000  -0.0000000000
   0.1010370380   0.0000000000  -0.0000000000   0.0000000000
   0.1154709006   0.0000000000  -0.0000000000  -0.0000000000
   0.1299047632   0.0000000000  -0.0000000000  -0.0000000000
   0.1443386258   0.0000000000  -0.0000000000  -0.0000000000
   0.1587724884   0.0000000000  -0.0000000000  -0.0000000000
   0.1732063509   0.0000000000  -0.0000000000  -0.0000000000
   0.1876402135   0.0000000000   0.0000000000  -0.0000000000
   0.2020740761   0.0000000000   0.0000000000  -0.0000000000
   0.2165079387   0.0000000000  -0.0000000000  -0.0000000000
   0.2309418013   0.0000000000  -0.0000000000  -0.0000000000
   0.2453756638   0.0000000000  -0.0000000000  -0.0000000000
   0.2598095264   0.0000000000   0.0000000000   0.0000000000
   0.2742433890   0.0000000000   0.0000000000   0.0000000000
   0.2886772516  -0.0000000000   0.0000000000  -0.0000000000
   0.3031111141  -0.0000000000  -0.0000000000  -0.0000000000
   0.3175449767  -0.0000000000  -0.0000000000   0.0000000000
   0.3319788393   0.0000000000   0.0000000000   0.0000000000
   0.3464127019   0.0000000000   0.0000000000   0.0000000000
   0.3608465645  -0.0000000000   0.0000000000  -0.0000000000
   0.3752804270  -0.0000000000  -0.0000000000  -0.0000000000
   0.3897142896   0.0000000000  -0.0000000000  -0.0000000000
   0.4041481522   0.0000000000   0.0000000000   0.0000000000
   0.4185820148   0.0000000000   0.0000000000   0.0000000000
   0.4330158774  -0.0000000000  -0.0000000000  -0.0000000000
   0.4474497399  -0.0000000000  -0.0000000000  -0.0000000000
   0.4618836025  -0.0000000000  -0.0000000000  -0.0000000000
   0.4763174651   0.0000000000   0.0000000000   0.0000000000
   0.4907513277   0.0000000000   0.0000000000   0.0000000000
   0.5051851902  -0.0000000000   0.0000000000  -0.0000000000
   0.5196190528  -0.0000000000  -0.0000000000  -0.0000000000
   0.5340529154  -0.0000000000  -0.0000000000  -0.0000000000
   0.5484867780   0.0000000000   0.0000000000   0.0000000000
   0.5629206406   0.0000000000   0.0000000000   0.0000000000
   0.5773545031  -0.0000000000   0.0000000000   0.0000000000
   0.5917883657  -0.0000000000  -0.0000000000  -0.0000000000
   0.6062222283  -0.0000000000  -0.0000000000  -0.0000000000
   0.6206560909   0.0000000000   0.0000000000   0.0000000000
   0.6350899535   0.0000000000   0.0000000000   0.0000000000
   0.6495238160   0.0000000000   0.0000000000   0.0000000000
   0.6639576786  -0.0000000000  -0.0000000000  -0.0000000000
   0.6783915412  -0.0000000000  -0.0000000000  -0.0000000000
   0.6928254038   0.0000000000  -0.0000000000  -0.0000000000
   0.7072592663   0.0000000000   0.0000000000   0.0000000000
   0.7216931289   0.0000000000   0.0000000000   0.0000000000
   0.7361269915  -0.0000000000  -0.0000000000   0.0000000000
   0.7505608541  -0.0000000000  -0.0000000000  -0.0000000000
   0.7649947167  -0.0000000000  -0.0000000000  -0.0000000000
   0.7794285792   0.0000000000   0.0000000000   0.0000000000
   0.7938624418   0.0000000000   0.0000000000   0.0000000000
   0.8082963044   0.0000000000   0.0000000000   0.0000000000
   0.8227301670  -0.0000000000  -0.0000000000  -0.0000000000
   0.8371640296  -0.0000000000  -0.0000000000  -0.0000000000
   0.8515978921   0.0000000000  -0.0000000000  -0.0000000000
   0.8660317547   0.0000000000   0.0000000000   0.0000000000
   0.8804656173   0.0000000000   0.0000000000   0.0000000000
   0.8948994799  -0.0000000000   0.0000000000   0.0000000000
   0.9093333424  -0.0000000000  -0.0000000000  -0.0000000000
   0.9237672050  -0.0000000000  -0.0000000000  -0.0000000000
   0.9382010676   0.0000000000   0.0000000000  -0.0000000000
   0.9526349302   0.0000000000   0.0000000000   0.0000000000
   0.9670687928   0.0000000000   0.0000000000   0.0000000000
   0.9815026553  -0.0000000000  -0.0000000000   0.0000000000
   0.9959365179  -0.0000000000  -0.0000000000  -0.0000000000
   1.0103703805  -0.0000000000  -0.0000000000  -0.0000000000
   1.0248042431   0.0000000000  -0.0000000000  -0.0000000000
   1.0392381056   0.0000000000   0.0000000000   0.0000000000
   1.0536719682   0.0000000000   0.0000000000   0.0000000000
   1.0681058308  -0.0000000000   0.0000000000   0.0000000000
   1.0825396934  -0.0000000000   0.0000000000  -0.0000000000
   1.0969735560  -0.0000000000   0.0000000000  -0.0000000000
   1.1114074185   0.0000000000  -0.0000000000  -0.0000000000
   1.1258412811   0.0000000000  -0.0000000000  -0.0000000000
   1.1402751437   0.0000000000  -0.0000000000   0.0000000000
   1.1547090063   0.0000000000   0.0000000000   0.0000000000
   1.1691428689  -0.0000000000   0.0000000000   0.0000000000
   1.1835767314  -0.0000000000   0.0000000000  -0.0000000000
   1.1980105940  -0.0000000000  -0.0000000000  -0.0000000000
   1.2124444566   0.0000000000  -0.0000000000  -0.0000000000
   1.2268783192   0.0000000000  -0.0000000000   0.0000000000
   1.2413121817   0.0000000000   0.0000000000   0.0000000000
   1.2557460443  -0.0000000000   0.0000000000   0.0000000000
   1.2701799069  -0.0000000000   0.0000000000  -0.0000000000
   1.2846137695  -0.0000000000  -0.0000000000  -0.0000000000
   1.2990476321   0.0000000000  -0.0000000000  -0.0000000000
   1.3134814946   0.0000000000  -0.0000000000   0.0000000000
   1.3279153572   0.0000000000   0.0000000000   0.0000000000
   1.3423492198  -0.0000000000   0.0000000000   0.0000000000
   1.3567830824  -0.0000000000   0.0000000000  -0.0000000000
   1.3712169450  -0.0000000000  -0.0000000000  -0.0000000000
   1.3856508075   0.0000000000  -0.0000000000  -0.0000000000
   1.4000846701   0.0000000000  -0.0000000000   0.0000000000
   1.4145185327  -0.0000000000   0.0000000000   0.0000000000
   1.4289523953  -0.0000000000   0.0000000000  -0.0000000000
   1.4433862578  -0.0000000000  -0.0000000000  -0.0000000000
   1.4578201204   0.0000000000  -0.0000000000  -0.0000000000
   1.4722539830   0.0000000000  -0.0000000000   0.0000000000
   1.4866878456   0.0000000000   0.0000000000   0.0000000000
   1.5011217082  -0.0000000000   0.0000000000   0.0000000000
   1.5155555707  -0.0000000000  -0.0000000000  -0.0000000000
   1.5299894333  -0.0000000000  -0.0000000000  -0.0000000000
   1.5444232959   0.0000000000  -0.0000000000  -0.0000000000
   1.5588571585   0.0000000000   0.0000000000   0.0000000000
   1.5732910211   0.0000000000   0.0000000000   0.0000000000
   1.5877248836  -0.0000000000   0.0000000000   0.0000000000
   1.6021587462  -0.0000000000  -0.0000000000  -0.0000000000
   1.6165926088   0.0000000000  -0.0000000000  -0.0000000000
   1.6310264714   0.0000000000  -0.0000000000  -0.0000000000
   1.6454603339   0.0000000000   0.0000000000   0.0000000000
   1.6598941965  -0.0000000000   0.0000000000   0.0000000000
   1.6743280591  -0.0000000000   0.0000000000   0.0000000000
   1.6887619217  -0.0000000000  -0.0000000000  -0.0000000000
   1.7031957843   0.0000000000  -0.0000000000  -0.0000000000
   1.7176296468   0.0000000000  -0.0000000000  -0.0000000000
   1.7320635094   0.0000000000   0.0000000000   0.0000000000
   1.7464973720  -0.0000000000   0.0000000000   0.0000000000
   1.7609312346  -0.0000000000   0.0000000000   0.0000000000
   1.7753650971  -0.0000000000  -0.0000000000  -0.0000000000
   1.7897989597   0.0000000000  -0.0000000000  -0.0000000000
   1.8042328223   0.0000000000  -0.0000000000  -0.0000000000
   1.8186666849   0.0000000000   0.0000000000   0.0000000000
   1.8331005475  -0.0000000000   0.0000000000   0.0000000000
   1.8475344100  -0.0000000000   0.0000000000  -0.0000000000
   1.8619682726   0.0000000000  -0.0000000000  -0.0000000000
   1.8764021352   0.0000000000  -0.0000000000  -0.0000000000
   1.8908359978   0.0000000000  -0.0000000000   0.0000000000
   1.9052698604  -0.0000000000   0.0000000000   0.0000000000
   1.9197037229  -0.0000000000   0.0000000000   0.0000000000
   1.9341375855  -0.0000000000   0.0000000000   0.0000000000
   1.9485714481   0.0000000000  -0.0000000000   0.0000000000
   1.9630053107   0.0000000000  -0.0000000000  -0.0000000000
   1.9774391732   0.0000000000  -0.0000000000  -0.0000000000
   1.9918730358  -0.0000000000   0.0000000000  -0.0000000000
   2.0063068984  -0.0000000000   0.0000000000  -0.0000000000
   2.0207407610  -0.0000000000   0.0000000000   0.0000000000
   2.0351746236   0.0000000000  -0.0000000000   0.0000000000
   2.0496084861   0.0000000000  -0.0000000000   0.0000000000
   2.0640423487   0.0000000000  -0.0000000000   0.0000000000
   2.0784762113  -0.0000000000   0.0000000000   0.0000000000
   2.0929100739  -0.0000000000   0.0000000000  -0.0000000000
   2.1073439365   0.0000000000   0.0000000000  -0.0000000000
   2.1217777990   0.0000000000  -0.0000000000  -0.0000000000
   2.1362116616   0.0000000001  -0.0000000000  -0.0000000000
   2.1506455242   0.0000000000  -0.0000000000  -0.0000000000
   2.1650793868  -0.0000000001   0.0000000000   0.0000000001
   2.1795132493  -0.0000000002   0.0000000001   0.0000000001
   2.1939471119  -0.0000000002   0.0000000001   0.0000000002
   2.2083809745  -0.0000000001   0.0000000000   0.0000000001
   2.2228148371   0.0000000002  -0.0000000001  -0.0000000001
   2.2372486997   0.0000000005  -0.0000000001  -0.0000000004
   2.2516825622   0.0000000007  -0.0000000002  -0.0000000006
   2.2661164248   0.0000000007  -0.0000000002  -0.0000000006
   2.2805502874   0.0000000002  -0.0000000001  -0.0000000002
   2.2949841500  -0.0000000007   0.0000000002   0.0000000006
   2.3094180126  -0.0000000021   0.0000000006   0.0000000016
   2.3238518751  -0.0000000033   0.0000000010   0.0000000024
   2.3382857377  -0.0000000033   0.0000000011   0.0000000023
   2.3527196003  -0.0000000009   0.0000000005   0.0000000005
   2.3671534629   0.0000000042  -0.0000000009  -0.0000000030
   2.3815873254   0.0000000105  -0.0000000028  -0.0000000072
   2.3960211880   0.0000000148  -0.0000000044  -0.0000000101
   2.4104550506   0.0000000129  -0.0000000043  -0.0000000087
   2.4248889132   0.0000000015  -0.0000000015  -0.0000000009
   2.4393227758  -0.0000000191   0.0000000042   0.0000000132
   2.4537566383  -0.0000000427   0.0000000115   0.0000000292
   2.4681905009  -0.0000000577   0.0000000170   0.0000000389
   2.4826243635  -0.0000000493   0.0000000165   0.0000000325
   2.4970582261  -0.0000000065   0.0000000060   0.0000000028
   2.5114920887   0.0000000698  -0.0000000151  -0.0000000486
   2.5259259512   0.0000001583  -0.0000000421  -0.0000001066
   2.5403598138   0.0000002166  -0.0000000634  -0.0000001424
   2.5547936764   0.0000001915  -0.0000000634  -0.0000001216
   2.5692275390   0.0000000432  -0.0000000280  -0.0000000202
   2.5836614015  -0.0000002240   0.0000000456   0.0000001557
   2.5980952641  -0.0000005369   0.0000001410   0.0000003553
   2.6125291267  -0.0000007547   0.0000002199   0.0000004861
   2.6269629893  -0.0000007054   0.0000002306   0.0000004397
   2.6413968519  -0.0000002604   0.0000001274   0.0000001393
   2.6558307144   0.0000005767  -0.0000001019  -0.0000004037
   2.6702645770   0.0000016007  -0.0000004120  -0.0000010494
   2.6846984396   0.0000024018  -0.0000006921  -0.0000015318
   2.6991323022   0.0000024630  -0.0000007868  -0.0000015253
   2.7135661647   0.0000013603  -0.0000005495  -0.0000007757
   2.7280000273  -0.0000009822   0.0000000806   0.0000007386
   2.7424338899  -0.0000040812   0.0000010062   0.0000026814
   2.7568677525  -0.0000068560   0.0000019396   0.0000043501
   2.7713016151  -0.0000078603   0.0000024488   0.0000048410
   2.7857354776  -0.0000057925   0.0000020931   0.0000033827
   2.8001693402  -0.0000001610   0.0000006239  -0.0000002540
   2.8146032028   0.0000081481  -0.0000018164  -0.0000054289
   2.8290370654   0.0000166931  -0.0000045921  -0.0000105658
   2.8434709280   0.0000219190  -0.0000066499  -0.0000134673
   2.8579047905   0.0000202471  -0.0000068081  -0.0000120096
   2.8723386531   0.0000095756  -0.0000042108  -0.0000050576
   2.8867725157  -0.0000093042   0.0000011895   0.0000067081
   2.9012063783  -0.0000320011   0.0000083135   0.0000204275
   2.9156402408  -0.0000510539   0.0000149940   0.0000314689
   2.9300741034  -0.0000578775   0.0000184712   0.0000346908
   2.9445079660  -0.0000457608   0.0000162890   0.0000262925
   2.9589418286  -0.0000130083   0.0000073472   0.0000056673
   2.9733756912   0.0000349932  -0.0000072688  -0.0000234928
   2.9878095537   0.0000858628  -0.0000240716  -0.0000534486
   3.0022434163   0.0001229386  -0.0000378091  -0.0000742172
   3.0166772789   0.0001301480  -0.0000429116  -0.0000765537
   3.0311111415   0.0000976651  -0.0000353814  -0.0000552404
   3.0455450041   0.0000264625  -0.0000145162  -0.0000115839
   3.0599788666  -0.0000700027   0.0000161814   0.0000458460
   3.0744127292  -0.0001679426   0.0000493615   0.0001027143
   3.0888465918  -0.0002389674   0.0000755087   0.0001424232
   3.1032804544  -0.0002578638   0.0000855451   0.0001506789
   3.1177143169  -0.0002100527   0.0000735769   0.0001197214
   3.1321481795  -0.0000962991   0.0000388898   0.0000508228
   3.1465820421   0.0000669431  -0.0000135129  -0.0000458123
   3.1610159047   0.0002517202  -0.0000740714  -0.0001537202
   3.1754497673   0.0004259241  -0.0001311903  -0.0002545005
   3.1898836298   0.0005613648  -0.0001743051  -0.0003323377
   3.2043174924   0.0006400298  -0.0001965026  -0.0003773270
   3.2187513550   0.0006568237  -0.0001958892  -0.0003867878
   3.2331852176   0.0006184792  -0.0001753902  -0.0003645369
   3.2476190802   0.0005396594  -0.0001412302  -0.0003187495
   3.2620529427   0.0004380036  -0.0001007757  -0.0002593210
   3.2764868053   0.0003298018  -0.0000605356  -0.0001955427
   3.2909206679   0.0002273086  -0.0000249238  -0.0001345721
   3.3053545305   0.0001378566   0.0000040115  -0.0000807938
   3.3197883930   0.0000642962   0.0000260798  -0.0000358995
   3.3342222556   0.0000060874   0.0000420869   0.0000005983
   3.3486561182  -0.0000394828   0.0000530572   0.0000306666
   3.3630899808  -0.0000761832   0.0000598079   0.0000570083
   3.3775238434  -0.0001078248   0.0000629021   0.0000823233
   3.3919577059  -0.0001373165   0.0000628304   0.0001086009
   3.4063915685  -0.0001658592   0.0000602008   0.0001365231
   3.4208254311  -0.0001924875   0.0000557835   0.0001651309
   3.4352592937  -0.0002142000   0.0000503812   0.0001919107
   3.4496931563  -0.0002267909   0.0000446144   0.0002133617
   3.4641270188  -0.0002262256   0.0000387622   0.0002259226
   3.4785608814  -0.0002101326   0.0000327592   0.0002269689
   3.4929947440  -0.0001788540   0.0000263585   0.0002155444
   3.5074286066  -0.0001356175   0.0000193748   0.0001925872
   3.5218624691  -0.0000857342   0.0000118848   0.0001606267
   3.5362963317  -0.0000351453   0.0000042882   0.0001231339
   3.5507301943   0.0000110930  -0.0000027850   0.0000838095
   3.5651640569   0.0000498016  -0.0000086619   0.0000460452
   3.5795979195   0.0000798547  -0.0000128152   0.0000126426
   3.5940317820   0.0001016425  -0.0000149809  -0.0000142778
   3.6084656446   0.0001162160  -0.0000151865  -0.0000333105
   3.6228995072   0.0001245620  -0.0000137120  -0.0000438307
   3.6373333698   0.0001272784  -0.0000110188  -0.0000460751
   3.6517672323   0.0001246517  -0.0000076666  -0.0000411417
   3.6662010949   0.0001169436  -0.0000042179  -0.0000308143
   3.6806349575   0.0001046513  -0.0000011298  -0.0000172004
   3.6950688201   0.0000886082   0.0000013501  -0.0000022724
   3.7095026827   0.0000699214   0.0000032451   0.0000125340
   3.7239365452   0.0000498342   0.0000048264   0.0000265297
   3.7383704078   0.0000295947   0.0000064971   0.0000397295
   3.7528042704   0.0000103646   0.0000086137   0.0000525906
   3.7672381330  -0.0000068516   0.0000113159   0.0000656343
   3.7816719956  -0.0000212806   0.0000144380   0.0000790841
   3.7961058581  -0.0000324537   0.0000175416   0.0000926339
   3.8105397207  -0.0000402461   0.0000200588   0.0001054170
   3.8249735833  -0.0000448520   0.0000214867   0.0001161851
   3.8394074459  -0.0000466994   0.0000215583   0.0001236426
   3.8538413084  -0.0000463404   0.0000203321   0.0001268318
   3.8682751710  -0.0000443627   0.0000181732   0.0001254478
   3.8827090336  -0.0000413398   0.0000156440   0.0001199804
   3.8971428962  -0.0000378028   0.0000133417   0.0001116336
   3.9115767588  -0.0000342064   0.0000117359   0.0001020452
   3.9260106213  -0.0000308760   0.0000110510   0.0000928938
   3.9404444839  -0.0000279591   0.0000112266   0.0000855150
   3.9548783465  -0.0000254156   0.0000119639   0.0000806405
   3.9693122091  -0.0000230690   0.0000128396   0.0000783259
   3.9837460717  -0.0000207077   0.0000134493   0.0000780659
   3.9981799342  -0.0000181959   0.0000135304   0.0000790356
   4.0126137968  -0.0000155488   0.0000130284   0.0000803718
   4.0270476594  -0.0000129465   0.0000120905   0.0000814104
   4.0414815220  -0.0000106868   0.0000109979   0.0000818243
   4.0559153845  -0.0000090982   0.0000100663   0.0000816424
   4.0703492471  -0.0000084402   0.0000095498   0.0000811579
   4.0847831097  -0.0000088138   0.0000095732   0.0000807655
   4.0992169723  -0.0000101047   0.0000101075   0.0000807843
   4.1136508349  -0.0000119768   0.0000109868   0.0000813283
   4.1280846974  -0.0000139306   0.0000119598   0.0000822689
   4.1425185600  -0.0000154237   0.0000127583   0.0000832960
   4.1569524226  -0.0000160253   0.0000131690   0.0000840458
   4.1713862852  -0.0000155525   0.0000130886   0.0000842407
   4.1858201478  -0.0000141342   0.0000125489   0.0000837890
   4.2002540103  -0.0000121712   0.0000117036   0.0000828169
   4.2146878729  -0.0000102096   0.0000107824   0.0000816327
   4.2291217355  -0.0000087828   0.0000100254   0.0000806417
   4.2435555981  -0.0000082856   0.0000096222   0.0000802389
   4.2579894606  -0.0000089175   0.0000096714   0.0000807092
   4.2724233232  -0.0000106942   0.0000101704   0.0000821590
   4.2868571858  -0.0000134936   0.0000110319   0.0000844965
   4.3012910484  -0.0000171005   0.0000121149   0.0000874591
   4.3157249110  -0.0000212302   0.0000132582   0.0000906744
   4.3301587735  -0.0000255321   0.0000143056   0.0000937321
   4.3445926361  -0.0000295879   0.0000151204   0.0000962480
   4.3590264987  -0.0000329229   0.0000155913   0.0000979131
   4.3734603613  -0.0000350490   0.0000156369   0.0000985327
   4.3878942239  -0.0000355533   0.0000152139   0.0000980569
   4.4023280864  -0.0000342262   0.0000143331   0.0000966016
   4.4167619490  -0.0000311946   0.0000130794   0.0000944484
   4.4311958116  -0.0000269974   0.0000116219   0.0000920116
   4.4456296742  -0.0000225352   0.0000102036   0.0000897659
   4.4600635367  -0.0000188665   0.0000090983   0.0000881408
   4.4744973993  -0.0000168864   0.0000085405   0.0000874038
   4.4889312619  -0.0000169956   0.0000086446   0.0000875676
   4.5033651245  -0.0000188895   0.0000093449   0.0000883590
   4.5177989871  -0.0000215693   0.0000103836   0.0000892753
   4.5322328496  -0.0000235934   0.0000113629   0.0000897244
   4.5466667122  -0.0000234933   0.0000118543   0.0000892117
   4.5611005748  -0.0000202163   0.0000115318   0.0000875086
   4.5755344374  -0.0000134443   0.0000102820   0.0000847386
   4.5899682999  -0.0000036881   0.0000082493   0.0000813409
   4.6044021625   0.0000078614   0.0000057955   0.0000779211
   4.6188360251   0.0000196589   0.0000033853   0.0000750410
   4.6332698877   0.0000301879   0.0000014402   0.0000730267
   4.6477037503   0.0000382739   0.0000002136   0.0000718636
   4.6621376128   0.0000432467  -0.0000002695   0.0000712162
   4.6765714754   0.0000449391  -0.0000001907   0.0000705606
   4.6910053380   0.0000435756   0.0000001527   0.0000693823
   4.7054392006   0.0000396391   0.0000004691   0.0000673718
   4.7198730632   0.0000337863   0.0000005805   0.0000645590
   4.7343069257   0.0000268287   0.0000004792   0.0000613511
   4.7487407883   0.0000197391   0.0000003177   0.0000584661
   4.7631746509   0.0000136158   0.0000003399   0.0000567810
   4.7776085135   0.0000095568   0.0000007794   0.0000571299
   4.7920423760   0.0000084551   0.0000017592   0.0000600960
   4.8064762386   0.0000107852   0.0000032237   0.0000658428
   4.8209101012   0.0000164763   0.0000049240   0.0000740231
   4.8353439638   0.0000249380   0.0000064586   0.0000837898
   4.8497778264   0.0000352413   0.0000073616   0.0000939095
   4.8642116889   0.0000463847   0.0000072133   0.0001029586
   4.8786455515   0.0000575386   0.0000057466   0.0001095586
   4.8930794141   0.0000681764   0.0000029212   0.0001125994
   4.9075132767   0.0000780500  -0.0000010528   0.0001114031
   4.9219471393   0.0000870419  -0.0000057479   0.0001058028
   4.9363810018   0.0000949755  -0.0000105983   0.0000961360
   4.9508148644   0.0001014806  -0.0000150043   0.0000831783
   4.9652487270   0.0001059834  -0.0000184326   0.0000680526
   4.9796825896   0.0001078322  -0.0000204917   0.0000521398
   4.9941164521   0.0001065146  -0.0000209684   0.0000369949
   5.0085503147   0.0001018827  -0.0000198299   0.0000242511
   5.0229841773   0.0000943065  -0.0000172037   0.0000154904
   5.0374180399   0.0000847037  -0.0000133524   0.0000120694
   5.0518519025   0.0000744453  -0.0000086533   0.0000149184
   5.0662857650   0.0000651721  -0.0000035811   0.0000243562
   5.0807196276   0.0000585791   0.0000013171   0.0000399729
   5.0951534902   0.0000562126   0.0000054645   0.0000606208
   5.1095873528   0.0000593033   0.0000083182   0.0000845271
   5.1240212154   0.0000686377   0.0000094449   0.0001095101
   5.1384550779   0.0000844619   0.0000085873   0.0001332539
   5.1528889405   0.0001064218   0.0000057037   0.0001535891
   5.1673228031   0.0001335573   0.0000009660   0.0001687314
   5.1817566657   0.0001643737  -0.0000052801   0.0001774464
   5.1961905282   0.0001970030  -0.0000125814   0.0001791280
   5.2106243908   0.0002294384  -0.0000204518   0.0001737924
   5.2250582534   0.0002597972  -0.0000284357   0.0001619968
   5.2394921160   0.0002865506  -0.0000361533   0.0001447033
   5.2539259786   0.0003086642  -0.0000433233   0.0001231077
   5.2683598411   0.0003256229  -0.0000497663   0.0000984631
   5.2827937037   0.0003373495  -0.0000553960   0.0000719264
   5.2972275663   0.0003440606  -0.0000601999   0.0000444543
   5.3116614289   0.0003461132  -0.0000642144   0.0000167607
   5.3260952914   0.0003438904  -0.0000674973  -0.0000106660
   5.3405291540   0.0003377468  -0.0000701005  -0.0000375043
   5.3549630166   0.0003280112  -0.0000720499  -0.0000635271
   5.3693968792   0.0003150208  -0.0000733355  -0.0000885422
   5.3838307418   0.0002991595  -0.0000739136  -0.0001123599
   5.3982646043   0.0002808792  -0.0000737213  -0.0001347912
   5.4126984669   0.0002606973  -0.0000726979  -0.0001556649
   5.4271323295   0.0002391749  -0.0000708076  -0.0001748481
   5.4415661921   0.0002168844  -0.0000680590  -0.0001922583
   5.4560000547   0.0001943756  -0.0000645168  -0.0002078607
   5.4704339172   0.0001721473  -0.0000603043  -0.0002216531
   5.4848677798   0.0001506269  -0.0000555959  -0.0002336448
   5.4993016424   0.0001301600  -0.0000506017  -0.0002438380
   5.5137355050   0.0001110086  -0.0000455473  -0.0002522162
   5.5281693675   0.0000933568  -0.0000406523  -0.0002587456
   5.5426032301   0.0000773184  -0.0000361120  -0.0002633886
   5.5570370927   0.0000629454  -0.0000320843  -0.0002661284
   5.5714709553   0.0000502339  -0.0000286833  -0.0002669951
   5.5859048179   0.0000391278  -0.0000259808  -0.0002660865
   5.6003386804   0.0000295219  -0.0000240108  -0.0002635741
   5.6147725430   0.0000212639  -0.0000227783  -0.0002596915
   5.6292064056   0.0000141578  -0.0000222666  -0.0002547068
   5.6436402682   0.0000079711  -0.0000224430  -0.0002488871
   5.6580741308   0.0000024462  -0.0000232621  -0.0002424640
   5.6725079933  -0.0000026803  -0.0000246667  -0.0002356088
   5.6869418559  -0.0000076539  -0.0000265878  -0.0002284224
   5.7013757185  -0.0000126781  -0.0000289453  -0.0002209412
   5.7158095811  -0.0000178944  -0.0000316500  -0.0002131550
   5.7302434436  -0.0000233727  -0.0000346059  -0.0002050320
   5.7446773062  -0.0000291107  -0.0000377122  -0.0001965423
   5.7591111688  -0.0000350422  -0.0000408649  -0.0001876762
   5.7735450314  -0.0000410519  -0.0000439567  -0.0001784542
   5.7879788940  -0.0000469919  -0.0000468781  -0.0001689278
   5.8024127565  -0.0000527019  -0.0000495205  -0.0001591737
   5.8168466191  -0.0000580281  -0.0000517816  -0.0001492855
   5.8312804817  -0.0000628415  -0.0000535735  -0.0001393626
   5.8457143443  -0.0000670500  -0.0000548299  -0.0001295014
   5.8601482069  -0.0000706043  -0.0000555124  -0.0001197883
   5.8745820694  -0.0000734956  -0.0000556127  -0.0001102959
   5.8890159320  -0.0000757461  -0.0000551508  -0.0001010820
   5.9034497946  -0.0000773970  -0.0000541700  -0.0000921915
   5.9178836572  -0.0000784950  -0.0000527295  -0.0000836584
   5.9323175197  -0.0000790820  -0.0000508957  -0.0000755083
   5.9467513823  -0.0000791888  -0.0000487339  -0.0000677587
   5.9611852449  -0.0000788340  -0.0000463015  -0.0000604189
   5.9756191075  -0.0000780289  -0.0000436434  -0.0000534902
   5.9900529701  -0.0000767870  -0.0000407923  -0.0000469663
   6.0044868326  -0.0000751333  -0.0000377704  -0.0000408373
   6.0189206952  -0.0000731121  -0.0000345947  -0.0000350943
   6.0333545578  -0.0000707864  -0.0000312819  -0.0000297361
   6.0477884204  -0.0000682304  -0.0000278521  -0.0000247734
   6.0622222830  -0.0000655144  -0.0000243310  -0.0000202299
   6.0766561455  -0.0000626909  -0.0000207504  -0.0000161411
   6.0910900081  -0.0000597852  -0.0000171479  -0.0000125485
   6.1055238707  -0.0000567960  -0.0000135659  -0.0000094942
   6.1199577333  -0.0000537060  -0.0000100504  -0.0000070148
   6.1343915958  -0.0000504979  -0.0000066501  -0.0000051362
   6.1488254584  -0.0000471690  -0.0000034129  -0.0000038689
   6.1632593210  -0.0000437388  -0.0000003829  -0.0000032033
   6.1776931836  -0.0000402462   0.0000024044  -0.0000031058
   6.1921270462  -0.0000367371   0.0000049256  -0.0000035152
   6.2065609087  -0.0000332484   0.0000071719  -0.0000043435
   6.2209947713  -0.0000297949   0.0000091490  -0.0000054801
   6.2354286339  -0.0000263661   0.0000108738  -0.0000068031
   6.2498624965  -0.0000229354   0.0000123680  -0.0000081956
   6.2642963590  -0.0000194778   0.0000136514  -0.0000095628
   6.2787302216  -0.0000159906   0.0000147354  -0.0000108475
   6.2931640842  -0.0000125069   0.0000156197  -0.0000120356
   6.3075979468  -0.0000090959   0.0000162949  -0.0000131511
   6.3220318094  -0.0000058491   0.0000167482  -0.0000142406
   6.3364656719  -0.0000028557   0.0000169727  -0.0000153526
   6.3508995345  -0.0000001788   0.0000169741  -0.0000165186
   6.3653333971   0.0000021612   0.0000167736  -0.0000177423
   6.3797672597   0.0000041878   0.0000164034  -0.0000190008
   6.3942011223   0.0000059554   0.0000158992  -0.0000202551
   6.4086349848   0.0000075280   0.0000152902  -0.0000214657
   6.4230688474   0.0000089576   0.0000145930  -0.0000226070
   6.4375027100   0.0000102719   0.0000138116  -0.0000236733
   6.4519365726   0.0000114728   0.0000129427  -0.0000246780
   6.4663704351   0.0000125436   0.0000119847  -0.0000256437
   6.4808042977   0.0000134608   0.0000109458  -0.0000265916
   6.4952381603   0.0000142027   0.0000098473  -0.0000275319
   6.5096720229   0.0000147547   0.0000087216  -0.0000284595
   6.5241058855   0.0000151112   0.0000076045  -0.0000293566
   6.5385397480   0.0000152760   0.0000065257  -0.0000301988
   6.5529736106   0.0000152639   0.0000055005  -0.0000309627
   6.5674074732   0.0000151024   0.0000045266  -0.0000316333
   6.5818413358   0.0000148306   0.0000035877  -0.0000322078
   6.5962751984   0.0000144949   0.0000026622  -0.0000326953
   6.6107090609   0.0000141397   0.0000017345  -0.0000331140
   6.6251429235   0.0000137964   0.0000008054  -0.0000334836
   6.6395767861   0.0000134746  -0.0000001027  -0.0000338177
   6.6540106487   0.0000131583  -0.0000009480  -0.0000341158
   6.6684445112   0.0000128110  -0.0000016786  -0.0000343599
   6.6828783738   0.0000123880  -0.0000022480  -0.0000345161
   6.6973122364   0.0000118523  -0.0000026309  -0.0000345437
   6.7117460990   0.0000111892  -0.0000028356  -0.0000344076
   6.7261799616   0.0000104140  -0.0000029073  -0.0000340916
   6.7406138241   0.0000095695  -0.0000029199  -0.0000336070
   6.7550476867   0.0000087161  -0.0000029577  -0.0000329927
   6.7694815493   0.0000079165  -0.0000030917  -0.0000323062
   6.7839154119   0.0000072224  -0.0000033584  -0.0000316090
   6.7983492745   0.0000066655  -0.0000037492  -0.0000309511
   6.8127831370   0.0000062562  -0.0000042146  -0.0000303600
   6.8272169996   0.0000059872  -0.0000046825  -0.0000298379
   6.8416508622   0.0000058398  -0.0000050829  -0.0000293670
   6.8560847248   0.0000057900  -0.0000053712  -0.0000289198
   6.8705185873   0.0000058124  -0.0000055395  -0.0000284695
   6.8849524499   0.0000058808  -0.0000056132  -0.0000279979
   6.8993863125   0.0000059680  -0.0000056349  -0.0000274970
   6.9138201751   0.0000060458  -0.0000056443  -0.0000269675
   6.9282540377   0.0000060864  -0.0000056631  -0.0000264145
   6.9426879002   0.0000060662  -0.0000056925  -0.0000258453
   6.9571217628   0.0000059716  -0.0000057214  -0.0000252685
   6.9715556254   0.0000058032  -0.0000057424  -0.0000246957
   6.9859894880   0.0000055775  -0.0000057630  -0.0000241412
   7.0004233506   0.0000053235  -0.0000058079  -0.0000236211
   7.0148572131   0.0000050744  -0.0000059079  -0.0000231475
   7.0292910757   0.0000048561  -0.0000060816  -0.0000227227
   7.0437249383   0.0000046789  -0.0000063190  -0.0000223353
   7.0581588009   0.0000045333  -0.0000065771  -0.0000219603
   7.0725926634   0.0000043942  -0.0000067894  -0.0000215653
   7.0870265260   0.0000042317  -0.0000068896  -0.0000211197
   7.1014603886   0.0000040241  -0.0000068367  -0.0000206043
   7.1158942512   0.0000037682  -0.0000066325  -0.0000200166
   7.1303281138   0.0000034828  -0.0000063231  -0.0000193719
   7.1447619763   0.0000032049  -0.0000059841  -0.0000186975
   7.1591958389   0.0000029790  -0.0000056948  -0.0000180259
   7.1736297015   0.0000028446  -0.0000055133  -0.0000173877
   7.1880635641   0.0000028253  -0.0000054616  -0.0000168072
   7.2024974266   0.0000029236  -0.0000055231  -0.0000163016
   7.2169312892   0.0000031202  -0.0000056545  -0.0000158818
   7.2313651518   0.0000033794  -0.0000058027  -0.0000155534
   7.2457990144   0.0000036558  -0.0000059202  -0.0000153167
   7.2602328770   0.0000039021  -0.0000059755  -0.0000151643
   7.2746667395   0.0000040750  -0.0000059542  -0.0000150792
   7.2891006021   0.0000041408  -0.0000058562  -0.0000150337
   7.3035344647   0.0000040781  -0.0000056904  -0.0000149912
   7.3179683273   0.0000038806  -0.0000054706  -0.0000149105
   7.3324021899   0.0000035582  -0.0000052132  -0.0000147522
   7.3468360524   0.0000031372  -0.0000049363  -0.0000144844
   7.3612699150   0.0000026575  -0.0000046581  -0.0000140869
   7.3757037776   0.0000021687  -0.0000043934  -0.0000135525
   7.3901376402   0.0000017232  -0.0000041510  -0.0000128859
   7.4045715027   0.0000013691  -0.0000039317  -0.0000121023
   7.4190053653   0.0000011444  -0.0000037288  -0.0000112263
   7.4334392279   0.0000010735  -0.0000035321  -0.0000102911
   7.4478730905   0.0000011670  -0.0000033330  -0.0000093386
   7.4623069531   0.0000014244  -0.0000031287  -0.0000084179
   7.4767408156   0.0000018387  -0.0000029245  -0.0000075821
   7.4911746782   0.0000023990  -0.0000027324  -0.0000068824
   7.5056085408   0.0000030922  -0.0000025680  -0.0000063606
   7.5200424034   0.0000039006  -0.0000024449  -0.0000060414
   7.5344762660   0.0000047969  -0.0000023710  -0.0000059267
   7.5489101285   0.0000057393  -0.0000023459  -0.0000059929
   7.5633439911   0.0000066689  -0.0000023601  -0.0000061940
   7.5777778537   0.0000075125  -0.0000023978  -0.0000064682
   7.5922117163   0.0000081930  -0.0000024396  -0.0000067486
   7.6066455788   0.0000086436  -0.0000024671  -0.0000069748
   7.6210794414   0.0000088242  -0.0000024660  -0.0000071021
   7.6355133040   0.0000087329  -0.0000024284  -0.0000071080
   7.6499471666   0.0000084084  -0.0000023536  -0.0000069925
   7.6643810292   0.0000079233  -0.0000022466  -0.0000067744
   7.6788148917   0.0000073675  -0.0000021162  -0.0000064835
   7.6932487543   0.0000068287  -0.0000019711  -0.0000061523
   7.7076826169   0.0000063753  -0.0000018173  -0.0000058081
   7.7221164795   0.0000060466  -0.0000016554  -0.0000054678
   7.7365503421   0.0000058531  -0.0000014818  -0.0000051372
   7.7509842046   0.0000057850  -0.0000012899  -0.0000048131
   7.7654180672   0.0000058254  -0.0000010746  -0.0000044879
   7.7798519298   0.0000059612  -0.0000008345  -0.0000041552
   7.7942857924   0.0000061904  -0.0000005735  -0.0000038134
   7.8087196549   0.0000065209  -0.0000003002  -0.0000034676
   7.8231535175   0.0000069653  -0.0000000250  -0.0000031290
   7.8375873801   0.0000075326   0.0000002420  -0.0000028121
   7.8520212427   0.0000082218   0.0000004926  -0.0000025307
   7.8664551053   0.0000090175   0.0000007214  -0.0000022936
   7.8808889678   0.0000098896   0.0000009243  -0.0000021016
   7.8953228304   0.0000107954   0.0000010983  -0.0000019461
   7.9097566930   0.0000116834   0.0000012402  -0.0000018108
   7.9241905556   0.0000124988   0.0000013475  -0.0000016762
   7.9386244181   0.0000131898   0.0000014190  -0.0000015254
   7.9530582807   0.0000137155   0.0000014557  -0.0000013502
   7.9674921433   0.0000140517   0.0000014616  -0.0000011546
   7.9819260059   0.0000141959   0.0000014437  -0.0000009546
