   0.0000000000   0.0000000000   0.0000000000   0.0000000000
   0.0144338626   0.0000000000   0.0000000000   0.0000000000
   0.0288677252   0.0000000000   0.0000000000   0.0000000000
   0.0433015877   0.0000000000   0.0000000000   0.0000000000
   0.0577354503   0.0000000000   0.0000000000   0.0000000000
   0.0721693129   0.0000000000   0.0000000000   0.0000000000
   0.0866031755   0.0000000000   0.0000000000  -0.0000000000
   0.1010370380   0.0000000000  -0.0000000000   0.0000000000
   0.1154709006  -0.0000000000  -0.0000000000   0.0000000000
   0.1299047632  -0.0000000000   0.0000000000   0.0000000000
   0.1443386258  -0.0000000000   0.0000000000   0.0000000000
   0.1587724884  -0.0000000000   0.0000000000   0.0000000000
   0.1732063509  -0.0000000000  -0.0000000000   0.0000000000
   0.1876402135  -0.0000000000  -0.0000000000   0.0000000000
   0.2020740761   0.0000000000  -0.0000000000   0.0000000000
   0.2165079387   0.0000000000  -0.0000000000   0.0000000000
   0.2309418013   0.0000000000   0.0000000000   0.0000000000
   0.2453756638   0.0000000000   0.0000000000  -0.0000000000
   0.2598095264  -0.0000000000   0.0000000000  -0.0000000000
   0.2742433890  -0.0000000000  -0.0000000000  -0.0000000000
   0.2886772516  -0.0000000000  -0.0000000000  -0.0000000000
   0.3031111141   0.0000000000   0.0000000000   0.0000000000
   0.3175449767   0.0000000000   0.0000000000   0.0000000000
   0.3319788393  -0.0000000000   0.0000000000   0.0000000000
   0.3464127019  -0.0000000000  -0.0000000000  -0.0000000000
   0.3608465645  -0.0000000000  -0.0000000000  -0.0000000000
   0.3752804270   0.0000000000  -0.0000000000  -0.0000000000
   0.3897142896   0.0000000000   0.0000000000   0.0000000000
   0.4041481522   0.0000000000   0.0000000000   0.0000000000
   0.4185820148  -0.0000000000   0.0000000000  -0.0000000000
   0.4330158774  -0.0000000000  -0.0000000000  -0.0000000000
   0.4474497399  -0.0000000000  -0.0000000000  -0.0000000000
   0.4618836025   0.0000000000   0.0000000000   0.0000000000
   0.4763174651   0.0000000000   0.0000000000   0.0000000000
   0.4907513277   0.0000000000   0.0000000000   0.0000000000
   0.5051851902  -0.0000000000  -0.0000000000  -0.0000000000
   0.5196190528  -0.0000000000  -0.0000000000  -0.0000000000
   0.5340529154  -0.0000000000  -0.0000000000  -0.0000000000
   0.5484867780   0.0000000000   0.0000000000   0.0000000000
   0.5629206406   0.0000000000   0.0000000000   0.0000000000
   0.5773545031   0.0000000000   0.0000000000   0.0000000000
   0.5917883657  -0.0000000000  -0.0000000000  -0.0000000000
   0.6062222283  -0.0000000000  -0.0000000000  -0.0000000000
   0.6206560909  -0.0000000000  -0.0000000000  -0.0000000000
   0.6350899535   0.0000000000   0.0000000000   0.0000000000
   0.6495238160   0.0000000000   0.0000000000   0.0000000000
   0.6639576786  -0.0000000000   0.0000000000   0.0000000000
   0.6783915412  -0.0000000000  -0.0000000000  -0.0000000000
   0.6928254038  -0.0000000000  -0.0000000000  -0.0000000000
   0.7072592663   0.0000000000  -0.0000000000  -0.0000000000
   0.7216931289   0.0000000000   0.0000000000   0.0000000000
   0.7361269915   0.0000000000   0.0000000000   0.0000000000
   0.7505608541  -0.0000000000   0.0000000000   0.0000000000
   0.7649947167  -0.0000000000  -0.0000000000  -0.0000000000
   0.7794285792  -0.0000000000  -0.0000000000  -0.0000000000
   0.7938624418   0.0000000000  -0.0000000000  -0.0000000000
   0.8082963044   0.0000000000   0.0000000000   0.0000000000
   0.8227301670   0.0000000000   0.0000000000   0.0000000000
   0.8371640296  -0.0000000000  -0.0000000000   0.0000000000
   0.8515978921  -0.0000000000  -0.0000000000  -0.0000000000
   0.8660317547  -0.0000000000  -0.0000000000  -0.0000000000
   0.8804656173   0.0000000000   0.0000000000  -0.0000000000
   0.8948994799   0.0000000000   0.0000000000   0.0000000000
   0.9093333424   0.0000000000   0.0000000000   0.0000000000
   0.9237672050  -0.0000000000  -0.0000000000   0.0000000000
   0.9382010676  -0.0000000000  -0.0000000000  -0.0000000000
   0.9526349302  -0.0000000000  -0.0000000000  -0.0000000000
   0.9670687928   0.0000000000   0.0000000000  -0.0000000000
   0.9815026553   0.0000000000   0.0000000000   0.0000000000
   0.9959365179   0.0000000000   0.0000000000   0.0000000000
   1.0103703805  -0.0000000000  -0.0000000000   0.0000000000
   1.0248042431  -0.0000000000  -0.0000000000  -0.0000000000
   1.0392381056  -0.0000000000   0.0000000000  -0.0000000000
   1.0536719682   0.0000000000   0.0000000000  -0.0000000000
   1.0681058308   0.0000000000   0.0000000000   0.0000000000
   1.0825396934  -0.0000000000  -0.0000000000   0.0000000000
   1.0969735560  -0.0000000000  -0.0000000000   0.0000000000
   1.1114074185  -0.0000000000  -0.0000000000  -0.0000000000
   1.1258412811   0.0000000000   0.0000000000  -0.0000000000
   1.1402751437   0.0000000000   0.0000000000  -0.0000000000
   1.1547090063   0.0000000000   0.0000000000  -0.0000000000
   1.1691428689  -0.0000000000  -0.0000000000  -0.0000000000
   1.1835767314  -0.0000000000  -0.0000000000  -0.0000000000
   1.1980105940   0.0000000000  -0.0000000000   0.0000000000
   1.2124444566   0.0000000000   0.0000000000   0.0000000000
   1.2268783192   0.0000000000   0.0000000000   0.0000000000
   1.2413121817  -0.0000000000   0.0000000000  -0.0000000000
   1.2557460443  -0.0000000000  -0.0000000000  -0.0000000000
   1.2701799069   0.0000000000  -0.0000000000  -0.0000000000
   1.2846137695   0.0000000000  -0.0000000000   0.0000000000
   1.2990476321   0.0000000000   0.0000000000   0.0000000000
   1.3134814946  -0.0000000000   0.0000000000   0.0000000000
   1.3279153572  -0.0000000000   0.0000000000   0.0000000000
   1.3423492198  -0.0000000000  -0.0000000000  -0.0000000000
   1.3567830824   0.0000000000  -0.0000000000  -0.0000000000
   1.3712169450   0.0000000000  -0.0000000000  -0.0000000000
   1.3856508075  -0.0000000000   0.0000000000   0.0000000000
   1.4000846701  -0.0000000000   0.0000000000   0.0000000000
   1.4145185327  -0.0000000000   0.0000000000   0.0000000000
   1.4289523953   0.0000000000  -0.0000000000  -0.0000000000
   1.4433862578   0.0000000000  -0.0000000000  -0.0000000000
   1.4578201204   0.0000000000  -0.0000000000  -0.0000000000
   1.4722539830  -0.0000000000   0.0000000000  -0.0000000000
   1.4866878456  -0.0000000000   0.0000000000   0.0000000000
   1.5011217082  -0.0000000000   0.0000000000   0.0000000000
   1.5155555707   0.0000000000  -0.0000000000   0.0000000000
   1.5299894333   0.0000000000  -0.0000000000   0.0000000000
   1.5444232959   0.0000000000  -0.0000000000  -0.0000000000
   1.5588571585   0.0000000000   0.0000000000  -0.0000000000
   1.5732910211   0.0000000000   0.0000000000  -0.0000000000
   1.5877248836   0.0000000000   0.0000000000  -0.0000000000
   1.6021587462  -0.0000000000  -0.0000000000   0.0000000000
   1.6165926088  -0.0000000000  -0.0000000000   0.0000000000
   1.6310264714  -0.0000000000  -0.0000000000   0.0000000000
   1.6454603339   0.0000000000   0.0000000000  -0.0000000000
   1.6598941965   0.0000000000   0.0000000000  -0.0000000000
   1.6743280591   0.0000000000  -0.0000000000  -0.0000000000
   1.6887619217  -0.0000000000  -0.0000000000   0.0000000000
   1.7031957843  -0.0000000000  -0.0000000000   0.0000000000
   1.7176296468  -0.0000000000   0.0000000000   0.0000000000
   1.7320635094   0.0000000000   0.0000000000  -0.0000000000
   1.7464973720   0.0000000000  -0.0000000000  -0.0000000000
   1.7609312346   0.0000000000  -0.0000000000  -0.0000000000
   1.7753650971  -0.0000000000  -0.0000000000   0.0000000000
   1.7897989597  -0.0000000000   0.0000000000   0.0000000000
   1.8042328223   0.0000000000   0.0000000000   0.0000000000
   1.8186666849   0.0000000000   0.0000000000  -0.0000000000
   1.8331005475   0.0000000000  -0.0000000000  -0.0000000000
   1.8475344100  -0.0000000000  -0.0000000000   0.0000000000
   1.8619682726  -0.0000000000   0.0000000000   0.0000000000
   1.8764021352  -0.0000000000   0.0000000000   0.0000000000
   1.8908359978   0.0000000000   0.0000000000  -0.0000000000
   1.9052698604   0.0000000000  -0.0000000000  -0.0000000000
   1.9197037229   0.0000000000  -0.0000000000   0.0000000000
   1.9341375855  -0.0000000000  -0.0000000000   0.0000000000
   1.9485714481  -0.0000000000   0.0000000000   0.0000000000
   1.9630053107  -0.0000000000   0.0000000000  -0.0000000000
   1.9774391732   0.0000000000   0.0000000000  -0.0000000000
   1.9918730358   0.0000000000  -0.0000000000  -0.0000000000
   2.0063068984  -0.0000000000  -0.0000000000   0.0000000000
   2.0207407610  -0.0000000000  -0.0000000000   0.0000000000
   2.0351746236  -0.0000000000   0.0000000000   0.0000000000
   2.0496084861   0.0000000000   0.0000000000  -0.0000000000
   2.0640423487   0.0000000000   0.0000000000  -0.0000000000
   2.0784762113   0.0000000000  -0.0000000000  -0.0000000000
   2.0929100739  -0.0000000000  -0.0000000000   0.0000000000
   2.1073439365  -0.0000000000   0.0000000000   0.0000000000
   2.1217777990  -0.0000000000   0.0000000000   0.0000000000
   2.1362116616   0.0000000000   0.0000000000  -0.0000000000
   2.1506455242   0.0000000000  -0.0000000000  -0.0000000000
   2.1650793868   0.0000000000  -0.0000000000  -0.0000000000
   2.1795132493  -0.0000000000  -0.0000000000   0.0000000000
   2.1939471119  -0.0000000000   0.0000000000   0.0000000000
   2.2083809745  -0.0000000000   0.0000000000  -0.0000000000
   2.2228148371   0.0000000000   0.0000000000  -0.0000000000
   2.2372486997   0.0000000000  -0.0000000000  -0.0000000000
   2.2516825622   0.0000000000  -0.0000000000   0.0000000000
   2.2661164248  -0.0000000000  -0.0000000000   0.0000000000
   2.2805502874  -0.0000000000   0.0000000000   0.0000000000
   2.2949841500   0.0000000000   0.0000000000  -0.0000000000
   2.3094180126   0.0000000000   0.0000000000  -0.0000000000
   2.3238518751   0.0000000000  -0.0000000000  -0.0000000000
   2.3382857377  -0.0000000000  -0.0000000000   0.0000000000
   2.3527196003  -0.0000000001  -0.0000000000   0.0000000000
   2.3671534629  -0.0000000001   0.0000000000   0.0000000000
   2.3815873254   0.0000000000   0.0000000000  -0.0000000000
   2.3960211880   0.0000000001   0.0000000000  -0.0000000000
   2.4104550506   0.0000000001  -0.0000000000  -0.0000000000
   2.4248889132  -0.0000000001  -0.0000000000   0.0000000000
   2.4393227758  -0.0000000002  -0.0000000000   0.0000000000
   2.4537566383  -0.0000000001   0.0000000000  -0.0000000000
   2.4681905009   0.0000000002   0.0000000000  -0.0000000001
   2.4826243635   0.0000000004  -0.0000000000  -0.0000000001
   2.4970582261   0.0000000001  -0.0000000001   0.0000000000
   2.5114920887  -0.0000000005  -0.0000000000   0.0000000001
   2.5259259512  -0.0000000009   0.0000000001   0.0000000001
   2.5403598138  -0.0000000004   0.0000000002  -0.0000000000
   2.5547936764   0.0000000007   0.0000000001  -0.0000000002
   2.5692275390   0.0000000013  -0.0000000002  -0.0000000002
   2.5836614015   0.0000000008  -0.0000000004  -0.0000000000
   2.5980952641  -0.0000000003  -0.0000000004   0.0000000002
   2.6125291267  -0.0000000007  -0.0000000001   0.0000000001
   2.6269629893   0.0000000001   0.0000000003  -0.0000000001
   2.6413968519   0.0000000011   0.0000000003  -0.0000000002
   2.6558307144  -0.0000000000   0.0000000002   0.0000000001
   2.6702645770  -0.0000000034   0.0000000004   0.0000000005
   2.6846984396  -0.0000000064   0.0000000009   0.0000000007
   2.6991323022  -0.0000000048   0.0000000014   0.0000000001
   2.7135661647   0.0000000027   0.0000000007  -0.0000000010
   2.7280000273   0.0000000121  -0.0000000017  -0.0000000018
   2.7424338899   0.0000000170  -0.0000000046  -0.0000000016
   2.7568677525   0.0000000133  -0.0000000060  -0.0000000004
   2.7713016151   0.0000000027  -0.0000000041   0.0000000013
   2.7857354776  -0.0000000098   0.0000000009   0.0000000024
   2.8001693402  -0.0000000219   0.0000000072   0.0000000030
   2.8146032028  -0.0000000343   0.0000000125   0.0000000034
   2.8290370654  -0.0000000457   0.0000000153   0.0000000033
   2.8434709280  -0.0000000457   0.0000000142   0.0000000015
   2.8579047905  -0.0000000170   0.0000000070  -0.0000000034
   2.8723386531   0.0000000492  -0.0000000087  -0.0000000111
   2.8867725157   0.0000001366  -0.0000000326  -0.0000000176
   2.9012063783   0.0000002017  -0.0000000572  -0.0000000176
   2.9156402408   0.0000001921  -0.0000000677  -0.0000000072
   2.9300741034   0.0000000776  -0.0000000480   0.0000000125
   2.9445079660  -0.0000001292   0.0000000089   0.0000000351
   2.9589418286  -0.0000003721   0.0000000925   0.0000000513
   2.9733756912  -0.0000005666   0.0000001750   0.0000000524
   2.9878095537  -0.0000006180   0.0000002184   0.0000000322
   3.0022434163  -0.0000004388   0.0000001871  -0.0000000109
   3.0166772789   0.0000000206   0.0000000606  -0.0000000717
   3.0311111415   0.0000007234  -0.0000001551  -0.0000001345
   3.0455450041   0.0000014950  -0.0000004157  -0.0000001721
   3.0599788666   0.0000020175  -0.0000006344  -0.0000001521
   3.0744127292   0.0000019120  -0.0000006939  -0.0000000519
   3.0888465918   0.0000009047  -0.0000004835   0.0000001233
   3.1032804544  -0.0000009859   0.0000000422   0.0000003289
   3.1177143169  -0.0000033355   0.0000008074   0.0000004868
   3.1321481795  -0.0000053499   0.0000015943   0.0000005080
   3.1465820421  -0.0000060656   0.0000020802   0.0000003272
   3.1610159047  -0.0000046711   0.0000019356  -0.0000000633
   3.1754497673  -0.0000008648   0.0000009567  -0.0000005912
   3.1898836298   0.0000048508  -0.0000008089  -0.0000011043
   3.2043174924   0.0000110566  -0.0000029922  -0.0000013974
   3.2187513550   0.0000155957  -0.0000049266  -0.0000012710
   3.2331852176   0.0000161077  -0.0000057886  -0.0000006095
   3.2476190802   0.0000108593  -0.0000048476   0.0000005403
   3.2620529427  -0.0000003509  -0.0000017732   0.0000019263
   3.2764868053  -0.0000155719   0.0000030971   0.0000031161
   3.2909206679  -0.0000307199   0.0000086522   0.0000036026
   3.3053545305  -0.0000404307   0.0000131612   0.0000029733
   3.3197883930  -0.0000396361   0.0000147116   0.0000010921
   3.3342222556  -0.0000254423   0.0000118428  -0.0000017738
   3.3486561182   0.0000013074   0.0000041858  -0.0000049411
   3.3630899808   0.0000354047  -0.0000071234  -0.0000074425
   3.3775238434   0.0000679795  -0.0000194567  -0.0000082853
   3.3919577059   0.0000885555  -0.0000292132  -0.0000067737
   3.4063915685   0.0000880306  -0.0000327659  -0.0000027981
   3.4208254311   0.0000617823  -0.0000275969   0.0000030102
   3.4352592937   0.0000119195  -0.0000132854   0.0000093320
   3.4496931563  -0.0000521779   0.0000079918   0.0000144401
   3.4641270188  -0.0001154564   0.0000316753   0.0000166470
   3.4785608814  -0.0001606913   0.0000517785   0.0000148032
   3.4929947440  -0.0001729964   0.0000623685   0.0000086941
   3.5074286066  -0.0001440150   0.0000591644  -0.0000007966
   3.5218624691  -0.0000744703   0.0000407701  -0.0000118219
   3.5362963317   0.0000257716   0.0000091457  -0.0000219766
   3.5507301943   0.0001401792  -0.0000308422  -0.0000288558
   3.5651640569   0.0002497950  -0.0000726536  -0.0000306024
   3.5795979195   0.0003379084  -0.0001096973  -0.0000262870
   3.5940317820   0.0003937557  -0.0001368319  -0.0000160303
   3.6084656446   0.0004142461  -0.0001513078  -0.0000008621
   3.6228995072   0.0004034344  -0.0001529380   0.0000176025
   3.6373333698   0.0003701977  -0.0001435686   0.0000375488
   3.6517672323   0.0003250775  -0.0001261515   0.0000572970
   3.6662010949   0.0002773536  -0.0001038085   0.0000755122
   3.6806349575   0.0002331475  -0.0000791992   0.0000912823
   3.6950688201   0.0001948695  -0.0000543193   0.0001040971
   3.7095026827   0.0001618327  -0.0000306429   0.0001137838
   3.7239365452   0.0001315464  -0.0000093908   0.0001204405
   3.7383704078   0.0001011382   0.0000083031   0.0001243812
   3.7528042704   0.0000684940   0.0000214506   0.0001260795
   3.7672381330   0.0000329276   0.0000294578   0.0001260940
   3.7816719956  -0.0000046171   0.0000324058   0.0001249693
   3.7961058581  -0.0000417437   0.0000311730   0.0001231348
   3.8105397207  -0.0000750662   0.0000272825   0.0001208373
   3.8249735833  -0.0001008835   0.0000224943   0.0001181407
   3.8394074459  -0.0001159803   0.0000182915   0.0001149983
   3.8538413084  -0.0001184109   0.0000154669   0.0001113674
   3.8682751710  -0.0001080620   0.0000139771   0.0001073158
   3.8827090336  -0.0000867927   0.0000131147   0.0001030699
   3.8971428962  -0.0000580479   0.0000119125   0.0000989853
   3.9115767588  -0.0000260227   0.0000096031   0.0000954565
   3.9260106213   0.0000053646   0.0000059472   0.0000928115
   3.9404444839   0.0000333392   0.0000013133   0.0000912385
   3.9548783465   0.0000566816  -0.0000034947   0.0000907711
   3.9693122091   0.0000755709  -0.0000075669   0.0000913310
   3.9837460717   0.0000909784  -0.0000102291   0.0000927942
   3.9981799342   0.0001038998  -0.0000112670   0.0000950467
   4.0126137968   0.0001147491  -0.0000109650   0.0000980023
   4.0270476594   0.0001231331  -0.0000099680   0.0001015794
   4.0414815220   0.0001280459  -0.0000090324   0.0001056565
   4.0559153845   0.0001283486  -0.0000087612   0.0001100357
   4.0703492471   0.0001233103  -0.0000094084   0.0001144364
   4.0847831097   0.0001129944  -0.0000108102   0.0001185280
   4.0992169723   0.0000983633  -0.0000124542   0.0001219906
   4.1136508349   0.0000810906  -0.0000136591   0.0001245813
   4.1280846974   0.0000631666  -0.0000138026   0.0001261836
   4.1425185600   0.0000464389  -0.0000125243   0.0001268242
   4.1569524226   0.0000322310  -0.0000098370   0.0001266547
   4.1713862852   0.0000211442  -0.0000061163   0.0001259069
   4.1858201478   0.0000130846  -0.0000019724   0.0001248347
   4.2002540103   0.0000074825   0.0000019433   0.0001236593
   4.2146878729   0.0000036112   0.0000051318   0.0001225294
   4.2291217355   0.0000008839   0.0000073739   0.0001215049
   4.2435555981  -0.0000009757   0.0000087575   0.0001205674
   4.2579894606  -0.0000019384   0.0000096030   0.0001196513
   4.2724233232  -0.0000018222   0.0000103243   0.0001186888
   4.2868571858  -0.0000005053   0.0000112757   0.0001176507
   4.3012910484   0.0000019015   0.0000126352   0.0001165702
   4.3157249110   0.0000049984   0.0000143568   0.0001155389
   4.3301587735   0.0000081710   0.0000162012   0.0001146751
   4.3445926361   0.0000107534   0.0000178282   0.0001140758
   4.3590264987   0.0000122114   0.0000189164   0.0001137710
   4.3734603613   0.0000122763   0.0000192694   0.0001136996
   4.3878942239   0.0000109913   0.0000188735   0.0001137174
   4.4023280864   0.0000086662   0.0000178912   0.0001136363
   4.4167619490   0.0000057673   0.0000165955   0.0001132796
   4.4311958116   0.0000027830   0.0000152758   0.0001125360
   4.4456296742   0.0000001080   0.0000141490   0.0001113910
   4.4600635367  -0.0000020246   0.0000133086   0.0001099280
   4.4744973993  -0.0000035507   0.0000127249   0.0001082976
   4.4889312619  -0.0000045309   0.0000122890   0.0001066679
   4.5033651245  -0.0000050760   0.0000118769   0.0001051714
   4.5177989871  -0.0000052737   0.0000114071   0.0001038670
   4.5322328496  -0.0000051448   0.0000108705   0.0001027294
   4.5466667122  -0.0000046418   0.0000103259   0.0001016685
   4.5611005748  -0.0000036874   0.0000098695   0.0001005709
   4.5755344374  -0.0000022317   0.0000095945   0.0000993502
   4.5899682999  -0.0000003010   0.0000095573   0.0000979865
   4.6044021625   0.0000019810   0.0000097607   0.0000965416
   4.6188360251   0.0000044086   0.0000101585   0.0000951454
   4.6332698877   0.0000067348   0.0000106746   0.0000939583
   4.6477037503   0.0000087213   0.0000112288   0.0000931209
   4.6621376128   0.0000101810   0.0000117595   0.0000927098
   4.6765714754   0.0000110022   0.0000122362   0.0000927110
   4.6910053380   0.0000111534   0.0000126581   0.0000930181
   4.7054392006   0.0000106721   0.0000130421   0.0000934554
   4.7198730632   0.0000096445   0.0000134053   0.0000938178
   4.7343069257   0.0000081836   0.0000137491   0.0000939174
   4.7487407883   0.0000064101   0.0000140525   0.0000936253
   4.7631746509   0.0000044417   0.0000142747   0.0000928972
   4.7776085135   0.0000023897   0.0000143675   0.0000917786
   4.7920423760   0.0000003632   0.0000142908   0.0000903866
   4.8064762386  -0.0000015243   0.0000140258   0.0000888751
   4.8209101012  -0.0000031513   0.0000135822   0.0000873939
   4.8353439638  -0.0000043932   0.0000129968   0.0000860537
   4.8497778264  -0.0000051355   0.0000123256   0.0000849072
   4.8642116889  -0.0000052951   0.0000116337   0.0000839518
   4.8786455515  -0.0000048391   0.0000109858   0.0000831490
   4.8930794141  -0.0000037948   0.0000104385   0.0000824540
   4.9075132767  -0.0000022462   0.0000100358   0.0000818440
   4.9219471393  -0.0000003168   0.0000098049   0.0000813325
   4.9363810018   0.0000018530   0.0000097531   0.0000809665
   4.9508148644   0.0000041267   0.0000098659   0.0000808044
   4.9652487270   0.0000063844   0.0000101077   0.0000808825
   4.9796825896   0.0000085242   0.0000104263   0.0000811834
   4.9941164521   0.0000104562   0.0000107619   0.0000816174
   5.0085503147   0.0000120955   0.0000110576   0.0000820276
   5.0229841773   0.0000133590   0.0000112709   0.0000822198
   5.0374180399   0.0000141716   0.0000113807   0.0000820105
   5.0518519025   0.0000144784   0.0000113896   0.0000812804
   5.0662857650   0.0000142581   0.0000113199   0.0000800180
   5.0807196276   0.0000135328   0.0000112057   0.0000783384
   5.0951534902   0.0000123687   0.0000110826   0.0000764721
   5.1095873528   0.0000108700   0.0000109788   0.0000747239
   5.1240212154   0.0000091669   0.0000109093   0.0000734123
   5.1384550779   0.0000074027   0.0000108742   0.0000728042
   5.1528889405   0.0000057214   0.0000108610   0.0000730599
   5.1673228031   0.0000042568   0.0000108500   0.0000742001
   5.1817566657   0.0000031220   0.0000108218   0.0000761000
   5.1961905282   0.0000023992   0.0000107641   0.0000785087
   5.2106243908   0.0000021310   0.0000106766   0.0000810852
   5.2250582534   0.0000023142   0.0000105733   0.0000834432
   5.2394921160   0.0000028991   0.0000104795   0.0000851942
   5.2539259786   0.0000037965   0.0000104268   0.0000859845
   5.2683598411   0.0000048908   0.0000104443   0.0000855260
   5.2827937037   0.0000060582   0.0000105513   0.0000836233
   5.2972275663   0.0000071851   0.0000107508   0.0000802005
   5.3116614289   0.0000081835   0.0000110277   0.0000753289
   5.3260952914   0.0000090013   0.0000113516   0.0000692542
   5.3405291540   0.0000096242   0.0000116823   0.0000624162
   5.3549630166   0.0000100727   0.0000119788   0.0000554501
   5.3693968792   0.0000103932   0.0000122073   0.0000491598
   5.3838307418   0.0000106477   0.0000123464   0.0000444545
   5.3982646043   0.0000109025   0.0000123906   0.0000422472
   5.4126984669   0.0000112183   0.0000123484   0.0000433233
   5.4271323295   0.0000116413   0.0000122383   0.0000481972
   5.4415661921   0.0000121955   0.0000120841   0.0000569792
   5.4560000547   0.0000128766   0.0000119090   0.0000692808
   5.4704339172   0.0000136476   0.0000117330   0.0000841800
   5.4848677798   0.0000144395   0.0000115714   0.0001002617
   5.4993016424   0.0000151560   0.0000114352   0.0001157361
   5.5137355050   0.0000156830   0.0000113333   0.0001286244
   5.5281693675   0.0000159028   0.0000112734   0.0001369915
   5.5426032301   0.0000157097   0.0000112640   0.0001391936
   5.5570370927   0.0000150264   0.0000113145   0.0001341096
   5.5714709553   0.0000138196   0.0000114345   0.0001213258
   5.5859048179   0.0000121115   0.0000116324   0.0001012480
   5.6003386804   0.0000099872   0.0000119135   0.0000751279
   5.6147725430   0.0000075946   0.0000122772   0.0000449976
   5.6292064056   0.0000051363   0.0000127161   0.0000135158
   5.6436402682   0.0000028537   0.0000132147  -0.0000162626
   5.6580741308   0.0000010037   0.0000137513  -0.0000411719
   5.6725079933  -0.0000001692   0.0000142995  -0.0000582539
   5.6869418559  -0.0000004617   0.0000148324  -0.0000650774
   5.7013757185   0.0000002616   0.0000153250  -0.0000600265
   5.7158095811   0.0000020474   0.0000157576  -0.0000425263
   5.7302434436   0.0000048417   0.0000161172  -0.0000131758
   5.7446773062   0.0000084876   0.0000163977   0.0000262356
   5.7591111688   0.0000127345   0.0000165999   0.0000728365
   5.7735450314   0.0000172575   0.0000167305   0.0001229060
   5.7879788940   0.0000216869   0.0000168022   0.0001722070
   5.8024127565   0.0000256430   0.0000168329   0.0002163873
   5.8168466191   0.0000287736   0.0000168463   0.0002513986
   5.8312804817   0.0000307874   0.0000168721   0.0002738816
   5.8457143443   0.0000314814   0.0000169449   0.0002814672
   5.8601482069   0.0000307559   0.0000171024   0.0002729543
   5.8745820694   0.0000286184   0.0000173827   0.0002483437
   5.8890159320   0.0000251733   0.0000178185   0.0002087304
   5.9034497946   0.0000206024   0.0000184328   0.0001560766
   5.9178836572   0.0000151375   0.0000192331   0.0000929091
   5.9323175197   0.0000090304   0.0000202082   0.0000219898
   5.9467513823   0.0000025250   0.0000213266  -0.0000539854
   5.9611852449  -0.0000041647   0.0000225384  -0.0001326185
   5.9756191075  -0.0000108688   0.0000237800  -0.0002119457
   5.9900529701  -0.0000174666   0.0000249819  -0.0002904707
   6.0044868326  -0.0000238822   0.0000260774  -0.0003671111
   6.0189206952  -0.0000300750   0.0000270119  -0.0004410852
   6.0333545578  -0.0000360248   0.0000277503  -0.0005117759
   6.0477884204  -0.0000417169   0.0000282820  -0.0005786082
   6.0622222830  -0.0000471299   0.0000286216  -0.0006409664
   6.0766561455  -0.0000522268   0.0000288072  -0.0006981670
   6.0910900081  -0.0000569515   0.0000288941  -0.0007494841
   6.1055238707  -0.0000612308   0.0000289474  -0.0007942165
   6.1199577333  -0.0000649799   0.0000290328  -0.0008317726
   6.1343915958  -0.0000681102   0.0000292079  -0.0008617506
   6.1488254584  -0.0000705384   0.0000295147  -0.0008839939
   6.1632593210  -0.0000721948   0.0000299743  -0.0008986094
   6.1776931836  -0.0000730294   0.0000305841  -0.0009059471
   6.1921270462  -0.0000730161   0.0000313176  -0.0009065475
   6.2065609087  -0.0000721546   0.0000321257  -0.0009010716
   6.2209947713  -0.0000704695   0.0000329403  -0.0008902287
   6.2354286339  -0.0000680094   0.0000336783  -0.0008747166
   6.2498624965  -0.0000648435   0.0000342472  -0.0008551843
   6.2642963590  -0.0000610595   0.0000345499  -0.0008322178
   6.2787302216  -0.0000567606   0.0000344914  -0.0008063472
   6.2931640842  -0.0000520628   0.0000339840  -0.0007780642
   6.3075979468  -0.0000470916   0.0000329536  -0.0007478419
   6.3220318094  -0.0000419776   0.0000313447  -0.0007161473
   6.3364656719  -0.0000368519   0.0000291251  -0.0006834417
   6.3508995345  -0.0000318409   0.0000262890  -0.0006501688
   6.3653333971  -0.0000270608   0.0000228591  -0.0006167342
   6.3797672597  -0.0000226132   0.0000188857  -0.0005834839
   6.3942011223  -0.0000185808   0.0000144452  -0.0005506864
   6.4086349848  -0.0000150246   0.0000096347  -0.0005185275
   6.4230688474  -0.0000119830   0.0000045662  -0.0004871166
   6.4375027100  -0.0000094724  -0.0000006407  -0.0004565051
   6.4519365726  -0.0000074893  -0.0000058659  -0.0004267128
   6.4663704351  -0.0000060144  -0.0000109953  -0.0003977549
   6.4808042977  -0.0000050165  -0.0000159254  -0.0003696648
   6.4952381603  -0.0000044569  -0.0000205660  -0.0003425072
   6.5096720229  -0.0000042930  -0.0000248419  -0.0003163799
   6.5241058855  -0.0000044815  -0.0000286922  -0.0002914052
   6.5385397480  -0.0000049801  -0.0000320702  -0.0002677139
   6.5529736106  -0.0000057489  -0.0000349420  -0.0002454268
   6.5674074732  -0.0000067502  -0.0000372863  -0.0002246380
   6.5818413358  -0.0000079493  -0.0000390944  -0.0002054043
   6.5962751984  -0.0000093129  -0.0000403701  -0.0001877418
   6.6107090609  -0.0000108100  -0.0000411290  -0.0001716294
   6.6251429235  -0.0000124111  -0.0000413973  -0.0001570175
   6.6395767861  -0.0000140888  -0.0000412089  -0.0001438381
   6.6540106487  -0.0000158184  -0.0000406023  -0.0001320145
   6.6684445112  -0.0000175780  -0.0000396162  -0.0001214667
   6.6828783738  -0.0000193480  -0.0000382870  -0.0001121135
   6.6973122364  -0.0000211106  -0.0000366462  -0.0001038709
   6.7117460990  -0.0000228471  -0.0000347205  -0.0000966486
   6.7261799616  -0.0000245368  -0.0000325329  -0.0000903471
   6.7406138241  -0.0000261557  -0.0000301046  -0.0000848564
   6.7550476867  -0.0000276756  -0.0000274581  -0.0000800579
   6.7694815493  -0.0000290657  -0.0000246188  -0.0000758287
   6.7839154119  -0.0000302936  -0.0000216159  -0.0000720482
   6.7983492745  -0.0000313283  -0.0000184831  -0.0000686046
   6.8127831370  -0.0000321434  -0.0000152572  -0.0000654010
   6.8272169996  -0.0000327194  -0.0000119770  -0.0000623580
   6.8416508622  -0.0000330460  -0.0000086819  -0.0000594144
   6.8560847248  -0.0000331226  -0.0000054108  -0.0000565245
   6.8705185873  -0.0000329577  -0.0000022001  -0.0000536547
   6.8849524499  -0.0000325669   0.0000009165  -0.0000507787
   6.8993863125  -0.0000319699   0.0000039093  -0.0000478746
   6.9138201751  -0.0000311883   0.0000067532  -0.0000449229
   6.9282540377  -0.0000302431   0.0000094276  -0.0000419075
   6.9426879002  -0.0000291538   0.0000119158  -0.0000388175
   6.9571217628  -0.0000279378   0.0000142043  -0.0000356500
   6.9715556254  -0.0000266111   0.0000162814  -0.0000324127
   6.9859894880  -0.0000251890   0.0000181358  -0.0000291240
   7.0004233506  -0.0000236876   0.0000197568  -0.0000258122
   7.0148572131  -0.0000221240   0.0000211340  -0.0000225120
   7.0292910757  -0.0000205175   0.0000222588  -0.0000192604
   7.0437249383  -0.0000188894   0.0000231260  -0.0000160919
   7.0581588009  -0.0000172620   0.0000237354  -0.0000130351
   7.0725926634  -0.0000156581   0.0000240931  -0.0000101113
   7.0870265260  -0.0000140989   0.0000242116  -0.0000073349
   7.1014603886  -0.0000126031   0.0000241099  -0.0000047156
   7.1158942512  -0.0000111855   0.0000238120  -0.0000022615
   7.1303281138  -0.0000098565   0.0000233449   0.0000000182
   7.1447619763  -0.0000086220   0.0000227373   0.0000021109
   7.1591958389  -0.0000074838   0.0000220173   0.0000040013
   7.1736297015  -0.0000064398   0.0000212110   0.0000056725
   7.1880635641  -0.0000054857   0.0000203413   0.0000071093
   7.2024974266  -0.0000046157   0.0000194271   0.0000083021
   7.2169312892  -0.0000038245   0.0000184834   0.0000092498
   7.2313651518  -0.0000031074   0.0000175216   0.0000099622
   7.2457990144  -0.0000024615   0.0000165506   0.0000104601
   7.2602328770  -0.0000018851   0.0000155776   0.0000107733
   7.2746667395  -0.0000013773   0.0000146090   0.0000109377
   7.2891006021  -0.0000009372   0.0000136510   0.0000109909
   7.3035344647  -0.0000005630   0.0000127091   0.0000109683
   7.3179683273  -0.0000002517   0.0000117886   0.0000109003
   7.3324021899   0.0000000013   0.0000108938   0.0000108112
   7.3468360524   0.0000002019   0.0000100278   0.0000107188
   7.3612699150   0.0000003574   0.0000091923   0.0000106371
   7.3757037776   0.0000004755   0.0000083883   0.0000105779
   7.3901376402   0.0000005637   0.0000076159   0.0000105533
   7.4045715027   0.0000006284   0.0000068752   0.0000105770
   7.4190053653   0.0000006749   0.0000061665   0.0000106642
   7.4334392279   0.0000007072   0.0000054909   0.0000108306
   7.4478730905   0.0000007282   0.0000048501   0.0000110897
   7.4623069531   0.0000007400   0.0000042465   0.0000114510
   7.4767408156   0.0000007448   0.0000036826   0.0000119177
   7.4911746782   0.0000007445   0.0000031608   0.0000124854
   7.5056085408   0.0000007414   0.0000026827   0.0000131428
   7.5200424034   0.0000007381   0.0000022487   0.0000138725
   7.5344762660   0.0000007374   0.0000018577   0.0000146537
   7.5489101285   0.0000007421   0.0000015065   0.0000154645
   7.5633439911   0.0000007550   0.0000011903   0.0000162845
   7.5777778537   0.0000007787   0.0000009026   0.0000170964
   7.5922117163   0.0000008151   0.0000006359   0.0000178872
   7.6066455788   0.0000008648   0.0000003826   0.0000186477
   7.6210794414   0.0000009270   0.0000001352   0.0000193718
   7.6355133040   0.0000009989  -0.0000001122   0.0000200556
   7.6499471666   0.0000010758  -0.0000003642   0.0000206953
   7.6643810292   0.0000011518  -0.0000006231   0.0000212874
   7.6788148917   0.0000012203  -0.0000008895   0.0000218274
   7.6932487543   0.0000012755  -0.0000011626   0.0000223104
   7.7076826169   0.0000013133  -0.0000014407   0.0000227323
   7.7221164795   0.0000013322  -0.0000017216   0.0000230899
   7.7365503421   0.0000013335  -0.0000020035   0.0000233824
   7.7509842046   0.0000013206  -0.0000022846   0.0000236114
   7.7654180672   0.0000012978  -0.0000025636   0.0000237811
   7.7798519298   0.0000012688  -0.0000028389   0.0000238972
   7.7942857924   0.0000012355  -0.0000031090   0.0000239666
   7.8087196549   0.0000011975  -0.0000033717   0.0000239960
   7.8231535175   0.0000011520  -0.0000036242   0.0000239911
   7.8375873801   0.0000010956  -0.0000038636   0.0000239565
   7.8520212427   0.0000010249  -0.0000040872   0.0000238958
   7.8664551053   0.0000009381  -0.0000042926   0.0000238121
   7.8808889678   0.0000008361  -0.0000044788   0.0000237089
   7.8953228304   0.0000007219  -0.0000046455   0.0000235905
   7.9097566930   0.0000006003  -0.0000047938   0.0000234630
   7.9241905556   0.0000004764  -0.0000049250   0.0000233338
   7.9386244181   0.0000003549  -0.0000050409   0.0000232110
   7.9530582807   0.0000002389  -0.0000051429   0.0000231029
   7.9674921433   0.0000001297  -0.0000052322   0.0000230167
   7.9819260059   0.0000000271  -0.0000053098   0.0000229578
