   0.0000000000   0.0000000000   0.0000000000   0.0000000000
   0.0144338626   0.0000000000   0.0000000000   0.0000000000
   0.0288677252   0.0000000000   0.0000000000   0.0000000000
   0.0433015877   0.0000000000   0.0000000000   0.0000000000
   0.0577354503   0.0000000000   0.0000000000   0.0000000000
   0.0721693129   0.0000000000   0.0000000000   0.0000000000
   0.0866031755   0.0000000000   0.0000000000  -0.0000000000
   0.1010370380   0.0000000000  -0.0000000000   0.0000000000
   0.1154709006  -0.0000000000  -0.0000000000   0.0000000000
   0.1299047632  -0.0000000000   0.0000000000   0.0000000000
   0.1443386258  -0.0000000000   0.0000000000   0.0000000000
   0.1587724884  -0.0000000000   0.0000000000   0.0000000000
   0.1732063509  -0.0000000000  -0.0000000000   0.0000000000
   0.1876402135  -0.0000000000  -0.0000000000   0.0000000000
   0.2020740761   0.0000000000  -0.0000000000   0.0000000000
   0.2165079387   0.0000000000  -0.0000000000   0.0000000000
   0.2309418013   0.0000000000   0.0000000000   0.0000000000
   0.2453756638   0.0000000000   0.0000000000  -0.0000000000
   0.2598095264  -0.0000000000   0.0000000000  -0.0000000000
   0.2742433890  -0.0000000000  -0.0000000000  -0.0000000000
   0.2886772516  -0.0000000000  -0.0000000000  -0.0000000000
   0.3031111141   0.0000000000   0.0000000000   0.0000000000
   0.3175449767   0.0000000000   0.0000000000   0.0000000000
   0.3319788393  -0.0000000000   0.0000000000   0.0000000000
   0.3464127019  -0.0000000000  -0.0000000000  -0.0000000000
   0.3608465645  -0.0000000000  -0.0000000000  -0.0000000000
   0.3752804270   0.0000000000  -0.0000000000  -0.0000000000
   0.3897142896   0.0000000000   0.0000000000   0.0000000000
   0.4041481522   0.0000000000   0.0000000000   0.0000000000
   0.4185820148  -0.0000000000   0.0000000000  -0.0000000000
   0.4330158774  -0.0000000000  -0.0000000000  -0.0000000000
   0.4474497399  -0.0000000000  -0.0000000000  -0.0000000000
   0.4618836025   0.0000000000   0.0000000000   0.0000000000
   0.4763174651   0.0000000000   0.0000000000   0.0000000000
   0.4907513277   0.0000000000   0.0000000000   0.0000000000
   0.5051851902  -0.0000000000  -0.0000000000  -0.0000000000
   0.5196190528  -0.0000000000  -0.0000000000  -0.0000000000
   0.5340529154  -0.0000000000  -0.0000000000  -0.0000000000
   0.5484867780   0.0000000000   0.0000000000   0.0000000000
   0.5629206406   0.0000000000   0.0000000000   0.0000000000
   0.5773545031   0.0000000000   0.0000000000   0.0000000000
   0.5917883657  -0.0000000000  -0.0000000000  -0.0000000000
   0.6062222283  -0.0000000000  -0.0000000000  -0.0000000000
   0.6206560909  -0.0000000000  -0.0000000000  -0.0000000000
   0.6350899535   0.0000000000   0.0000000000   0.0000000000
   0.6495238160   0.0000000000   0.0000000000   0.0000000000
   0.6639576786  -0.0000000000   0.0000000000   0.0000000000
   0.6783915412  -0.0000000000  -0.0000000000  -0.0000000000
   0.6928254038  -0.0000000000  -0.0000000000  -0.0000000000
   0.7072592663   0.0000000000  -0.0000000000  -0.0000000000
   0.7216931289   0.0000000000   0.0000000000   0.0000000000
   0.7361269915   0.0000000000   0.0000000000   0.0000000000
   0.7505608541  -0.0000000000   0.0000000000   0.0000000000
   0.7649947167  -0.0000000000  -0.0000000000  -0.0000000000
   0.7794285792  -0.0000000000  -0.0000000000  -0.0000000000
   0.7938624418   0.0000000000  -0.0000000000  -0.0000000000
   0.8082963044   0.0000000000   0.0000000000   0.0000000000
   0.8227301670   0.0000000000   0.0000000000   0.0000000000
   0.8371640296  -0.0000000000  -0.0000000000   0.0000000000
   0.8515978921  -0.0000000000  -0.0000000000  -0.0000000000
   0.8660317547  -0.0000000000  -0.0000000000  -0.0000000000
   0.8804656173   0.0000000000   0.0000000000  -0.0000000000
   0.8948994799   0.0000000000   0.0000000000   0.0000000000
   0.9093333424   0.0000000000   0.0000000000   0.0000000000
   0.9237672050  -0.0000000000  -0.0000000000   0.0000000000
   0.9382010676  -0.0000000000  -0.0000000000  -0.0000000000
   0.9526349302  -0.0000000000  -0.0000000000  -0.0000000000
   0.9670687928   0.0000000000   0.0000000000  -0.0000000000
   0.9815026553   0.0000000000   0.0000000000   0.0000000000
   0.9959365179   0.0000000000   0.0000000000   0.0000000000
   1.0103703805  -0.0000000000  -0.0000000000   0.0000000000
   1.0248042431  -0.0000000000  -0.0000000000  -0.0000000000
   1.0392381056  -0.0000000000   0.0000000000  -0.0000000000
   1.0536719682   0.0000000000   0.0000000000  -0.0000000000
   1.0681058308   0.0000000000   0.0000000000   0.0000000000
   1.0825396934  -0.0000000000  -0.0000000000   0.0000000000
   1.0969735560  -0.0000000000  -0.0000000000   0.0000000000
   1.1114074185  -0.0000000000  -0.0000000000  -0.0000000000
   1.1258412811   0.0000000000   0.0000000000  -0.0000000000
   1.1402751437   0.0000000000   0.0000000000  -0.0000000000
   1.1547090063   0.0000000000   0.0000000000  -0.0000000000
   1.1691428689  -0.0000000000  -0.0000000000  -0.0000000000
   1.1835767314  -0.0000000000  -0.0000000000  -0.0000000000
   1.1980105940   0.0000000000  -0.0000000000   0.0000000000
   1.2124444566   0.0000000000   0.0000000000   0.0000000000
   1.2268783192   0.0000000000   0.0000000000   0.0000000000
   1.2413121817  -0.0000000000   0.0000000000  -0.0000000000
   1.2557460443  -0.0000000000  -0.0000000000  -0.0000000000
   1.2701799069   0.0000000000  -0.0000000000  -0.0000000000
   1.2846137695   0.0000000000  -0.0000000000   0.0000000000
   1.2990476321   0.0000000000   0.0000000000   0.0000000000
   1.3134814946  -0.0000000000   0.0000000000   0.0000000000
   1.3279153572  -0.0000000000   0.0000000000   0.0000000000
   1.3423492198  -0.0000000000  -0.0000000000  -0.0000000000
   1.3567830824   0.0000000000  -0.0000000000  -0.0000000000
   1.3712169450   0.0000000000  -0.0000000000  -0.0000000000
   1.3856508075  -0.0000000000   0.0000000000   0.0000000000
   1.4000846701  -0.0000000000   0.0000000000   0.0000000000
   1.4145185327  -0.0000000000   0.0000000000   0.0000000000
   1.4289523953   0.0000000000  -0.0000000000  -0.0000000000
   1.4433862578   0.0000000000  -0.0000000000  -0.0000000000
   1.4578201204   0.0000000000  -0.0000000000  -0.0000000000
   1.4722539830  -0.0000000000   0.0000000000  -0.0000000000
   1.4866878456  -0.0000000000   0.0000000000   0.0000000000
   1.5011217082  -0.0000000000   0.0000000000   0.0000000000
   1.5155555707  -0.0000000000  -0.0000000000   0.0000000000
   1.5299894333   0.0000000000  -0.0000000000   0.0000000000
   1.5444232959   0.0000000000  -0.0000000000   0.0000000000
   1.5588571585   0.0000000000   0.0000000000  -0.0000000000
   1.5732910211   0.0000000000   0.0000000000  -0.0000000000
   1.5877248836   0.0000000000   0.0000000000  -0.0000000000
   1.6021587462  -0.0000000000  -0.0000000000   0.0000000000
   1.6165926088  -0.0000000000  -0.0000000000   0.0000000000
   1.6310264714  -0.0000000000  -0.0000000000   0.0000000000
   1.6454603339   0.0000000000   0.0000000000  -0.0000000000
   1.6598941965   0.0000000000   0.0000000000  -0.0000000000
   1.6743280591   0.0000000000  -0.0000000000  -0.0000000000
   1.6887619217  -0.0000000000  -0.0000000000   0.0000000000
   1.7031957843  -0.0000000000  -0.0000000000   0.0000000000
   1.7176296468  -0.0000000000   0.0000000000   0.0000000000
   1.7320635094   0.0000000000   0.0000000000  -0.0000000000
   1.7464973720   0.0000000000  -0.0000000000  -0.0000000000
   1.7609312346   0.0000000000  -0.0000000000  -0.0000000000
   1.7753650971  -0.0000000000  -0.0000000000   0.0000000000
   1.7897989597  -0.0000000000   0.0000000000   0.0000000000
   1.8042328223   0.0000000000   0.0000000000  -0.0000000000
   1.8186666849   0.0000000000   0.0000000000  -0.0000000000
   1.8331005475   0.0000000000  -0.0000000000  -0.0000000000
   1.8475344100  -0.0000000000  -0.0000000000   0.0000000000
   1.8619682726  -0.0000000000   0.0000000000   0.0000000000
   1.8764021352  -0.0000000000   0.0000000000  -0.0000000000
   1.8908359978   0.0000000000   0.0000000000  -0.0000000000
   1.9052698604   0.0000000000  -0.0000000000  -0.0000000000
   1.9197037229   0.0000000000  -0.0000000000   0.0000000000
   1.9341375855  -0.0000000000  -0.0000000000   0.0000000000
   1.9485714481  -0.0000000000   0.0000000000   0.0000000000
   1.9630053107  -0.0000000000   0.0000000000  -0.0000000000
   1.9774391732   0.0000000000   0.0000000000  -0.0000000000
   1.9918730358   0.0000000000  -0.0000000000  -0.0000000000
   2.0063068984  -0.0000000000  -0.0000000000   0.0000000000
   2.0207407610  -0.0000000000  -0.0000000000   0.0000000000
   2.0351746236  -0.0000000000   0.0000000000   0.0000000000
   2.0496084861   0.0000000000   0.0000000000  -0.0000000000
   2.0640423487   0.0000000000   0.0000000000  -0.0000000000
   2.0784762113   0.0000000000  -0.0000000000  -0.0000000000
   2.0929100739  -0.0000000000  -0.0000000000   0.0000000000
   2.1073439365  -0.0000000000   0.0000000000   0.0000000000
   2.1217777990  -0.0000000000   0.0000000000   0.0000000000
   2.1362116616   0.0000000000   0.0000000000  -0.0000000000
   2.1506455242   0.0000000000  -0.0000000000  -0.0000000000
   2.1650793868   0.0000000000  -0.0000000000   0.0000000000
   2.1795132493  -0.0000000000  -0.0000000000   0.0000000000
   2.1939471119  -0.0000000000   0.0000000000   0.0000000000
   2.2083809745  -0.0000000000   0.0000000000  -0.0000000000
   2.2228148371   0.0000000000   0.0000000000  -0.0000000000
   2.2372486997   0.0000000000  -0.0000000000  -0.0000000000
   2.2516825622   0.0000000000  -0.0000000000   0.0000000000
   2.2661164248  -0.0000000000  -0.0000000000   0.0000000000
   2.2805502874  -0.0000000000   0.0000000000   0.0000000000
   2.2949841500   0.0000000000   0.0000000000  -0.0000000000
   2.3094180126   0.0000000000   0.0000000000  -0.0000000000
   2.3238518751   0.0000000000  -0.0000000000  -0.0000000000
   2.3382857377  -0.0000000000  -0.0000000000   0.0000000000
   2.3527196003  -0.0000000001  -0.0000000000   0.0000000000
   2.3671534629  -0.0000000001   0.0000000000   0.0000000000
   2.3815873254   0.0000000000   0.0000000000  -0.0000000000
   2.3960211880   0.0000000001   0.0000000000  -0.0000000000
   2.4104550506   0.0000000001  -0.0000000000  -0.0000000000
   2.4248889132  -0.0000000001  -0.0000000000   0.0000000000
   2.4393227758  -0.0000000002  -0.0000000000   0.0000000000
   2.4537566383  -0.0000000001   0.0000000000   0.0000000000
   2.4681905009   0.0000000002   0.0000000000  -0.0000000001
   2.4826243635   0.0000000004  -0.0000000000  -0.0000000001
   2.4970582261   0.0000000001  -0.0000000001   0.0000000000
   2.5114920887  -0.0000000005  -0.0000000000   0.0000000001
   2.5259259512  -0.0000000009   0.0000000001   0.0000000001
   2.5403598138  -0.0000000004   0.0000000002  -0.0000000000
   2.5547936764   0.0000000007   0.0000000001  -0.0000000002
   2.5692275390   0.0000000013  -0.0000000002  -0.0000000002
   2.5836614015   0.0000000008  -0.0000000004  -0.0000000000
   2.5980952641  -0.0000000004  -0.0000000004   0.0000000001
   2.6125291267  -0.0000000007  -0.0000000001   0.0000000001
   2.6269629893   0.0000000001   0.0000000003  -0.0000000001
   2.6413968519   0.0000000011   0.0000000003  -0.0000000002
   2.6558307144  -0.0000000000   0.0000000002   0.0000000001
   2.6702645770  -0.0000000035   0.0000000004   0.0000000006
   2.6846984396  -0.0000000064   0.0000000009   0.0000000007
   2.6991323022  -0.0000000048   0.0000000014   0.0000000002
   2.7135661647   0.0000000027   0.0000000007  -0.0000000010
   2.7280000273   0.0000000122  -0.0000000017  -0.0000000019
   2.7424338899   0.0000000170  -0.0000000046  -0.0000000017
   2.7568677525   0.0000000132  -0.0000000060  -0.0000000004
   2.7713016151   0.0000000027  -0.0000000041   0.0000000013
   2.7857354776  -0.0000000099   0.0000000009   0.0000000025
   2.8001693402  -0.0000000218   0.0000000072   0.0000000031
   2.8146032028  -0.0000000342   0.0000000125   0.0000000034
   2.8290370654  -0.0000000456   0.0000000153   0.0000000033
   2.8434709280  -0.0000000456   0.0000000142   0.0000000014
   2.8579047905  -0.0000000170   0.0000000071  -0.0000000035
   2.8723386531   0.0000000490  -0.0000000086  -0.0000000112
   2.8867725157   0.0000001363  -0.0000000325  -0.0000000177
   2.9012063783   0.0000002013  -0.0000000572  -0.0000000176
   2.9156402408   0.0000001920  -0.0000000677  -0.0000000071
   2.9300741034   0.0000000781  -0.0000000481   0.0000000127
   2.9445079660  -0.0000001280   0.0000000086   0.0000000355
   2.9589418286  -0.0000003706   0.0000000922   0.0000000519
   2.9733756912  -0.0000005657   0.0000001746   0.0000000529
   2.9878095537  -0.0000006186   0.0000002182   0.0000000322
   3.0022434163  -0.0000004418   0.0000001877  -0.0000000119
   3.0166772789   0.0000000156   0.0000000621  -0.0000000739
   3.0311111415   0.0000007182  -0.0000001529  -0.0000001374
   3.0455450041   0.0000014926  -0.0000004139  -0.0000001742
   3.0599788666   0.0000020216  -0.0000006346  -0.0000001514
   3.0744127292   0.0000019249  -0.0000006972  -0.0000000464
   3.0888465918   0.0000009247  -0.0000004902   0.0000001333
   3.1032804544  -0.0000009661   0.0000000339   0.0000003404
   3.1177143169  -0.0000033284   0.0000008016   0.0000004934
   3.1321481795  -0.0000053690   0.0000015962   0.0000005020
   3.1465820421  -0.0000061177   0.0000020940   0.0000003037
   3.1610159047  -0.0000047474   0.0000019614  -0.0000001018
   3.1754497673  -0.0000009367   0.0000009876  -0.0000006314
   3.1898836298   0.0000048281  -0.0000007878  -0.0000011233
   3.2043174924   0.0000111279  -0.0000030000  -0.0000013708
   3.2187513550   0.0000157813  -0.0000049778  -0.0000011859
   3.2331852176   0.0000163766  -0.0000058816  -0.0000004784
   3.2476190802   0.0000111160  -0.0000049565   0.0000006720
   3.2620529427  -0.0000002538  -0.0000018477   0.0000019878
   3.2764868053  -0.0000157837   0.0000031179   0.0000030345
   3.2909206679  -0.0000313129   0.0000088129   0.0000033410
   3.3053545305  -0.0000413177   0.0000134585   0.0000025677
   3.3197883930  -0.0000405271   0.0000150702   0.0000006707
   3.3342222556  -0.0000258853   0.0000121152  -0.0000020086
   3.3486561182   0.0000017812   0.0000041884  -0.0000047768
   3.3630899808   0.0000370536  -0.0000075380  -0.0000067549
   3.3775238434   0.0000706202  -0.0000203087  -0.0000071404
   3.3919577059   0.0000914363  -0.0000303215  -0.0000054851
   3.4063915685   0.0000899198  -0.0000337368  -0.0000018926
   3.4208254311   0.0000613221  -0.0000279097   0.0000029404
   3.4352592937   0.0000081937  -0.0000124768   0.0000078698
   3.4496931563  -0.0000590347   0.0000100897   0.0000116035
   3.4641270188  -0.0001238665   0.0000347308   0.0000130606
   3.4785608814  -0.0001677223   0.0000548958   0.0000116712
   3.4929947440  -0.0001750742   0.0000642446   0.0000075155
   3.5074286066  -0.0001381823   0.0000584806   0.0000012593
   3.5218624691  -0.0000598437   0.0000367341  -0.0000060711
   3.5362963317   0.0000468919   0.0000020113  -0.0000133641
   3.5507301943   0.0001621174  -0.0000395013  -0.0000196173
   3.5651640569   0.0002645841  -0.0000801059  -0.0000239684
   3.5795979195   0.0003375913  -0.0001127217  -0.0000255704
   3.5940317820   0.0003733426  -0.0001327786  -0.0000234254
   3.6084656446   0.0003743783  -0.0001392498  -0.0000163374
   3.6228995072   0.0003516935  -0.0001344977  -0.0000031157
   3.6373333698   0.0003202812  -0.0001230353   0.0000169570
   3.6517672323   0.0002936841  -0.0001096866   0.0000435265
   3.6662010949   0.0002794097  -0.0000978338   0.0000746890
   3.6806349575   0.0002766854  -0.0000883723   0.0001068981
   3.6950688201   0.0002771641  -0.0000797001   0.0001354186
   3.7095026827   0.0002681671  -0.0000686663   0.0001552935
   3.7239365452   0.0002372398  -0.0000520533   0.0001625794
   3.7383704078   0.0001764624  -0.0000280024   0.0001554642
   3.7528042704   0.0000851831   0.0000031399   0.0001348826
   3.7672381330  -0.0000295263   0.0000388139   0.0001043919
   3.7816719956  -0.0001546017   0.0000750015   0.0000693233
   3.7961058581  -0.0002741705   0.0001073902   0.0000354722
   3.8105397207  -0.0003731456   0.0001324823   0.0000077425
   3.8249735833  -0.0004402519   0.0001482710  -0.0000108478
   3.8394074459  -0.0004698449   0.0001543309  -0.0000195528
   3.8538413084  -0.0004623210   0.0001514304  -0.0000196507
   3.8682751710  -0.0004232891   0.0001409520  -0.0000137415
   3.8827090336  -0.0003618955   0.0001244238  -0.0000048679
   3.8971428962  -0.0002887567   0.0001033442   0.0000042771
   3.9115767588  -0.0002139214   0.0000792831   0.0000118847
   3.9260106213  -0.0001452051   0.0000540813   0.0000172527
   3.9404444839  -0.0000871585   0.0000299219   0.0000207246
   3.9548783465  -0.0000408297   0.0000091260   0.0000234178
   3.9693122091  -0.0000043444  -0.0000063091   0.0000268202
   3.9837460717   0.0000258536  -0.0000152586   0.0000323331
   3.9981799342   0.0000534396  -0.0000178614   0.0000408430
   4.0126137968   0.0000807816  -0.0000155546   0.0000524109
   4.0270476594   0.0001080841  -0.0000106905   0.0000661632
   4.0414815220   0.0001333637  -0.0000058458   0.0000804306
   4.0559153845   0.0001532332  -0.0000030548   0.0000931205
   4.0703492471   0.0001641850  -0.0000032332   0.0001022292
   4.0847831097   0.0001638941  -0.0000059895   0.0001063452
   4.0992169723   0.0001520667  -0.0000098800   0.0001049915
   4.1136508349   0.0001305492  -0.0000130075   0.0000987062
   4.1280846974   0.0001026972  -0.0000137448   0.0000888515
   4.1425185600   0.0000722872  -0.0000113264   0.0000772357
   4.1569524226   0.0000424182  -0.0000061050   0.0000656814
   4.1713862852   0.0000148349   0.0000006059   0.0000556718
   4.1858201478  -0.0000100888   0.0000070281   0.0000481545
   4.2002540103  -0.0000327660   0.0000115628   0.0000435109
   4.2146878729  -0.0000535451   0.0000133422   0.0000416459
   4.2291217355  -0.0000720371   0.0000124998   0.0000421344
   4.2435555981  -0.0000869681   0.0000100776   0.0000443720
   4.2579894606  -0.0000966264   0.0000076245   0.0000477075
   4.2724233232  -0.0000996688   0.0000066404   0.0000515522
   4.2868571858  -0.0000958726   0.0000080593   0.0000554655
   4.3012910484  -0.0000864597   0.0000119443   0.0000592055
   4.3157249110  -0.0000738379   0.0000174854   0.0000627227
   4.3301587735  -0.0000608866   0.0000232901   0.0000660906
   4.3445926361  -0.0000501040   0.0000278606   0.0000693847
   4.3590264987  -0.0000429609   0.0000300831   0.0000725595
   4.3734603613  -0.0000396798   0.0000295586   0.0000753779
   4.3878942239  -0.0000394538   0.0000266636   0.0000774371
   4.4023280864  -0.0000409409   0.0000223379   0.0000782905
   4.4167619490  -0.0000427929   0.0000177046   0.0000776210
   4.4311958116  -0.0000440063   0.0000136850   0.0000753905
   4.4456296742  -0.0000440103   0.0000107593   0.0000718991
   4.4600635367  -0.0000425390   0.0000089421   0.0000677191
   4.4744973993  -0.0000394337   0.0000079417   0.0000635282
   4.4889312619  -0.0000345210   0.0000073952   0.0000599014
   4.5033651245  -0.0000276456   0.0000070585   0.0000571413
   4.5177989871  -0.0000188268   0.0000068735   0.0000552064
   4.5322328496  -0.0000084290   0.0000069131   0.0000537597
   4.5466667122   0.0000027780   0.0000072681   0.0000523158
   4.5611005748   0.0000137352   0.0000079531   0.0000504370
   4.5755344374   0.0000233585   0.0000088824   0.0000479166
   4.5899682999   0.0000308324   0.0000099122   0.0000448908
   4.6044021625   0.0000357930   0.0000109016   0.0000418455
   4.6188360251   0.0000383101   0.0000117477   0.0000395068
   4.6332698877   0.0000386859   0.0000123720   0.0000386388
   4.6477037503   0.0000371863   0.0000126801   0.0000397990
   4.6621376128   0.0000338587   0.0000125372   0.0000431208
   4.6765714754   0.0000285396   0.0000117962   0.0000481947
   4.6910053380   0.0000210438   0.0000103790   0.0000540954
   4.7054392006   0.0000114246   0.0000083806   0.0000595678
   4.7198730632   0.0000001569   0.0000061345   0.0000633346
   4.7343069257  -0.0000118596   0.0000041912   0.0000644472
   4.7487407883  -0.0000234803   0.0000031909   0.0000625761
   4.7631746509  -0.0000335913   0.0000036610   0.0000581435
   4.7776085135  -0.0000413569   0.0000058117   0.0000522442
   4.7920423760  -0.0000463460   0.0000094133   0.0000463639
   4.8064762386  -0.0000485140   0.0000138142   0.0000419783
   4.8209101012  -0.0000480932   0.0000181047   0.0000401564
   4.8353439638  -0.0000454680   0.0000213738   0.0000412913
   4.8497778264  -0.0000410974   0.0000229685   0.0000450360
   4.8642116889  -0.0000354938   0.0000226686   0.0000504500
   4.8786455515  -0.0000292200   0.0000207199   0.0000562937
   4.8930794141  -0.0000228569   0.0000177263   0.0000613702
   4.9075132767  -0.0000169171   0.0000144449   0.0000648133
   4.9219471393  -0.0000117278   0.0000115574   0.0000662515
   4.9363810018  -0.0000073389   0.0000094928   0.0000658272
   4.9508148644  -0.0000035124   0.0000083482   0.0000640892
   4.9652487270   0.0000001874   0.0000079214   0.0000618090
   4.9796825896   0.0000042296   0.0000078275   0.0000597717
   4.9941164521   0.0000089475   0.0000076533   0.0000585911
   5.0085503147   0.0000144322   0.0000070932   0.0000585830
   5.0229841773   0.0000205270   0.0000060278   0.0000597174
   5.0374180399   0.0000269068   0.0000045310   0.0000616588
   5.0518519025   0.0000331832   0.0000028143   0.0000638854
   5.0662857650   0.0000389717   0.0000011425   0.0000658567
   5.0807196276   0.0000438928  -0.0000002468   0.0000671853
   5.0951534902   0.0000475342  -0.0000011913   0.0000677569
   5.1095873528   0.0000494428  -0.0000016152   0.0000677611
   5.1240212154   0.0000492006  -0.0000015155   0.0000676200
   5.1384550779   0.0000465868  -0.0000009453   0.0000678406
   5.1528889405   0.0000417595  -0.0000000080   0.0000688433
   5.1673228031   0.0000353539   0.0000011367   0.0000708233
   5.1817566657   0.0000284184   0.0000022703   0.0000736905
   5.1961905282   0.0000221848   0.0000031339   0.0000771014
   5.2106243908   0.0000177499   0.0000034735   0.0000805608
   5.2250582534   0.0000157928   0.0000031005   0.0000835529
   5.2394921160   0.0000164384   0.0000019439   0.0000856541
   5.2539259786   0.0000193106   0.0000000701   0.0000865958
   5.2683598411   0.0000237338  -0.0000023411   0.0000862707
   5.2827937037   0.0000289863  -0.0000050534   0.0000846987
   5.2972275663   0.0000344990  -0.0000078413   0.0000819823
   5.3116614289   0.0000399390  -0.0000105364   0.0000782787
   5.3260952914   0.0000451767  -0.0000130386   0.0000738025
   5.3405291540   0.0000501926  -0.0000152926   0.0000688586
   5.3549630166   0.0000549892  -0.0000172500   0.0000638865
   5.3693968792   0.0000595532  -0.0000188435   0.0000594920
   5.3838307418   0.0000638708  -0.0000199903   0.0000564404
   5.3982646043   0.0000679604  -0.0000206233   0.0000555938
   5.4126984669   0.0000718828  -0.0000207321   0.0000577912
   5.4271323295   0.0000757066  -0.0000203905   0.0000636841
   5.4415661921   0.0000794392  -0.0000197496   0.0000735583
   5.4560000547   0.0000829639  -0.0000189988   0.0000871819
   5.4704339172   0.0000860245  -0.0000183083   0.0001037184
   5.4848677798   0.0000882778  -0.0000177807   0.0001217360
   5.4993016424   0.0000894024  -0.0000174310   0.0001393271
   5.5137355050   0.0000892189  -0.0000172027   0.0001543261
   5.5281693675   0.0000877729  -0.0000170084   0.0001645936
   5.5426032301   0.0000853450  -0.0000167777   0.0001683211
   5.5570370927   0.0000823863  -0.0000164905   0.0001643074
   5.5714709553   0.0000794063  -0.0000161864   0.0001521663
   5.5859048179   0.0000768575  -0.0000159521   0.0001324391
   5.6003386804   0.0000750575  -0.0000158962   0.0001066007
   5.6147725430   0.0000741679  -0.0000161205   0.0000769577
   5.6292064056   0.0000742275  -0.0000166977   0.0000464485
   5.6436402682   0.0000752150  -0.0000176560   0.0000183638
   5.6580741308   0.0000771096  -0.0000189708  -0.0000039857
   5.6725079933   0.0000799257  -0.0000205637  -0.0000176197
   5.6869418559   0.0000837076  -0.0000223078  -0.0000202193
   5.7013757185   0.0000884920  -0.0000240412  -0.0000104026
   5.7158095811   0.0000942523  -0.0000255883   0.0000120851
   5.7302434436   0.0001008485  -0.0000267843   0.0000462901
   5.7446773062   0.0001080022  -0.0000275016   0.0000900880
   5.7591111688   0.0001153069  -0.0000276702   0.0001403428
   5.7735450314   0.0001222743  -0.0000272891   0.0001931732
   5.7879788940   0.0001284043  -0.0000264255   0.0002443040
   5.8024127565   0.0001332582  -0.0000252022   0.0002894663
   5.8168466191   0.0001365145  -0.0000237764   0.0003248051
   5.8312804817   0.0001379933  -0.0000223148   0.0003472480
   5.8457143443   0.0001376491  -0.0000209706   0.0003547870
   5.8601482069   0.0001355466  -0.0000198644   0.0003466358
   5.8745820694   0.0001318355  -0.0000190707   0.0003232343
   5.8890159320   0.0001267379  -0.0000186113   0.0002860996
   5.9034497946   0.0001205477  -0.0000184540   0.0002375445
   5.9178836572   0.0001136267  -0.0000185216   0.0001803116
   5.9323175197   0.0001063824  -0.0000187102   0.0001171834
   5.9467513823   0.0000992200  -0.0000189152   0.0000506372
   5.9611852449   0.0000924781  -0.0000190607  -0.0000174022
   5.9756191075   0.0000863731  -0.0000191206  -0.0000856731
   5.9900529701   0.0000809756  -0.0000191235  -0.0001535432
   6.0044868326   0.0000762314  -0.0000191387  -0.0002208485
   6.0189206952   0.0000720176  -0.0000192461  -0.0002876474
   6.0333545578   0.0000682077  -0.0000195020  -0.0003539483
   6.0477884204   0.0000647154  -0.0000199131  -0.0004194702
   6.0622222830   0.0000615014  -0.0000204279  -0.0004834892
   6.0766561455   0.0000585448  -0.0000209486  -0.0005447998
   6.0910900081   0.0000558008  -0.0000213564  -0.0006017966
   6.1055238707   0.0000531703  -0.0000215406  -0.0006526500
   6.1199577333   0.0000505001  -0.0000214236  -0.0006955363
   6.1343915958   0.0000476128  -0.0000209741  -0.0007288696
   6.1488254584   0.0000443528  -0.0000202084  -0.0007514892
   6.1632593210   0.0000406255  -0.0000191835  -0.0007627738
   6.1776931836   0.0000364161  -0.0000179860  -0.0007626691
   6.1921270462   0.0000317844  -0.0000167219  -0.0007516396
   6.2065609087   0.0000268452  -0.0000155094  -0.0007305679
   6.2209947713   0.0000217461  -0.0000144755  -0.0007006289
   6.2354286339   0.0000166506  -0.0000137534  -0.0006631656
   6.2498624965   0.0000117257  -0.0000134782  -0.0006195839
   6.2642963590   0.0000071293  -0.0000137788  -0.0005712746
   6.2787302216   0.0000029926  -0.0000147675  -0.0005195607
   6.2931640842  -0.0000005995  -0.0000165282  -0.0004656662
   6.3075979468  -0.0000036248  -0.0000191093  -0.0004106991
   6.3220318094  -0.0000061277  -0.0000225221  -0.0003556430
   6.3364656719  -0.0000082112  -0.0000267456  -0.0003013542
   6.3508995345  -0.0000100183  -0.0000317347  -0.0002485610
   6.3653333971  -0.0000117105  -0.0000374297  -0.0001978654
   6.3797672597  -0.0000134494  -0.0000437622  -0.0001497468
   6.3942011223  -0.0000153836  -0.0000506591  -0.0001045698
   6.4086349848  -0.0000176388  -0.0000580420  -0.0000625959
   6.4230688474  -0.0000203088  -0.0000658253  -0.0000240039
   6.4375027100  -0.0000234461  -0.0000739110   0.0000110866
   6.4519365726  -0.0000270521  -0.0000821841   0.0000425885
   6.4663704351  -0.0000310713  -0.0000905083   0.0000704261
   6.4808042977  -0.0000353909  -0.0000987261   0.0000945238
   6.4952381603  -0.0000398501  -0.0001066637   0.0001148110
   6.5096720229  -0.0000442568  -0.0001141421   0.0001312391
   6.5241058855  -0.0000484120  -0.0001209917   0.0001438090
   6.5385397480  -0.0000521368  -0.0001270674   0.0001525978
   6.5529736106  -0.0000552992  -0.0001322595   0.0001577782
   6.5674074732  -0.0000578346  -0.0001364992   0.0001596247
   6.5818413358  -0.0000597571  -0.0001397575   0.0001585048
   6.5962751984  -0.0000611563  -0.0001420381   0.0001548561
   6.6107090609  -0.0000621822  -0.0001433670   0.0001491540
   6.6251429235  -0.0000630193  -0.0001437792   0.0001418744
   6.6395767861  -0.0000638568  -0.0001433053   0.0001334559
   6.6540106487  -0.0000648609  -0.0001419581   0.0001242698
   6.6684445112  -0.0000661540  -0.0001397221   0.0001145999
   6.6828783738  -0.0000678039  -0.0001365488   0.0001046386
   6.6973122364  -0.0000698216  -0.0001323610   0.0000944971
   6.7117460990  -0.0000721679  -0.0001270656   0.0000842286
   6.7261799616  -0.0000747635  -0.0001205765   0.0000738593
   6.7406138241  -0.0000775002  -0.0001128414   0.0000634173
   6.7550476867  -0.0000802488  -0.0001038683   0.0000529559
   6.7694815493  -0.0000828639  -0.0000937450   0.0000425635
   6.7839154119  -0.0000851859  -0.0000826453   0.0000323608
   6.7983492745  -0.0000870456  -0.0000708180   0.0000224873
   6.8127831370  -0.0000882748  -0.0000585586   0.0000130814
   6.8272169996  -0.0000887233  -0.0000461679   0.0000042637
   6.8416508622  -0.0000882818  -0.0000339061  -0.0000038746
   6.8560847248  -0.0000869016  -0.0000219533  -0.0000112730
   6.8705185873  -0.0000846057  -0.0000103893  -0.0000178934
   6.8849524499  -0.0000814844   0.0000008017  -0.0000237074
   6.8993863125  -0.0000776749   0.0000116984  -0.0000286804
   6.9138201751  -0.0000733303   0.0000223894  -0.0000327589
   6.9282540377  -0.0000685847   0.0000329146  -0.0000358635
   6.9426879002  -0.0000635257   0.0000432175  -0.0000378902
   6.9571217628  -0.0000581817   0.0000531246  -0.0000387211
   6.9715556254  -0.0000525269   0.0000623620  -0.0000382451
   6.9859894880  -0.0000465045   0.0000706044  -0.0000363864
   7.0004233506  -0.0000400608   0.0000775452  -0.0000331353
   7.0148572131  -0.0000331817   0.0000829656  -0.0000285768
   7.0292910757  -0.0000259223   0.0000867830  -0.0000229073
   7.0437249383  -0.0000184173   0.0000890629  -0.0000164348
   7.0581588009  -0.0000108707   0.0000899928  -0.0000095587
   7.0725926634  -0.0000035236   0.0000898271  -0.0000027317
   7.0870265260   0.0000033899   0.0000888234   0.0000035909
   7.1014603886   0.0000096867   0.0000871894   0.0000090025
   7.1158942512   0.0000152648   0.0000850561   0.0000131899
   7.1303281138   0.0000201134   0.0000824812   0.0000159607
   7.1447619763   0.0000243019   0.0000794748   0.0000172529
   7.1591958389   0.0000279537   0.0000760317   0.0000171261
   7.1736297015   0.0000312150   0.0000721556   0.0000157402
   7.1880635641   0.0000342256   0.0000678670   0.0000133273
   7.2024974266   0.0000370955   0.0000631963   0.0000101611
   7.2169312892   0.0000398905   0.0000581731   0.0000065275
   7.2313651518   0.0000426247   0.0000528232   0.0000026991
   7.2457990144   0.0000452595   0.0000471795  -0.0000010863
   7.2602328770   0.0000477094   0.0000413037  -0.0000046414
   7.2746667395   0.0000498536   0.0000353069  -0.0000078380
   7.2891006021   0.0000515552   0.0000293546  -0.0000106068
   7.3035344647   0.0000526849   0.0000236466  -0.0000129286
   7.3179683273   0.0000531483   0.0000183761  -0.0000148180
   7.3324021899   0.0000529091   0.0000136785  -0.0000163027
   7.3468360524   0.0000520036   0.0000095917  -0.0000174042
   7.3612699150   0.0000505395   0.0000060452  -0.0000181242
   7.3757037776   0.0000486787   0.0000028827  -0.0000184401
   7.3901376402   0.0000466074  -0.0000000866  -0.0000183110
   7.4045715027   0.0000445023  -0.0000030255  -0.0000176933
   7.4190053653   0.0000425010  -0.0000060187  -0.0000165602
   7.4334392279   0.0000406847  -0.0000090492  -0.0000149221
   7.4478730905   0.0000390742  -0.0000120076  -0.0000128415
   7.4623069531   0.0000376381  -0.0000147281  -0.0000104389
   7.4767408156   0.0000363088  -0.0000170359  -0.0000078858
   7.4911746782   0.0000350020  -0.0000187916  -0.0000053859
   7.5056085408   0.0000336369  -0.0000199189  -0.0000031461
   7.5200424034   0.0000321545  -0.0000204159  -0.0000013437
   7.5344762660   0.0000305314  -0.0000203492  -0.0000000965
   7.5489101285   0.0000287871  -0.0000198386   0.0000005554
   7.5633439911   0.0000269813  -0.0000190377   0.0000006529
   7.5777778537   0.0000252008  -0.0000181119   0.0000003045
   7.5922117163   0.0000235392  -0.0000172171  -0.0000003394
   7.6066455788   0.0000220733  -0.0000164781  -0.0000011180
   7.6210794414   0.0000208424  -0.0000159714  -0.0000018896
   7.6355133040   0.0000198374  -0.0000157150  -0.0000025522
   7.6499471666   0.0000190026  -0.0000156675  -0.0000030521
   7.6643810292   0.0000182504  -0.0000157411  -0.0000033798
   7.6788148917   0.0000174840  -0.0000158224  -0.0000035575
   7.6932487543   0.0000166232  -0.0000157990  -0.0000036214
   7.7076826169   0.0000156238  -0.0000155845  -0.0000036043
   7.7221164795   0.0000144857  -0.0000151351  -0.0000035239
   7.7365503421   0.0000132481  -0.0000144560  -0.0000033757
   7.7509842046   0.0000119747  -0.0000135963  -0.0000031347
   7.7654180672   0.0000107358  -0.0000126348  -0.0000027626
   7.7798519298   0.0000095930  -0.0000116617  -0.0000022179
   7.7942857924   0.0000085907  -0.0000107603  -0.0000014682
   7.8087196549   0.0000077535  -0.0000099927  -0.0000004993
   7.8231535175   0.0000070865  -0.0000093912   0.0000006785
   7.8375873801   0.0000065758  -0.0000089566   0.0000020283
   7.8520212427   0.0000061863  -0.0000086613   0.0000034894
   7.8664551053   0.0000058610  -0.0000084553   0.0000049818
   7.8808889678   0.0000055237  -0.0000082745   0.0000064138
   7.8953228304   0.0000050901  -0.0000080497   0.0000076913
   7.9097566930   0.0000044855  -0.0000077164   0.0000087271
   7.9241905556   0.0000036683  -0.0000072260   0.0000094515
   7.9386244181   0.0000026488  -0.0000065562   0.0000098211
   7.9530582807   0.0000014987  -0.0000057186   0.0000098249
   7.9674921433   0.0000003412  -0.0000047585   0.0000094867
   7.9819260059  -0.0000006763  -0.0000037466   0.0000088614
