   0.0000000000   0.0000000000   0.0000000000   0.0000000000
   0.0036084656   0.0000000000   0.0000000000   0.0000000000
   0.0072169313   0.0000000000   0.0000000000   0.0000000000
   0.0108253969   0.0000000000   0.0000000000   0.0000000000
   0.0144338626   0.0000000000   0.0000000000   0.0000000000
   0.0180423282   0.0000000000   0.0000000000   0.0000000000
   0.0216507939   0.0000000000   0.0000000000   0.0000000000
   0.0252592595   0.0000000000   0.0000000000   0.0000000000
   0.0288677252   0.0000000000   0.0000000000   0.0000000000
   0.0324761908   0.0000000000   0.0000000000   0.0000000000
   0.0360846564   0.0000000000   0.0000000000   0.0000000000
   0.0396931221   0.0000000000   0.0000000000   0.0000000000
   0.0433015877   0.0000000000   0.0000000000   0.0000000000
   0.0469100534   0.0000000000   0.0000000000   0.0000000000
   0.0505185190   0.0000000000   0.0000000000   0.0000000000
   0.0541269847   0.0000000000   0.0000000000   0.0000000000
   0.0577354503   0.0000000000   0.0000000000   0.0000000000
   0.0613439160   0.0000000000   0.0000000000   0.0000000000
   0.0649523816   0.0000000000   0.0000000000   0.0000000000
   0.0685608472   0.0000000000   0.0000000000   0.0000000000
   0.0721693129   0.0000000000   0.0000000000   0.0000000000
   0.0757777785   0.0000000000   0.0000000000   0.0000000000
   0.0793862442   0.0000000000   0.0000000000   0.0000000000
   0.0829947098   0.0000000000   0.0000000000   0.0000000000
   0.0866031755   0.0000000000   0.0000000000   0.0000000000
   0.0902116411   0.0000000000   0.0000000000   0.0000000000
   0.0938201068   0.0000000000   0.0000000000   0.0000000000
   0.0974285724   0.0000000000   0.0000000000   0.0000000000
   0.1010370380   0.0000000000   0.0000000000   0.0000000000
   0.1046455037   0.0000000000   0.0000000000   0.0000000000
   0.1082539693   0.0000000000   0.0000000000   0.0000000000
   0.1118624350   0.0000000000   0.0000000000   0.0000000000
   0.1154709006   0.0000000000   0.0000000000   0.0000000000
   0.1190793663   0.0000000000   0.0000000000   0.0000000000
   0.1226878319   0.0000000000   0.0000000000  -0.0000000000
   0.1262962976  -0.0000000000   0.0000000000  -0.0000000000
   0.1299047632  -0.0000000000   0.0000000000  -0.0000000000
   0.1335132289  -0.0000000000   0.0000000000  -0.0000000000
   0.1371216945  -0.0000000000   0.0000000000  -0.0000000000
   0.1407301601  -0.0000000000   0.0000000000  -0.0000000000
   0.1443386258  -0.0000000000   0.0000000000  -0.0000000000
   0.1479470914  -0.0000000000   0.0000000000  -0.0000000000
   0.1515555571  -0.0000000000   0.0000000000  -0.0000000000
   0.1551640227  -0.0000000000   0.0000000000  -0.0000000000
   0.1587724884  -0.0000000000   0.0000000000  -0.0000000000
   0.1623809540  -0.0000000000   0.0000000000  -0.0000000000
   0.1659894197  -0.0000000000   0.0000000000  -0.0000000000
   0.1695978853  -0.0000000000   0.0000000000  -0.0000000000
   0.1732063509  -0.0000000000   0.0000000000  -0.0000000000
   0.1768148166   0.0000000000  -0.0000000000   0.0000000000
   0.1804232822   0.0000000000  -0.0000000000   0.0000000000
   0.1840317479   0.0000000000  -0.0000000000   0.0000000000
   0.1876402135   0.0000000000  -0.0000000000   0.0000000000
   0.1912486792   0.0000000000  -0.0000000000   0.0000000000
   0.1948571448   0.0000000000   0.0000000000   0.0000000000
   0.1984656105  -0.0000000000   0.0000000000  -0.0000000000
   0.2020740761  -0.0000000000   0.0000000000  -0.0000000000
   0.2056825417  -0.0000000000   0.0000000000  -0.0000000000
   0.2092910074  -0.0000000000   0.0000000000  -0.0000000000
   0.2128994730  -0.0000000000   0.0000000000  -0.0000000000
   0.2165079387  -0.0000000000  -0.0000000000   0.0000000000
   0.2201164043  -0.0000000000  -0.0000000000   0.0000000000
   0.2237248700   0.0000000000  -0.0000000000   0.0000000000
   0.2273333356   0.0000000000   0.0000000000  -0.0000000000
   0.2309418013   0.0000000000   0.0000000000  -0.0000000000
   0.2345502669   0.0000000000   0.0000000000  -0.0000000000
   0.2381587325   0.0000000000   0.0000000000  -0.0000000000
   0.2417671982  -0.0000000000  -0.0000000000  -0.0000000000
   0.2453756638  -0.0000000000  -0.0000000000   0.0000000000
   0.2489841295  -0.0000000000  -0.0000000000   0.0000000000
   0.2525925951  -0.0000000000  -0.0000000000   0.0000000000
   0.2562010608  -0.0000000000  -0.0000000000   0.0000000000
   0.2598095264  -0.0000000000  -0.0000000000   0.0000000000
   0.2634179921   0.0000000000   0.0000000000  -0.0000000000
   0.2670264577   0.0000000000   0.0000000000  -0.0000000000
   0.2706349233   0.0000000000   0.0000000000  -0.0000000000
   0.2742433890   0.0000000000   0.0000000000  -0.0000000000
   0.2778518546   0.0000000000   0.0000000000  -0.0000000000
   0.2814603203   0.0000000000   0.0000000000  -0.0000000000
   0.2850687859   0.0000000000   0.0000000000  -0.0000000000
   0.2886772516  -0.0000000000  -0.0000000000   0.0000000000
   0.2922857172  -0.0000000000  -0.0000000000   0.0000000000
   0.2958941829  -0.0000000000  -0.0000000000   0.0000000000
   0.2995026485  -0.0000000000  -0.0000000000   0.0000000000
   0.3031111141  -0.0000000000  -0.0000000000   0.0000000000
   0.3067195798  -0.0000000000  -0.0000000000   0.0000000000
   0.3103280454   0.0000000000   0.0000000000   0.0000000000
   0.3139365111   0.0000000000   0.0000000000  -0.0000000000
   0.3175449767   0.0000000000   0.0000000000  -0.0000000000
   0.3211534424   0.0000000000   0.0000000000  -0.0000000000
   0.3247619080   0.0000000000   0.0000000000  -0.0000000000
   0.3283703737   0.0000000000   0.0000000000  -0.0000000000
   0.3319788393  -0.0000000000  -0.0000000000  -0.0000000000
   0.3355873049  -0.0000000000  -0.0000000000   0.0000000000
   0.3391957706  -0.0000000000  -0.0000000000   0.0000000000
   0.3428042362  -0.0000000000  -0.0000000000   0.0000000000
   0.3464127019  -0.0000000000  -0.0000000000   0.0000000000
   0.3500211675  -0.0000000000  -0.0000000000   0.0000000000
   0.3536296332  -0.0000000000  -0.0000000000   0.0000000000
   0.3572380988   0.0000000000   0.0000000000   0.0000000000
   0.3608465645   0.0000000000   0.0000000000  -0.0000000000
   0.3644550301   0.0000000000   0.0000000000  -0.0000000000
   0.3680634958   0.0000000000   0.0000000000  -0.0000000000
   0.3716719614   0.0000000000   0.0000000000  -0.0000000000
   0.3752804270   0.0000000000   0.0000000000  -0.0000000000
   0.3788888927   0.0000000000   0.0000000000  -0.0000000000
   0.3824973583   0.0000000000   0.0000000000  -0.0000000000
   0.3861058240   0.0000000000   0.0000000000  -0.0000000000
   0.3897142896   0.0000000000   0.0000000000  -0.0000000000
   0.3933227553   0.0000000000   0.0000000000  -0.0000000000
   0.3969312209   0.0000000000   0.0000000000  -0.0000000000
   0.4005396866   0.0000000000   0.0000000000  -0.0000000000
   0.4041481522   0.0000000000   0.0000000000  -0.0000000000
   0.4077566178   0.0000000000   0.0000000000  -0.0000000000
   0.4113650835   0.0000000000   0.0000000000  -0.0000000000
   0.4149735491   0.0000000000   0.0000000000  -0.0000000000
   0.4185820148   0.0000000000   0.0000000000  -0.0000000000
   0.4221904804   0.0000000000   0.0000000000  -0.0000000000
   0.4257989461   0.0000000000  -0.0000000000  -0.0000000000
   0.4294074117  -0.0000000000  -0.0000000000   0.0000000000
   0.4330158774  -0.0000000000  -0.0000000000   0.0000000000
   0.4366243430  -0.0000000000  -0.0000000000   0.0000000000
   0.4402328086   0.0000000000   0.0000000000  -0.0000000000
   0.4438412743   0.0000000000   0.0000000000  -0.0000000000
   0.4474497399   0.0000000000   0.0000000000  -0.0000000000
   0.4510582056  -0.0000000000  -0.0000000000   0.0000000000
   0.4546666712  -0.0000000000  -0.0000000000   0.0000000000
   0.4582751369  -0.0000000000  -0.0000000000   0.0000000000
   0.4618836025   0.0000000000   0.0000000000   0.0000000000
   0.4654920682   0.0000000000   0.0000000000  -0.0000000000
   0.4691005338   0.0000000000   0.0000000000  -0.0000000000
   0.4727089994   0.0000000000   0.0000000000  -0.0000000000
   0.4763174651  -0.0000000000  -0.0000000000   0.0000000000
   0.4799259307  -0.0000000000  -0.0000000000   0.0000000000
   0.4835343964  -0.0000000000  -0.0000000000   0.0000000000
   0.4871428620   0.0000000000   0.0000000000  -0.0000000000
   0.4907513277   0.0000000000   0.0000000000  -0.0000000000
   0.4943597933  -0.0000000000   0.0000000000  -0.0000000000
   0.4979682590  -0.0000000000  -0.0000000000   0.0000000000
   0.5015767246  -0.0000000000  -0.0000000000   0.0000000000
   0.5051851902   0.0000000000  -0.0000000000   0.0000000000
   0.5087936559   0.0000000000   0.0000000000  -0.0000000000
   0.5124021215   0.0000000000   0.0000000000  -0.0000000000
   0.5160105872  -0.0000000000   0.0000000000  -0.0000000000
   0.5196190528  -0.0000000000  -0.0000000000   0.0000000000
   0.5232275185  -0.0000000000  -0.0000000000   0.0000000000
   0.5268359841   0.0000000000  -0.0000000000   0.0000000000
   0.5304444498   0.0000000000   0.0000000000  -0.0000000000
   0.5340529154   0.0000000000   0.0000000000  -0.0000000000
   0.5376613810  -0.0000000000  -0.0000000000   0.0000000000
   0.5412698467  -0.0000000000  -0.0000000000   0.0000000000
   0.5448783123   0.0000000000  -0.0000000000   0.0000000000
   0.5484867780   0.0000000000   0.0000000000  -0.0000000000
   0.5520952436   0.0000000000   0.0000000000  -0.0000000000
   0.5557037093  -0.0000000000  -0.0000000000   0.0000000000
   0.5593121749  -0.0000000000  -0.0000000000   0.0000000000
   0.5629206406  -0.0000000000  -0.0000000000   0.0000000000
   0.5665291062   0.0000000000   0.0000000000  -0.0000000000
   0.5701375718   0.0000000000   0.0000000000  -0.0000000000
   0.5737460375  -0.0000000000   0.0000000000  -0.0000000000
   0.5773545031  -0.0000000000  -0.0000000000   0.0000000000
   0.5809629688  -0.0000000000  -0.0000000000   0.0000000000
   0.5845714344   0.0000000000   0.0000000000  -0.0000000000
   0.5881799001   0.0000000000   0.0000000000  -0.0000000000
   0.5917883657   0.0000000000   0.0000000000  -0.0000000000
   0.5953968314  -0.0000000000  -0.0000000000   0.0000000000
   0.5990052970  -0.0000000000  -0.0000000000   0.0000000000
   0.6026137627  -0.0000000000  -0.0000000000   0.0000000000
   0.6062222283   0.0000000000   0.0000000000  -0.0000000000
   0.6098306939   0.0000000000   0.0000000000  -0.0000000000
   0.6134391596  -0.0000000000   0.0000000000  -0.0000000000
   0.6170476252  -0.0000000000  -0.0000000000   0.0000000000
   0.6206560909  -0.0000000000  -0.0000000000   0.0000000000
   0.6242645565   0.0000000000   0.0000000000   0.0000000000
   0.6278730222   0.0000000000   0.0000000000  -0.0000000000
   0.6314814878   0.0000000000   0.0000000000  -0.0000000000
   0.6350899535  -0.0000000000  -0.0000000000   0.0000000000
   0.6386984191  -0.0000000000  -0.0000000000   0.0000000000
   0.6423068847  -0.0000000000  -0.0000000000   0.0000000000
   0.6459153504   0.0000000000   0.0000000000  -0.0000000000
   0.6495238160   0.0000000000   0.0000000000  -0.0000000000
   0.6531322817  -0.0000000000   0.0000000000  -0.0000000000
   0.6567407473  -0.0000000000  -0.0000000000   0.0000000000
   0.6603492130  -0.0000000000  -0.0000000000   0.0000000000
   0.6639576786   0.0000000000   0.0000000000  -0.0000000000
   0.6675661443   0.0000000000   0.0000000000  -0.0000000000
   0.6711746099   0.0000000000   0.0000000000  -0.0000000000
   0.6747830755  -0.0000000000  -0.0000000000   0.0000000000
   0.6783915412  -0.0000000000  -0.0000000000   0.0000000000
   0.6820000068   0.0000000000  -0.0000000000   0.0000000000
   0.6856084725   0.0000000000   0.0000000000  -0.0000000000
   0.6892169381   0.0000000000   0.0000000000  -0.0000000000
   0.6928254038  -0.0000000000  -0.0000000000   0.0000000000
   0.6964338694  -0.0000000000  -0.0000000000   0.0000000000
   0.7000423351  -0.0000000000  -0.0000000000   0.0000000000
   0.7036508007   0.0000000000   0.0000000000  -0.0000000000
   0.7072592663   0.0000000000   0.0000000000  -0.0000000000
   0.7108677320  -0.0000000000   0.0000000000  -0.0000000000
   0.7144761976  -0.0000000000  -0.0000000000   0.0000000000
   0.7180846633  -0.0000000000  -0.0000000000   0.0000000000
   0.7216931289   0.0000000000   0.0000000000  -0.0000000000
   0.7253015946   0.0000000000   0.0000000000  -0.0000000000
   0.7289100602   0.0000000000   0.0000000000  -0.0000000000
   0.7325185259  -0.0000000000  -0.0000000000   0.0000000000
   0.7361269915  -0.0000000000  -0.0000000000   0.0000000000
   0.7397354571   0.0000000000  -0.0000000000   0.0000000000
   0.7433439228   0.0000000000   0.0000000000  -0.0000000000
   0.7469523884   0.0000000000   0.0000000000  -0.0000000000
   0.7505608541  -0.0000000000  -0.0000000000   0.0000000000
   0.7541693197  -0.0000000000  -0.0000000000   0.0000000000
   0.7577777854  -0.0000000000  -0.0000000000   0.0000000000
   0.7613862510   0.0000000000   0.0000000000  -0.0000000000
   0.7649947167   0.0000000000   0.0000000000  -0.0000000000
   0.7686031823  -0.0000000000   0.0000000000  -0.0000000000
   0.7722116479  -0.0000000000  -0.0000000000   0.0000000000
   0.7758201136  -0.0000000000  -0.0000000000   0.0000000000
   0.7794285792   0.0000000000   0.0000000000  -0.0000000000
   0.7830370449   0.0000000000   0.0000000000  -0.0000000000
   0.7866455105   0.0000000000   0.0000000000  -0.0000000000
   0.7902539762  -0.0000000000  -0.0000000000   0.0000000000
   0.7938624418  -0.0000000000  -0.0000000000   0.0000000000
   0.7974709075   0.0000000000  -0.0000000000   0.0000000000
   0.8010793731   0.0000000000   0.0000000000  -0.0000000000
   0.8046878387   0.0000000000   0.0000000000  -0.0000000000
   0.8082963044  -0.0000000000  -0.0000000000   0.0000000000
   0.8119047700  -0.0000000000  -0.0000000000   0.0000000000
   0.8155132357  -0.0000000000  -0.0000000000   0.0000000000
   0.8191217013   0.0000000000   0.0000000000  -0.0000000000
   0.8227301670   0.0000000000   0.0000000000  -0.0000000000
   0.8263386326  -0.0000000000   0.0000000000  -0.0000000000
   0.8299470983  -0.0000000000  -0.0000000000   0.0000000000
   0.8335555639  -0.0000000000  -0.0000000000   0.0000000000
   0.8371640296   0.0000000000   0.0000000000  -0.0000000000
   0.8407724952   0.0000000000   0.0000000000  -0.0000000000
   0.8443809608  -0.0000000000   0.0000000000  -0.0000000000
   0.8479894265  -0.0000000000  -0.0000000000   0.0000000000
   0.8515978921  -0.0000000000  -0.0000000000   0.0000000000
   0.8552063578   0.0000000000   0.0000000000  -0.0000000000
   0.8588148234   0.0000000000   0.0000000000  -0.0000000000
   0.8624232891   0.0000000000   0.0000000000  -0.0000000000
   0.8660317547  -0.0000000000  -0.0000000000   0.0000000000
   0.8696402204  -0.0000000000  -0.0000000000   0.0000000000
   0.8732486860   0.0000000000  -0.0000000000   0.0000000000
   0.8768571516   0.0000000000   0.0000000000  -0.0000000000
   0.8804656173   0.0000000000   0.0000000000  -0.0000000000
   0.8840740829  -0.0000000000  -0.0000000000   0.0000000000
   0.8876825486  -0.0000000000  -0.0000000000   0.0000000000
   0.8912910142  -0.0000000000  -0.0000000000   0.0000000000
   0.8948994799   0.0000000000   0.0000000000  -0.0000000000
   0.8985079455   0.0000000000   0.0000000000  -0.0000000000
   0.9021164112  -0.0000000000   0.0000000000  -0.0000000000
   0.9057248768  -0.0000000000  -0.0000000000   0.0000000000
   0.9093333424  -0.0000000000  -0.0000000000   0.0000000000
   0.9129418081   0.0000000000   0.0000000000  -0.0000000000
   0.9165502737   0.0000000000   0.0000000000  -0.0000000000
   0.9201587394   0.0000000000   0.0000000000  -0.0000000000
   0.9237672050  -0.0000000000  -0.0000000000   0.0000000000
   0.9273756707  -0.0000000000  -0.0000000000   0.0000000000
   0.9309841363   0.0000000000  -0.0000000000   0.0000000000
   0.9345926020   0.0000000000   0.0000000000  -0.0000000000
   0.9382010676   0.0000000000   0.0000000000  -0.0000000000
   0.9418095332  -0.0000000000  -0.0000000000   0.0000000000
   0.9454179989  -0.0000000000  -0.0000000000   0.0000000000
   0.9490264645   0.0000000000  -0.0000000000   0.0000000000
   0.9526349302   0.0000000000   0.0000000000  -0.0000000000
   0.9562433958   0.0000000000   0.0000000000  -0.0000000000
   0.9598518615  -0.0000000000  -0.0000000000   0.0000000000
   0.9634603271  -0.0000000000  -0.0000000000   0.0000000000
   0.9670687928  -0.0000000000  -0.0000000000   0.0000000000
   0.9706772584   0.0000000000   0.0000000000  -0.0000000000
   0.9742857240   0.0000000000   0.0000000000  -0.0000000000
   0.9778941897  -0.0000000000   0.0000000000  -0.0000000000
   0.9815026553  -0.0000000000  -0.0000000000   0.0000000000
   0.9851111210  -0.0000000000  -0.0000000000   0.0000000000
   0.9887195866   0.0000000000   0.0000000000  -0.0000000000
   0.9923280523   0.0000000000   0.0000000000  -0.0000000000
   0.9959365179   0.0000000000   0.0000000000  -0.0000000000
   0.9995449836  -0.0000000000  -0.0000000000   0.0000000000
   1.0031534492  -0.0000000000  -0.0000000000   0.0000000000
   1.0067619148   0.0000000000  -0.0000000000   0.0000000000
   1.0103703805   0.0000000000   0.0000000000  -0.0000000000
   1.0139788461   0.0000000000   0.0000000000  -0.0000000000
   1.0175873118  -0.0000000000  -0.0000000000   0.0000000000
   1.0211957774  -0.0000000000  -0.0000000000   0.0000000000
   1.0248042431   0.0000000000  -0.0000000000   0.0000000000
   1.0284127087   0.0000000000   0.0000000000  -0.0000000000
   1.0320211744   0.0000000000   0.0000000000  -0.0000000000
   1.0356296400  -0.0000000000   0.0000000000   0.0000000000
   1.0392381056  -0.0000000000  -0.0000000000   0.0000000000
   1.0428465713  -0.0000000000  -0.0000000000   0.0000000000
   1.0464550369   0.0000000000   0.0000000000  -0.0000000000
   1.0500635026   0.0000000000   0.0000000000  -0.0000000000
   1.0536719682  -0.0000000000   0.0000000000  -0.0000000000
   1.0572804339  -0.0000000000  -0.0000000000   0.0000000000
   1.0608888995  -0.0000000000  -0.0000000000   0.0000000000
   1.0644973652   0.0000000000   0.0000000000  -0.0000000000
   1.0681058308   0.0000000000   0.0000000000  -0.0000000000
   1.0717142965   0.0000000000   0.0000000000  -0.0000000000
   1.0753227621  -0.0000000000  -0.0000000000   0.0000000000
   1.0789312277  -0.0000000000  -0.0000000000   0.0000000000
   1.0825396934   0.0000000000  -0.0000000000   0.0000000000
   1.0861481590   0.0000000000   0.0000000000  -0.0000000000
   1.0897566247   0.0000000000   0.0000000000  -0.0000000000
   1.0933650903  -0.0000000000  -0.0000000000   0.0000000000
   1.0969735560  -0.0000000000  -0.0000000000   0.0000000000
   1.1005820216   0.0000000000  -0.0000000000   0.0000000000
   1.1041904873   0.0000000000   0.0000000000  -0.0000000000
   1.1077989529   0.0000000000   0.0000000000  -0.0000000000
   1.1114074185  -0.0000000000  -0.0000000000   0.0000000000
   1.1150158842  -0.0000000000  -0.0000000000   0.0000000000
   1.1186243498  -0.0000000000  -0.0000000000   0.0000000000
   1.1222328155   0.0000000000   0.0000000000  -0.0000000000
   1.1258412811   0.0000000000   0.0000000000  -0.0000000000
   1.1294497468  -0.0000000000   0.0000000000  -0.0000000000
   1.1330582124  -0.0000000000  -0.0000000000   0.0000000000
   1.1366666781  -0.0000000000  -0.0000000000   0.0000000000
   1.1402751437   0.0000000000   0.0000000000  -0.0000000000
   1.1438836093   0.0000000000   0.0000000000  -0.0000000000
   1.1474920750   0.0000000000   0.0000000000  -0.0000000000
   1.1511005406  -0.0000000000  -0.0000000000   0.0000000000
   1.1547090063  -0.0000000000  -0.0000000000   0.0000000000
   1.1583174719   0.0000000000  -0.0000000000  -0.0000000000
   1.1619259376   0.0000000000   0.0000000000  -0.0000000000
   1.1655344032   0.0000000000   0.0000000000  -0.0000000000
   1.1691428689  -0.0000000000  -0.0000000000   0.0000000000
   1.1727513345  -0.0000000000  -0.0000000000   0.0000000000
   1.1763598001   0.0000000000  -0.0000000000   0.0000000000
   1.1799682658   0.0000000000   0.0000000000  -0.0000000000
   1.1835767314   0.0000000000   0.0000000000  -0.0000000000
   1.1871851971  -0.0000000000  -0.0000000000   0.0000000000
   1.1907936627  -0.0000000000  -0.0000000000   0.0000000000
   1.1944021284  -0.0000000000  -0.0000000000   0.0000000000
   1.1980105940   0.0000000000   0.0000000000  -0.0000000000
   1.2016190597   0.0000000000   0.0000000000  -0.0000000000
   1.2052275253  -0.0000000000   0.0000000000  -0.0000000000
   1.2088359909  -0.0000000000  -0.0000000000   0.0000000000
   1.2124444566  -0.0000000000  -0.0000000000   0.0000000000
   1.2160529222   0.0000000000   0.0000000000  -0.0000000000
   1.2196613879   0.0000000000   0.0000000000  -0.0000000000
   1.2232698535   0.0000000000   0.0000000000  -0.0000000000
   1.2268783192  -0.0000000000  -0.0000000000   0.0000000000
   1.2304867848  -0.0000000000  -0.0000000000   0.0000000000
   1.2340952505   0.0000000000  -0.0000000000  -0.0000000000
   1.2377037161   0.0000000000   0.0000000000  -0.0000000000
   1.2413121817   0.0000000000   0.0000000000  -0.0000000000
   1.2449206474  -0.0000000000  -0.0000000000   0.0000000000
   1.2485291130  -0.0000000000  -0.0000000000   0.0000000000
   1.2521375787   0.0000000000  -0.0000000000   0.0000000000
   1.2557460443   0.0000000000   0.0000000000  -0.0000000000
   1.2593545100   0.0000000000   0.0000000000  -0.0000000000
   1.2629629756  -0.0000000000  -0.0000000000   0.0000000000
   1.2665714413  -0.0000000000  -0.0000000000   0.0000000000
   1.2701799069  -0.0000000000  -0.0000000000   0.0000000000
   1.2737883725   0.0000000000   0.0000000000  -0.0000000000
   1.2773968382   0.0000000000   0.0000000000  -0.0000000000
   1.2810053038  -0.0000000000   0.0000000000  -0.0000000000
   1.2846137695  -0.0000000000  -0.0000000000   0.0000000000
   1.2882222351  -0.0000000000  -0.0000000000   0.0000000000
   1.2918307008   0.0000000000   0.0000000000  -0.0000000000
   1.2954391664   0.0000000000   0.0000000000  -0.0000000000
   1.2990476321  -0.0000000000   0.0000000000  -0.0000000000
   1.3026560977  -0.0000000000  -0.0000000000   0.0000000000
   1.3062645634  -0.0000000000  -0.0000000000   0.0000000000
   1.3098730290   0.0000000000   0.0000000000  -0.0000000000
   1.3134814946   0.0000000000   0.0000000000  -0.0000000000
   1.3170899603   0.0000000000   0.0000000000  -0.0000000000
   1.3206984259  -0.0000000000  -0.0000000000   0.0000000000
   1.3243068916  -0.0000000000  -0.0000000000   0.0000000000
   1.3279153572   0.0000000000  -0.0000000000   0.0000000000
   1.3315238229   0.0000000000   0.0000000000  -0.0000000000
   1.3351322885   0.0000000000   0.0000000000  -0.0000000000
   1.3387407542  -0.0000000000  -0.0000000000   0.0000000000
   1.3423492198  -0.0000000000  -0.0000000000   0.0000000000
   1.3459576854  -0.0000000000  -0.0000000000   0.0000000000
   1.3495661511   0.0000000000   0.0000000000  -0.0000000000
   1.3531746167   0.0000000000   0.0000000000  -0.0000000000
   1.3567830824  -0.0000000000   0.0000000000   0.0000000000
   1.3603915480  -0.0000000000  -0.0000000000   0.0000000000
   1.3640000137  -0.0000000000  -0.0000000000   0.0000000000
   1.3676084793   0.0000000000   0.0000000000  -0.0000000000
   1.3712169450   0.0000000000   0.0000000000  -0.0000000000
   1.3748254106  -0.0000000000   0.0000000000  -0.0000000000
   1.3784338762  -0.0000000000  -0.0000000000   0.0000000000
   1.3820423419  -0.0000000000  -0.0000000000   0.0000000000
   1.3856508075   0.0000000000   0.0000000000  -0.0000000000
   1.3892592732   0.0000000000   0.0000000000  -0.0000000000
   1.3928677388   0.0000000000   0.0000000000  -0.0000000000
   1.3964762045  -0.0000000000  -0.0000000000   0.0000000000
   1.4000846701  -0.0000000000  -0.0000000000   0.0000000000
   1.4036931358   0.0000000000  -0.0000000000   0.0000000000
   1.4073016014   0.0000000000   0.0000000000  -0.0000000000
   1.4109100670   0.0000000000   0.0000000000  -0.0000000000
   1.4145185327  -0.0000000000  -0.0000000000   0.0000000000
   1.4181269983  -0.0000000000  -0.0000000000   0.0000000000
   1.4217354640  -0.0000000000  -0.0000000000   0.0000000000
   1.4253439296   0.0000000000   0.0000000000  -0.0000000000
   1.4289523953   0.0000000000   0.0000000000  -0.0000000000
   1.4325608609  -0.0000000000   0.0000000000   0.0000000000
   1.4361693266  -0.0000000000  -0.0000000000   0.0000000000
   1.4397777922  -0.0000000000  -0.0000000000   0.0000000000
   1.4433862578   0.0000000000   0.0000000000  -0.0000000000
   1.4469947235   0.0000000000   0.0000000000  -0.0000000000
   1.4506031891  -0.0000000000   0.0000000000  -0.0000000000
   1.4542116548  -0.0000000000  -0.0000000000   0.0000000000
   1.4578201204  -0.0000000000  -0.0000000000   0.0000000000
   1.4614285861   0.0000000000   0.0000000000  -0.0000000000
   1.4650370517   0.0000000000   0.0000000000  -0.0000000000
   1.4686455174   0.0000000000   0.0000000000  -0.0000000000
   1.4722539830  -0.0000000000  -0.0000000000   0.0000000000
   1.4758624486  -0.0000000000  -0.0000000000   0.0000000000
   1.4794709143   0.0000000000  -0.0000000000  -0.0000000000
   1.4830793799   0.0000000000   0.0000000000  -0.0000000000
   1.4866878456   0.0000000000   0.0000000000  -0.0000000000
   1.4902963112  -0.0000000000  -0.0000000000   0.0000000000
   1.4939047769  -0.0000000000  -0.0000000000   0.0000000000
   1.4975132425   0.0000000000  -0.0000000000   0.0000000000
   1.5011217082   0.0000000000   0.0000000000  -0.0000000000
   1.5047301738   0.0000000000   0.0000000000  -0.0000000000
   1.5083386394  -0.0000000000   0.0000000000   0.0000000000
   1.5119471051  -0.0000000000  -0.0000000000   0.0000000000
   1.5155555707  -0.0000000000  -0.0000000000   0.0000000000
   1.5191640364   0.0000000000   0.0000000000  -0.0000000000
   1.5227725020   0.0000000000   0.0000000000  -0.0000000000
   1.5263809677  -0.0000000000   0.0000000000  -0.0000000000
   1.5299894333  -0.0000000000  -0.0000000000   0.0000000000
   1.5335978990  -0.0000000000  -0.0000000000   0.0000000000
   1.5372063646   0.0000000000   0.0000000000  -0.0000000000
   1.5408148303   0.0000000000   0.0000000000  -0.0000000000
   1.5444232959   0.0000000000   0.0000000000  -0.0000000000
   1.5480317615  -0.0000000000  -0.0000000000   0.0000000000
   1.5516402272  -0.0000000000  -0.0000000000   0.0000000000
   1.5552486928   0.0000000000  -0.0000000000  -0.0000000000
   1.5588571585   0.0000000000   0.0000000000  -0.0000000000
   1.5624656241   0.0000000000   0.0000000000  -0.0000000000
   1.5660740898  -0.0000000000  -0.0000000000   0.0000000000
   1.5696825554  -0.0000000000  -0.0000000000   0.0000000000
   1.5732910211   0.0000000000  -0.0000000000   0.0000000000
   1.5768994867   0.0000000000   0.0000000000  -0.0000000000
   1.5805079523   0.0000000000   0.0000000000  -0.0000000000
   1.5841164180  -0.0000000000   0.0000000000   0.0000000000
   1.5877248836  -0.0000000000  -0.0000000000   0.0000000000
   1.5913333493  -0.0000000000  -0.0000000000   0.0000000000
   1.5949418149   0.0000000000   0.0000000000  -0.0000000000
   1.5985502806   0.0000000000   0.0000000000  -0.0000000000
   1.6021587462  -0.0000000000   0.0000000000  -0.0000000000
   1.6057672119  -0.0000000000  -0.0000000000   0.0000000000
   1.6093756775  -0.0000000000  -0.0000000000   0.0000000000
   1.6129841431   0.0000000000   0.0000000000  -0.0000000000
   1.6165926088   0.0000000000   0.0000000000  -0.0000000000
   1.6202010744   0.0000000000   0.0000000000  -0.0000000000
   1.6238095401  -0.0000000000  -0.0000000000   0.0000000000
   1.6274180057  -0.0000000000  -0.0000000000   0.0000000000
   1.6310264714   0.0000000000  -0.0000000000  -0.0000000000
   1.6346349370   0.0000000000   0.0000000000  -0.0000000000
   1.6382434027   0.0000000000   0.0000000000  -0.0000000000
   1.6418518683  -0.0000000000  -0.0000000000   0.0000000000
   1.6454603339  -0.0000000000  -0.0000000000   0.0000000000
   1.6490687996   0.0000000000  -0.0000000000   0.0000000000
   1.6526772652   0.0000000000   0.0000000000  -0.0000000000
   1.6562857309   0.0000000000   0.0000000000  -0.0000000000
   1.6598941965  -0.0000000000   0.0000000000   0.0000000000
   1.6635026622  -0.0000000000  -0.0000000000   0.0000000000
   1.6671111278  -0.0000000000  -0.0000000000   0.0000000000
   1.6707195935   0.0000000000   0.0000000000  -0.0000000000
   1.6743280591   0.0000000000   0.0000000000  -0.0000000000
   1.6779365247  -0.0000000000   0.0000000000  -0.0000000000
   1.6815449904  -0.0000000000  -0.0000000000   0.0000000000
   1.6851534560  -0.0000000000  -0.0000000000   0.0000000000
   1.6887619217   0.0000000000   0.0000000000  -0.0000000000
   1.6923703873   0.0000000000   0.0000000000  -0.0000000000
   1.6959788530   0.0000000000   0.0000000000  -0.0000000000
   1.6995873186  -0.0000000000  -0.0000000000   0.0000000000
   1.7031957843  -0.0000000000  -0.0000000000   0.0000000000
   1.7068042499   0.0000000000  -0.0000000000   0.0000000000
   1.7104127155   0.0000000000   0.0000000000  -0.0000000000
   1.7140211812   0.0000000000   0.0000000000  -0.0000000000
   1.7176296468  -0.0000000000  -0.0000000000   0.0000000000
   1.7212381125  -0.0000000000  -0.0000000000   0.0000000000
   1.7248465781  -0.0000000000  -0.0000000000   0.0000000000
   1.7284550438   0.0000000000   0.0000000000  -0.0000000000
   1.7320635094   0.0000000000   0.0000000000  -0.0000000000
   1.7356719751  -0.0000000000   0.0000000000   0.0000000000
   1.7392804407  -0.0000000000  -0.0000000000   0.0000000000
   1.7428889063  -0.0000000000  -0.0000000000   0.0000000000
   1.7464973720   0.0000000000   0.0000000000  -0.0000000000
   1.7501058376   0.0000000000   0.0000000000  -0.0000000000
   1.7537143033  -0.0000000000   0.0000000000  -0.0000000000
   1.7573227689  -0.0000000000  -0.0000000000   0.0000000000
   1.7609312346  -0.0000000000  -0.0000000000   0.0000000000
   1.7645397002   0.0000000000  -0.0000000000  -0.0000000000
   1.7681481659   0.0000000000   0.0000000000  -0.0000000000
   1.7717566315   0.0000000000   0.0000000000  -0.0000000000
   1.7753650971  -0.0000000000  -0.0000000000   0.0000000000
   1.7789735628  -0.0000000000  -0.0000000000   0.0000000000
   1.7825820284   0.0000000000  -0.0000000000   0.0000000000
   1.7861904941   0.0000000000   0.0000000000  -0.0000000000
   1.7897989597   0.0000000000   0.0000000000  -0.0000000000
   1.7934074254  -0.0000000000  -0.0000000000   0.0000000000
   1.7970158910  -0.0000000000  -0.0000000000   0.0000000000
   1.8006243567  -0.0000000000  -0.0000000000   0.0000000000
   1.8042328223   0.0000000000   0.0000000000  -0.0000000000
   1.8078412880   0.0000000000   0.0000000000  -0.0000000000
   1.8114497536  -0.0000000000   0.0000000000  -0.0000000000
   1.8150582192  -0.0000000000  -0.0000000000   0.0000000000
   1.8186666849  -0.0000000000  -0.0000000000   0.0000000000
   1.8222751505   0.0000000000   0.0000000000  -0.0000000000
   1.8258836162   0.0000000000   0.0000000000  -0.0000000000
   1.8294920818   0.0000000000   0.0000000000  -0.0000000000
   1.8331005475  -0.0000000000  -0.0000000000   0.0000000000
   1.8367090131  -0.0000000000  -0.0000000000   0.0000000000
   1.8403174788   0.0000000000  -0.0000000000  -0.0000000000
   1.8439259444   0.0000000000   0.0000000000  -0.0000000000
   1.8475344100   0.0000000000   0.0000000000  -0.0000000000
   1.8511428757  -0.0000000000  -0.0000000000   0.0000000000
   1.8547513413  -0.0000000000  -0.0000000000   0.0000000000
   1.8583598070  -0.0000000000  -0.0000000000   0.0000000000
   1.8619682726   0.0000000000   0.0000000000  -0.0000000000
   1.8655767383   0.0000000000   0.0000000000  -0.0000000000
   1.8691852039  -0.0000000000   0.0000000000   0.0000000000
   1.8727936696  -0.0000000000  -0.0000000000   0.0000000000
   1.8764021352  -0.0000000000  -0.0000000000   0.0000000000
   1.8800106008   0.0000000000   0.0000000000  -0.0000000000
   1.8836190665   0.0000000000   0.0000000000  -0.0000000000
   1.8872275321  -0.0000000000   0.0000000000  -0.0000000000
   1.8908359978  -0.0000000000  -0.0000000000   0.0000000000
   1.8944444634  -0.0000000000  -0.0000000000   0.0000000000
   1.8980529291   0.0000000000  -0.0000000000  -0.0000000000
   1.9016613947   0.0000000000   0.0000000000  -0.0000000000
   1.9052698604   0.0000000000   0.0000000000  -0.0000000000
   1.9088783260  -0.0000000000  -0.0000000000   0.0000000000
   1.9124867916  -0.0000000000  -0.0000000000   0.0000000000
   1.9160952573   0.0000000000  -0.0000000000   0.0000000000
   1.9197037229   0.0000000000   0.0000000000  -0.0000000000
   1.9233121886   0.0000000000   0.0000000000  -0.0000000000
   1.9269206542  -0.0000000000   0.0000000000   0.0000000000
   1.9305291199  -0.0000000000  -0.0000000000   0.0000000000
   1.9341375855  -0.0000000000  -0.0000000000   0.0000000000
   1.9377460512   0.0000000000   0.0000000000  -0.0000000000
   1.9413545168   0.0000000000   0.0000000000  -0.0000000000
   1.9449629824  -0.0000000000   0.0000000000  -0.0000000000
   1.9485714481  -0.0000000000  -0.0000000000   0.0000000000
   1.9521799137  -0.0000000000  -0.0000000000   0.0000000000
   1.9557883794   0.0000000000  -0.0000000000  -0.0000000000
   1.9593968450   0.0000000000   0.0000000000  -0.0000000000
   1.9630053107   0.0000000000   0.0000000000  -0.0000000000
   1.9666137763  -0.0000000000  -0.0000000000   0.0000000000
   1.9702222420  -0.0000000000  -0.0000000000   0.0000000000
   1.9738307076   0.0000000000  -0.0000000000   0.0000000000
   1.9774391732   0.0000000000   0.0000000000  -0.0000000000
   1.9810476389   0.0000000000   0.0000000000  -0.0000000000
   1.9846561045  -0.0000000000  -0.0000000000   0.0000000000
   1.9882645702  -0.0000000000  -0.0000000000   0.0000000000
   1.9918730358  -0.0000000000  -0.0000000000   0.0000000000
   1.9954815015   0.0000000000   0.0000000000  -0.0000000000
   1.9990899671   0.0000000000   0.0000000000  -0.0000000000
   2.0026984328  -0.0000000000   0.0000000000  -0.0000000000
   2.0063068984  -0.0000000000  -0.0000000000   0.0000000000
   2.0099153640  -0.0000000000  -0.0000000000   0.0000000000
   2.0135238297   0.0000000000   0.0000000000  -0.0000000000
   2.0171322953   0.0000000000   0.0000000000  -0.0000000000
   2.0207407610   0.0000000000   0.0000000000  -0.0000000000
   2.0243492266  -0.0000000000  -0.0000000000   0.0000000000
   2.0279576923  -0.0000000000  -0.0000000000   0.0000000000
   2.0315661579   0.0000000000  -0.0000000000   0.0000000000
   2.0351746236   0.0000000000   0.0000000000  -0.0000000000
   2.0387830892   0.0000000000   0.0000000000  -0.0000000000
   2.0423915549  -0.0000000000   0.0000000000   0.0000000000
   2.0460000205  -0.0000000000  -0.0000000000   0.0000000000
   2.0496084861  -0.0000000000  -0.0000000000   0.0000000000
   2.0532169518   0.0000000000   0.0000000000  -0.0000000000
   2.0568254174   0.0000000000   0.0000000000  -0.0000000000
   2.0604338831  -0.0000000000   0.0000000000  -0.0000000000
   2.0640423487  -0.0000000000  -0.0000000000   0.0000000000
   2.0676508144  -0.0000000000  -0.0000000000   0.0000000000
   2.0712592800   0.0000000000  -0.0000000000  -0.0000000000
   2.0748677457   0.0000000000   0.0000000000  -0.0000000000
   2.0784762113   0.0000000000   0.0000000000  -0.0000000000
   2.0820846769  -0.0000000000  -0.0000000000   0.0000000000
   2.0856931426  -0.0000000000  -0.0000000000   0.0000000000
   2.0893016082   0.0000000000  -0.0000000000   0.0000000000
   2.0929100739   0.0000000000   0.0000000000  -0.0000000000
   2.0965185395   0.0000000000   0.0000000000  -0.0000000000
   2.1001270052  -0.0000000000   0.0000000000   0.0000000000
   2.1037354708  -0.0000000000  -0.0000000000   0.0000000000
   2.1073439365  -0.0000000000  -0.0000000000   0.0000000000
   2.1109524021   0.0000000000   0.0000000000  -0.0000000000
   2.1145608677   0.0000000000   0.0000000000  -0.0000000000
   2.1181693334   0.0000000000   0.0000000000  -0.0000000000
   2.1217777990  -0.0000000000  -0.0000000000   0.0000000000
   2.1253862647  -0.0000000000  -0.0000000000   0.0000000000
   2.1289947303   0.0000000000   0.0000000000  -0.0000000000
   2.1326031960   0.0000000000   0.0000000000  -0.0000000000
   2.1362116616   0.0000000000   0.0000000000  -0.0000000000
   2.1398201273  -0.0000000000  -0.0000000000   0.0000000000
   2.1434285929  -0.0000000000  -0.0000000000   0.0000000000
   2.1470370585  -0.0000000000  -0.0000000000   0.0000000000
   2.1506455242   0.0000000000   0.0000000000  -0.0000000000
   2.1542539898   0.0000000000   0.0000000000  -0.0000000000
   2.1578624555   0.0000000000  -0.0000000000  -0.0000000000
   2.1614709211  -0.0000000000  -0.0000000000   0.0000000000
   2.1650793868  -0.0000000000  -0.0000000000   0.0000000000
   2.1686878524  -0.0000000000   0.0000000000   0.0000000000
   2.1722963181   0.0000000000   0.0000000000  -0.0000000000
   2.1759047837   0.0000000000   0.0000000000  -0.0000000000
   2.1795132493   0.0000000000  -0.0000000000   0.0000000000
   2.1831217150  -0.0000000000  -0.0000000000   0.0000000000
   2.1867301806  -0.0000000000  -0.0000000000   0.0000000000
   2.1903386463  -0.0000000000   0.0000000000  -0.0000000000
   2.1939471119  -0.0000000000   0.0000000000  -0.0000000000
   2.1975555776  -0.0000000000   0.0000000000  -0.0000000000
   2.2011640432   0.0000000000  -0.0000000000   0.0000000000
   2.2047725089   0.0000000000  -0.0000000000   0.0000000000
   2.2083809745   0.0000000000  -0.0000000000   0.0000000000
   2.2119894401  -0.0000000000   0.0000000000   0.0000000000
   2.2155979058  -0.0000000000   0.0000000000  -0.0000000000
   2.2192063714  -0.0000000000   0.0000000000  -0.0000000000
   2.2228148371   0.0000000000  -0.0000000000  -0.0000000000
   2.2264233027   0.0000000000  -0.0000000000  -0.0000000000
   2.2300317684   0.0000000000  -0.0000000000   0.0000000000
   2.2336402340  -0.0000000000   0.0000000000   0.0000000000
   2.2372486997  -0.0000000000   0.0000000000   0.0000000000
   2.2408571653  -0.0000000000   0.0000000000  -0.0000000000
   2.2444656309   0.0000000000  -0.0000000000  -0.0000000000
   2.2480740966   0.0000000000  -0.0000000000  -0.0000000000
   2.2516825622   0.0000000000  -0.0000000000  -0.0000000000
   2.2552910279  -0.0000000000   0.0000000000   0.0000000000
   2.2588994935  -0.0000000000   0.0000000000   0.0000000000
   2.2625079592  -0.0000000000   0.0000000000   0.0000000000
   2.2661164248   0.0000000000  -0.0000000000  -0.0000000000
   2.2697248905   0.0000000000  -0.0000000000  -0.0000000000
   2.2733333561   0.0000000000  -0.0000000000  -0.0000000000
   2.2769418218  -0.0000000000   0.0000000000  -0.0000000000
   2.2805502874  -0.0000000000   0.0000000000  -0.0000000000
   2.2841587530  -0.0000000000   0.0000000000  -0.0000000000
   2.2877672187   0.0000000000   0.0000000000  -0.0000000000
   2.2913756843   0.0000000000  -0.0000000000   0.0000000000
   2.2949841500   0.0000000000  -0.0000000000   0.0000000000
   2.2985926156  -0.0000000000  -0.0000000000   0.0000000000
   2.3022010813  -0.0000000000   0.0000000000   0.0000000000
   2.3058095469  -0.0000000000   0.0000000000  -0.0000000000
   2.3094180126   0.0000000000   0.0000000000  -0.0000000000
   2.3130264782   0.0000000000   0.0000000000  -0.0000000000
   2.3166349438   0.0000000000  -0.0000000000  -0.0000000000
   2.3202434095  -0.0000000000  -0.0000000000   0.0000000000
   2.3238518751  -0.0000000000  -0.0000000000   0.0000000000
   2.3274603408  -0.0000000000  -0.0000000000   0.0000000000
   2.3310688064   0.0000000000  -0.0000000000   0.0000000000
   2.3346772721   0.0000000000  -0.0000000000  -0.0000000000
   2.3382857377   0.0000000000   0.0000000000  -0.0000000000
   2.3418942034  -0.0000000000   0.0000000000  -0.0000000000
   2.3455026690  -0.0000000000   0.0000000000  -0.0000000000
   2.3491111346  -0.0000000000   0.0000000000  -0.0000000000
   2.3527196003   0.0000000000  -0.0000000000   0.0000000000
   2.3563280659   0.0000000000  -0.0000000000   0.0000000000
   2.3599365316   0.0000000000  -0.0000000000   0.0000000000
   2.3635449972   0.0000000000  -0.0000000000   0.0000000000
   2.3671534629  -0.0000000000   0.0000000000  -0.0000000000
   2.3707619285  -0.0000000000   0.0000000000  -0.0000000000
   2.3743703942  -0.0000000000   0.0000000000  -0.0000000000
   2.3779788598   0.0000000000   0.0000000000  -0.0000000000
   2.3815873254   0.0000000000   0.0000000000   0.0000000000
   2.3851957911   0.0000000000  -0.0000000000   0.0000000000
   2.3888042567   0.0000000000  -0.0000000000   0.0000000000
   2.3924127224  -0.0000000000  -0.0000000000   0.0000000000
   2.3960211880  -0.0000000000  -0.0000000000   0.0000000000
   2.3996296537  -0.0000000000   0.0000000000  -0.0000000000
   2.4032381193  -0.0000000000   0.0000000000  -0.0000000000
   2.4068465850  -0.0000000000   0.0000000000  -0.0000000000
   2.4104550506  -0.0000000000   0.0000000000  -0.0000000000
   2.4140635162   0.0000000000  -0.0000000000   0.0000000000
   2.4176719819   0.0000000000  -0.0000000000   0.0000000000
   2.4212804475   0.0000000000  -0.0000000000   0.0000000000
   2.4248889132   0.0000000000  -0.0000000000   0.0000000000
   2.4284973788  -0.0000000000  -0.0000000000  -0.0000000000
   2.4321058445  -0.0000000000   0.0000000000  -0.0000000000
   2.4357143101  -0.0000000000   0.0000000000  -0.0000000000
   2.4393227758  -0.0000000000   0.0000000000  -0.0000000000
   2.4429312414   0.0000000000   0.0000000000  -0.0000000000
   2.4465397070   0.0000000000  -0.0000000000   0.0000000000
   2.4501481727   0.0000000000  -0.0000000000   0.0000000000
   2.4537566383   0.0000000000  -0.0000000000   0.0000000000
   2.4573651040   0.0000000000  -0.0000000000   0.0000000000
   2.4609735696  -0.0000000000  -0.0000000000  -0.0000000000
   2.4645820353  -0.0000000000   0.0000000000  -0.0000000000
   2.4681905009  -0.0000000000   0.0000000000  -0.0000000000
   2.4717989666  -0.0000000000   0.0000000000  -0.0000000000
   2.4754074322   0.0000000000   0.0000000000  -0.0000000000
   2.4790158978   0.0000000000  -0.0000000000   0.0000000000
   2.4826243635   0.0000000000  -0.0000000000   0.0000000000
   2.4862328291   0.0000000000  -0.0000000000   0.0000000000
   2.4898412948   0.0000000000  -0.0000000000   0.0000000000
   2.4934497604  -0.0000000000   0.0000000000  -0.0000000000
   2.4970582261  -0.0000000000   0.0000000000  -0.0000000000
   2.5006666917  -0.0000000000   0.0000000000  -0.0000000000
   2.5042751574  -0.0000000000   0.0000000000  -0.0000000000
   2.5078836230   0.0000000000   0.0000000000  -0.0000000000
   2.5114920887   0.0000000000  -0.0000000000   0.0000000000
   2.5151005543   0.0000000000  -0.0000000000   0.0000000000
   2.5187090199   0.0000000000  -0.0000000000   0.0000000000
   2.5223174856  -0.0000000000  -0.0000000000   0.0000000000
   2.5259259512  -0.0000000000   0.0000000000  -0.0000000000
   2.5295344169  -0.0000000000   0.0000000000  -0.0000000000
   2.5331428825  -0.0000000000   0.0000000000  -0.0000000000
   2.5367513482  -0.0000000000   0.0000000000  -0.0000000000
   2.5403598138   0.0000000000   0.0000000000   0.0000000000
   2.5439682795   0.0000000000  -0.0000000000   0.0000000000
   2.5475767451   0.0000000000  -0.0000000000   0.0000000000
   2.5511852107   0.0000000000  -0.0000000000   0.0000000000
   2.5547936764  -0.0000000000  -0.0000000000   0.0000000000
   2.5584021420  -0.0000000000   0.0000000000  -0.0000000000
   2.5620106077  -0.0000000000   0.0000000000  -0.0000000000
   2.5656190733  -0.0000000000   0.0000000000  -0.0000000000
   2.5692275390  -0.0000000000   0.0000000000  -0.0000000000
   2.5728360046   0.0000000000   0.0000000000   0.0000000000
   2.5764444703   0.0000000000  -0.0000000000   0.0000000000
   2.5800529359   0.0000000000  -0.0000000000   0.0000000000
   2.5836614015   0.0000000000  -0.0000000000   0.0000000000
   2.5872698672  -0.0000000000  -0.0000000000   0.0000000000
   2.5908783328  -0.0000000000   0.0000000000  -0.0000000000
   2.5944867985  -0.0000000000   0.0000000000  -0.0000000000
   2.5980952641  -0.0000000000   0.0000000000  -0.0000000000
   2.6017037298  -0.0000000000   0.0000000000  -0.0000000000
   2.6053121954   0.0000000000   0.0000000000   0.0000000000
   2.6089206611   0.0000000000  -0.0000000000   0.0000000000
   2.6125291267   0.0000000000  -0.0000000000   0.0000000000
   2.6161375923   0.0000000000  -0.0000000000   0.0000000000
   2.6197460580  -0.0000000000  -0.0000000000   0.0000000000
   2.6233545236  -0.0000000000   0.0000000000  -0.0000000000
   2.6269629893  -0.0000000000   0.0000000000  -0.0000000000
   2.6305714549  -0.0000000000   0.0000000000  -0.0000000000
   2.6341799206  -0.0000000000   0.0000000000  -0.0000000000
   2.6377883862   0.0000000000   0.0000000000   0.0000000000
   2.6413968519   0.0000000000  -0.0000000000   0.0000000000
   2.6450053175   0.0000000000  -0.0000000000   0.0000000000
   2.6486137831   0.0000000000  -0.0000000000   0.0000000000
   2.6522222488  -0.0000000000  -0.0000000000   0.0000000000
   2.6558307144  -0.0000000000   0.0000000000  -0.0000000000
   2.6594391801  -0.0000000000   0.0000000000  -0.0000000000
   2.6630476457  -0.0000000000   0.0000000000  -0.0000000000
   2.6666561114  -0.0000000000   0.0000000000  -0.0000000000
   2.6702645770   0.0000000000   0.0000000000   0.0000000000
   2.6738730427   0.0000000000  -0.0000000000   0.0000000000
   2.6774815083   0.0000000000  -0.0000000000   0.0000000000
   2.6810899739   0.0000000000  -0.0000000000   0.0000000000
   2.6846984396  -0.0000000000  -0.0000000000   0.0000000000
   2.6883069052  -0.0000000000   0.0000000000  -0.0000000000
   2.6919153709  -0.0000000000   0.0000000000  -0.0000000000
   2.6955238365  -0.0000000000   0.0000000000  -0.0000000000
   2.6991323022  -0.0000000000   0.0000000000  -0.0000000000
   2.7027407678   0.0000000000   0.0000000000  -0.0000000000
   2.7063492335   0.0000000000  -0.0000000000   0.0000000000
   2.7099576991   0.0000000000  -0.0000000000   0.0000000000
   2.7135661647   0.0000000000  -0.0000000000   0.0000000000
   2.7171746304  -0.0000000000  -0.0000000000   0.0000000000
   2.7207830960  -0.0000000000   0.0000000000  -0.0000000000
   2.7243915617  -0.0000000000   0.0000000000  -0.0000000000
   2.7280000273  -0.0000000000   0.0000000000  -0.0000000000
   2.7316084930  -0.0000000000   0.0000000000  -0.0000000000
   2.7352169586   0.0000000000   0.0000000000  -0.0000000000
   2.7388254243   0.0000000000  -0.0000000000   0.0000000000
   2.7424338899   0.0000000000  -0.0000000000   0.0000000000
   2.7460423556   0.0000000000  -0.0000000000   0.0000000000
   2.7496508212   0.0000000000  -0.0000000000   0.0000000000
   2.7532592868  -0.0000000000  -0.0000000000  -0.0000000000
   2.7568677525  -0.0000000000   0.0000000000  -0.0000000000
   2.7604762181  -0.0000000000   0.0000000000  -0.0000000000
   2.7640846838  -0.0000000000   0.0000000000  -0.0000000000
   2.7676931494   0.0000000000   0.0000000000  -0.0000000000
   2.7713016151   0.0000000000  -0.0000000000   0.0000000000
   2.7749100807   0.0000000000  -0.0000000000   0.0000000000
   2.7785185464   0.0000000000  -0.0000000000   0.0000000000
   2.7821270120   0.0000000000  -0.0000000000   0.0000000000
   2.7857354776  -0.0000000000  -0.0000000000   0.0000000000
   2.7893439433  -0.0000000000   0.0000000000  -0.0000000000
   2.7929524089  -0.0000000000   0.0000000000  -0.0000000000
   2.7965608746  -0.0000000000   0.0000000000  -0.0000000000
   2.8001693402   0.0000000000   0.0000000000  -0.0000000000
   2.8037778059   0.0000000000   0.0000000000   0.0000000000
   2.8073862715   0.0000000000  -0.0000000000   0.0000000000
   2.8109947372   0.0000000000  -0.0000000000   0.0000000000
   2.8146032028   0.0000000000  -0.0000000000   0.0000000000
   2.8182116684  -0.0000000000  -0.0000000000   0.0000000000
   2.8218201341  -0.0000000000   0.0000000000  -0.0000000000
   2.8254285997  -0.0000000000   0.0000000000  -0.0000000000
   2.8290370654  -0.0000000000   0.0000000000  -0.0000000000
   2.8326455310  -0.0000000000   0.0000000000  -0.0000000000
   2.8362539967   0.0000000000   0.0000000000   0.0000000000
   2.8398624623   0.0000000000  -0.0000000000   0.0000000000
   2.8434709280   0.0000000000  -0.0000000000   0.0000000000
   2.8470793936   0.0000000000  -0.0000000000   0.0000000000
   2.8506878592  -0.0000000000  -0.0000000000   0.0000000000
   2.8542963249  -0.0000000000  -0.0000000000  -0.0000000000
   2.8579047905  -0.0000000000   0.0000000000  -0.0000000000
   2.8615132562  -0.0000000000   0.0000000000  -0.0000000000
   2.8651217218  -0.0000000000   0.0000000000  -0.0000000000
   2.8687301875   0.0000000000   0.0000000000  -0.0000000000
   2.8723386531   0.0000000000  -0.0000000000   0.0000000000
   2.8759471188   0.0000000000  -0.0000000000   0.0000000000
   2.8795555844   0.0000000000  -0.0000000000   0.0000000000
   2.8831640500   0.0000000000  -0.0000000000   0.0000000000
   2.8867725157  -0.0000000000  -0.0000000000   0.0000000000
   2.8903809813  -0.0000000000   0.0000000000  -0.0000000000
   2.8939894470  -0.0000000000   0.0000000000  -0.0000000000
   2.8975979126  -0.0000000000   0.0000000000  -0.0000000000
   2.9012063783   0.0000000000   0.0000000000  -0.0000000000
   2.9048148439   0.0000000000   0.0000000000   0.0000000000
   2.9084233096   0.0000000000  -0.0000000000   0.0000000000
   2.9120317752   0.0000000000  -0.0000000000   0.0000000000
   2.9156402408   0.0000000000  -0.0000000000   0.0000000000
   2.9192487065  -0.0000000000  -0.0000000000   0.0000000000
   2.9228571721  -0.0000000000   0.0000000000  -0.0000000000
   2.9264656378  -0.0000000000   0.0000000000  -0.0000000000
   2.9300741034  -0.0000000000   0.0000000000  -0.0000000000
   2.9336825691  -0.0000000000   0.0000000000  -0.0000000000
   2.9372910347   0.0000000000   0.0000000000  -0.0000000000
   2.9408995004   0.0000000000  -0.0000000000   0.0000000000
   2.9445079660   0.0000000000  -0.0000000000   0.0000000000
   2.9481164316   0.0000000000  -0.0000000000   0.0000000000
   2.9517248973   0.0000000000  -0.0000000000   0.0000000000
   2.9553333629  -0.0000000000  -0.0000000000   0.0000000000
   2.9589418286  -0.0000000000   0.0000000000  -0.0000000000
   2.9625502942  -0.0000000000   0.0000000000  -0.0000000000
   2.9661587599  -0.0000000000   0.0000000000  -0.0000000000
   2.9697672255   0.0000000000   0.0000000000  -0.0000000000
   2.9733756912   0.0000000000   0.0000000000   0.0000000000
   2.9769841568   0.0000000000  -0.0000000000   0.0000000000
   2.9805926225   0.0000000000  -0.0000000000   0.0000000000
   2.9842010881   0.0000000000  -0.0000000000   0.0000000000
   2.9878095537  -0.0000000000  -0.0000000000   0.0000000000
   2.9914180194  -0.0000000000  -0.0000000000  -0.0000000000
   2.9950264850  -0.0000000000   0.0000000000  -0.0000000000
   2.9986349507  -0.0000000000   0.0000000000  -0.0000000000
   3.0022434163  -0.0000000000   0.0000000000  -0.0000000000
   3.0058518820   0.0000000000   0.0000000000  -0.0000000000
   3.0094603476   0.0000000000  -0.0000000000   0.0000000000
   3.0130688133   0.0000000000  -0.0000000000   0.0000000001
   3.0166772789   0.0000000000  -0.0000000000   0.0000000001
   3.0202857445   0.0000000000  -0.0000000000   0.0000000001
   3.0238942102  -0.0000000000  -0.0000000000   0.0000000000
   3.0275026758  -0.0000000000   0.0000000000  -0.0000000001
   3.0311111415  -0.0000000000   0.0000000001  -0.0000000002
   3.0347196071  -0.0000000000   0.0000000001  -0.0000000003
   3.0383280728  -0.0000000000   0.0000000001  -0.0000000003
   3.0419365384   0.0000000000   0.0000000001  -0.0000000000
   3.0455450041   0.0000000000  -0.0000000000   0.0000000003
   3.0491534697   0.0000000000  -0.0000000002   0.0000000006
   3.0527619353   0.0000000000  -0.0000000003   0.0000000007
   3.0563704010   0.0000000000  -0.0000000003   0.0000000006
   3.0599788666  -0.0000000000  -0.0000000001   0.0000000000
   3.0635873323  -0.0000000001   0.0000000001  -0.0000000008
   3.0671957979  -0.0000000001   0.0000000004  -0.0000000015
   3.0708042636  -0.0000000001   0.0000000006  -0.0000000017
   3.0744127292   0.0000000000   0.0000000006  -0.0000000012
   3.0780211949   0.0000000001   0.0000000002   0.0000000001
   3.0816296605   0.0000000002  -0.0000000004   0.0000000019
   3.0852381261   0.0000000002  -0.0000000010   0.0000000035
   3.0888465918   0.0000000001  -0.0000000014   0.0000000039
   3.0924550574  -0.0000000000  -0.0000000013   0.0000000026
   3.0960635231  -0.0000000002  -0.0000000004  -0.0000000006
   3.0996719887  -0.0000000004   0.0000000010  -0.0000000047
   3.1032804544  -0.0000000004   0.0000000024  -0.0000000080
   3.1068889200  -0.0000000003   0.0000000033  -0.0000000087
   3.1104973857   0.0000000001   0.0000000028  -0.0000000054
   3.1141058513   0.0000000005   0.0000000008   0.0000000018
   3.1177143169   0.0000000009  -0.0000000023   0.0000000107
   3.1213227826   0.0000000009  -0.0000000055   0.0000000178
   3.1249312482   0.0000000006  -0.0000000072   0.0000000190
   3.1285397139  -0.0000000002  -0.0000000061   0.0000000114
   3.1321481795  -0.0000000011  -0.0000000016  -0.0000000044
   3.1357566452  -0.0000000019   0.0000000052  -0.0000000237
   3.1393651108  -0.0000000020   0.0000000120  -0.0000000386
   3.1429735765  -0.0000000012   0.0000000155  -0.0000000405
   3.1465820421   0.0000000004   0.0000000130  -0.0000000240
   3.1501905077   0.0000000024   0.0000000035   0.0000000093
   3.1537989734   0.0000000040  -0.0000000109   0.0000000497
   3.1574074390   0.0000000042  -0.0000000252   0.0000000807
   3.1610159047   0.0000000025  -0.0000000326   0.0000000846
   3.1646243703  -0.0000000009  -0.0000000275   0.0000000509
   3.1682328360  -0.0000000050  -0.0000000081  -0.0000000172
   3.1718413016  -0.0000000081   0.0000000213  -0.0000000995
   3.1754497673  -0.0000000085   0.0000000506  -0.0000001630
   3.1790582329  -0.0000000052   0.0000000664  -0.0000001728
   3.1826666985   0.0000000015   0.0000000573  -0.0000001078
   3.1862751642   0.0000000096   0.0000000196   0.0000000256
   3.1898836298   0.0000000159  -0.0000000386   0.0000001886
   3.1934920955   0.0000000170  -0.0000000974   0.0000003171
   3.1971005611   0.0000000110  -0.0000001310   0.0000003437
   3.2007090268  -0.0000000018  -0.0000001170   0.0000002270
   3.2043174924  -0.0000000175  -0.0000000475  -0.0000000233
   3.2079259581  -0.0000000301   0.0000000629  -0.0000003355
   3.2115344237  -0.0000000331   0.0000001779  -0.0000005909
   3.2151428894  -0.0000000227   0.0000002489  -0.0000006629
   3.2187513550   0.0000000004   0.0000002329  -0.0000004701
   3.2223598206   0.0000000297   0.0000001130  -0.0000000240
   3.2259682863   0.0000000542  -0.0000000877   0.0000005522
   3.2295767519   0.0000000622  -0.0000003053   0.0000010474
   3.2331852176   0.0000000460  -0.0000004522   0.0000012313
   3.2367936832   0.0000000063  -0.0000004484   0.0000009475
   3.2404021489  -0.0000000462  -0.0000002572   0.0000001982
   3.2440106145  -0.0000000926   0.0000000886  -0.0000008188
   3.2476190802  -0.0000001122   0.0000004841  -0.0000017471
   3.2512275458  -0.0000000904   0.0000007784  -0.0000021838
   3.2548360114  -0.0000000265   0.0000008272  -0.0000018363
   3.2584444771   0.0000000630   0.0000005537  -0.0000006676
   3.2620529427   0.0000001476  -0.0000000053   0.0000010329
   3.2656614084   0.0000001920  -0.0000006889   0.0000026980
   3.2692698740   0.0000001696  -0.0000012517   0.0000036555
   3.2728783397   0.0000000753  -0.0000014446   0.0000033782
   3.2764868053  -0.0000000684  -0.0000011143   0.0000017241
   3.2800952710  -0.0000002150  -0.0000002829  -0.0000009329
   3.2837037366  -0.0000003075   0.0000008264  -0.0000037541
   3.2873122022  -0.0000002999   0.0000018399  -0.0000056816
   3.2909206679  -0.0000001762   0.0000023510  -0.0000058135
   3.2945291335   0.0000000372   0.0000020731  -0.0000037808
   3.2981375992   0.0000002751   0.0000009698   0.0000000215
   3.3017460648   0.0000004519  -0.0000006890   0.0000044641
   3.3053545305   0.0000004915  -0.0000023806   0.0000079995
   3.3089629961   0.0000003572  -0.0000034874   0.0000091853
   3.3125714618   0.0000000717  -0.0000035137   0.0000072389
   3.3161799274  -0.0000002831  -0.0000022875   0.0000024188
   3.3197883930  -0.0000005888  -0.0000000672  -0.0000039376
   3.3233968587  -0.0000007295   0.0000024961  -0.0000097714
   3.3270053243  -0.0000006338   0.0000045462  -0.0000129665
   3.3306137900  -0.0000003065   0.0000053053  -0.0000121044
   3.3342222556   0.0000001656   0.0000043582  -0.0000070396
   3.3378307213   0.0000006360   0.0000018361   0.0000009311
   3.3414391869   0.0000009448  -0.0000015780   0.0000093999
   3.3450476526   0.0000009731  -0.0000048366   0.0000155960
   3.3486561182   0.0000006873  -0.0000068566   0.0000173090
   3.3522645838   0.0000001558  -0.0000068811   0.0000136694
   3.3558730495  -0.0000004674  -0.0000047515   0.0000055056
   3.3594815151  -0.0000009904  -0.0000009911  -0.0000048631
   3.3630899808  -0.0000012444   0.0000033354  -0.0000143379
   3.3666984464  -0.0000011393   0.0000069439  -0.0000200210
   3.3703069121  -0.0000006934   0.0000087289  -0.0000201316
   3.3739153777  -0.0000000289   0.0000081070  -0.0000145529
   3.3775238434   0.0000006666   0.0000051936  -0.0000048364
   3.3811323090   0.0000011974   0.0000007608   0.0000063162
   3.3847407746   0.0000014182  -0.0000040026   0.0000158961
   3.3883492403   0.0000012731  -0.0000078422   0.0000214618
   3.3919577059   0.0000008064  -0.0000097850   0.0000217665
   3.3955661716   0.0000001425  -0.0000093792   0.0000169706
   3.3991746372  -0.0000005540  -0.0000067669   0.0000084313
   3.4027831029  -0.0000011233  -0.0000025932  -0.0000017952
   3.4063915685  -0.0000014480   0.0000021975  -0.0000115330
   3.4100000342  -0.0000014721   0.0000065998  -0.0000189581
   3.4136084998  -0.0000012021   0.0000097533  -0.0000228579
   3.4172169654  -0.0000006951   0.0000110741  -0.0000226832
   3.4208254311  -0.0000000415   0.0000103111  -0.0000184760
   3.4244338967   0.0000006514   0.0000075465  -0.0000107769
   3.4280423624   0.0000012710   0.0000031682  -0.0000005728
   3.4316508280   0.0000017097  -0.0000021713   0.0000107233
   3.4352592937   0.0000018760  -0.0000076128   0.0000213285
   3.4388677593   0.0000017097  -0.0000121833   0.0000292619
   3.4424762250   0.0000011985  -0.0000149357   0.0000326696
   3.4460846906   0.0000003924  -0.0000151285   0.0000302568
   3.4496931563  -0.0000005925  -0.0000124131   0.0000217119
   3.4533016219  -0.0000015860  -0.0000069762   0.0000079674
   3.4569100875  -0.0000023919   0.0000004177  -0.0000088219
   3.4605185532  -0.0000028290   0.0000085158  -0.0000256242
   3.4641270188  -0.0000027725   0.0000157945  -0.0000391334
   3.4677354845  -0.0000021872   0.0000207619  -0.0000464756
   3.4713439501  -0.0000011415   0.0000222742  -0.0000458385
   3.4749524158   0.0000002019   0.0000197879  -0.0000368634
   3.4785608814   0.0000016147   0.0000134897  -0.0000207193
   3.4821693471   0.0000028464   0.0000042764   0.0000001315
   3.4857778127   0.0000036695  -0.0000064021   0.0000223918
   3.4893862783   0.0000039194  -0.0000167942   0.0000424860
   3.4929947440   0.0000035204  -0.0000251321   0.0000570867
   3.4966032096   0.0000024954  -0.0000298927   0.0000635092
   3.5002116753   0.0000009586  -0.0000299818   0.0000599146
   3.5038201409  -0.0000009037  -0.0000248164   0.0000453068
   3.5074286066  -0.0000028598  -0.0000142984   0.0000193515
   3.5110370722  -0.0000046597   0.0000013003  -0.0000179107
   3.5146455379  -0.0000060551   0.0000215006  -0.0000663552
   3.5182540035  -0.0000068080   0.0000457749  -0.0001259555
   3.5218624691  -0.0000066870   0.0000736484  -0.0001967630
   3.5254709348  -0.0000054538   0.0001047077  -0.0002786557
   3.5290794004  -0.0000028490   0.0001385132  -0.0003709171
   3.5326878661   0.0000014131   0.0001744507  -0.0004717940
   3.5362963317   0.0000076317   0.0002115890  -0.0005782360
   3.5399047974   0.0000160867   0.0002486221  -0.0006859887
   3.5435132630   0.0000269907   0.0002839506  -0.0007901095
   3.5471217287   0.0000404397   0.0003159112  -0.0008858144
   3.5507301943   0.0000563807   0.0003430983  -0.0009694146
   3.5543386599   0.0000746091   0.0003646774  -0.0010390271
   3.5579471256   0.0000948026   0.0003805709  -0.0010947872
   3.5615555912   0.0001165829   0.0003914341  -0.0011384494
   3.5651640569   0.0001395875   0.0003984058  -0.0011724851
   3.5687725225   0.0001635277   0.0004027011  -0.0011989791
   3.5723809882   0.0001882142   0.0004051787  -0.0012187140
   3.5759894538   0.0002135410   0.0004060280  -0.0012307665
   3.5795979195   0.0002394369   0.0004046847  -0.0012327518
   3.5832063851   0.0002658018   0.0004000004  -0.0012216060
   3.5868148507   0.0002924537   0.0003906036  -0.0011946025
   3.5904233164   0.0003191036   0.0003753251  -0.0011502319
   3.5940317820   0.0003453674   0.0003535448  -0.0010886530
   3.5976402477   0.0003708065   0.0003253613  -0.0010116135
   3.6012487133   0.0003949826   0.0002915533  -0.0009219472
   3.6048571790   0.0004175060   0.0002533794  -0.0008228959
   3.6084656446   0.0004380663   0.0002123070  -0.0007175198
   3.6120741103   0.0004564384   0.0001697644  -0.0006083640
   3.6156825759   0.0004724740   0.0001269729  -0.0004973967
   3.6192910415   0.0004860847   0.0000848688  -0.0003861049
   3.6228995072   0.0004972288   0.0000440858  -0.0002755972
   3.6265079728   0.0005059039   0.0000049585  -0.0001666114
   3.6301164385   0.0005121412  -0.0000324714  -0.0000594422
   3.6337249041   0.0005159978  -0.0000684383   0.0000461057
   3.6373333698   0.0005175402  -0.0001033905   0.0001506067
   3.6409418354   0.0005168223  -0.0001378587   0.0002546798
   3.6445503011   0.0005138649  -0.0001722554   0.0003584882
   3.6481587667   0.0005086476  -0.0002066522   0.0004612420
   3.6517672323   0.0005011195  -0.0002406056   0.0005609143
   3.6553756980   0.0004912306  -0.0002731034   0.0006543190
   3.6589841636   0.0004789757  -0.0003026688   0.0007375638
   3.6625926293   0.0004644351  -0.0003276040   0.0008067424
   3.6662010949   0.0004478007  -0.0003463056   0.0008586399
   3.6698095606   0.0004293787  -0.0003575597   0.0008912308
   3.6734180262   0.0004095678  -0.0003607379   0.0009038526
   3.6770264919   0.0003888252  -0.0003558558   0.0008970759
   3.6806349575   0.0003676275  -0.0003435101   0.0008724040
   3.6842434232   0.0003464409  -0.0003247421   0.0008319708
   3.6878518888   0.0003257004  -0.0003008890   0.0007783504
   3.6914603544   0.0003057992  -0.0002734596   0.0007144929
   3.6950688201   0.0002870791  -0.0002440441   0.0006437049
   3.6986772857   0.0002698193  -0.0002142337   0.0005695616
   3.7022857514   0.0002542215  -0.0001855269   0.0004956773
   3.7058942170   0.0002403960  -0.0001592105   0.0004253516
   3.7095026827   0.0002283545  -0.0001362325   0.0003611942
   3.7131111483   0.0002180171  -0.0001171042   0.0003048630
   3.7167196140   0.0002092317  -0.0001018731   0.0002570155
   3.7203280796   0.0002018031  -0.0000901823   0.0002174838
   3.7239365452   0.0001955229  -0.0000814066   0.0001855881
   3.7275450109   0.0001901915  -0.0000748198   0.0001604559
   3.7311534765   0.0001856295  -0.0000697428   0.0001412280
   3.7347619422   0.0001816782  -0.0000656333   0.0001271056
   3.7383704078   0.0001781957  -0.0000621050   0.0001172788
   3.7419788735   0.0001750539  -0.0000588975   0.0001108333
   3.7455873391   0.0001721403  -0.0000558310   0.0001067298
   3.7491958048   0.0001693646  -0.0000527793   0.0001038982
   3.7528042704   0.0001666660  -0.0000496716   0.0001014125
   3.7564127360   0.0001640157  -0.0000465135   0.0000986623
   3.7600212017   0.0001614128  -0.0000434017   0.0000954318
   3.7636296673   0.0001588730  -0.0000405105   0.0000918448
   3.7672381330   0.0001564146  -0.0000380435   0.0000882010
   3.7708465986   0.0001540487  -0.0000361661   0.0000847814
   3.7744550643   0.0001517741  -0.0000349468   0.0000817127
   3.7780635299   0.0001495807  -0.0000343318   0.0000789418
   3.7816719956   0.0001474561  -0.0000341646   0.0000763144
   3.7852804612   0.0001453927  -0.0000342383   0.0000736974
   3.7888889268   0.0001433898  -0.0000343580   0.0000710702
   3.7924973925   0.0001414515  -0.0000343843   0.0000685361
   3.7961058581   0.0001395813  -0.0000342453   0.0000662514
   3.7997143238   0.0001377769  -0.0000339184   0.0000643196
   3.8033227894   0.0001360288  -0.0000334003   0.0000627135
   3.8069312551   0.0001343237  -0.0000326845   0.0000612712
   3.8105397207   0.0001326496  -0.0000317595   0.0000597666
   3.8141481864   0.0001310016  -0.0000306265   0.0000580172
   3.8177566520   0.0001293834  -0.0000293223   0.0000559700
   3.8213651176   0.0001278055  -0.0000279302   0.0000537223
   3.8249735833   0.0001262794  -0.0000265698   0.0000514685
   3.8285820489   0.0001248121  -0.0000253657   0.0000494041
   3.8321905146   0.0001234029  -0.0000244102   0.0000476372
   3.8357989802   0.0001220445  -0.0000237357   0.0000461495
   3.8394074459   0.0001207262  -0.0000233095   0.0000448230
   3.8430159115   0.0001194390  -0.0000230514   0.0000435100
   3.8466243772   0.0001181791  -0.0000228656   0.0000421067
   3.8502328428   0.0001169479  -0.0000226706   0.0000405924
   3.8538413084   0.0001157495  -0.0000224156   0.0000390189
   3.8574497741   0.0001145880  -0.0000220795   0.0000374611
   3.8610582397   0.0001134642  -0.0000216585   0.0000359627
   3.8646667054   0.0001123760  -0.0000211514   0.0000345086
   3.8682751710   0.0001113198  -0.0000205543   0.0000330391
   3.8718836367   0.0001102941  -0.0000198668   0.0000314977
   3.8754921023   0.0001093004  -0.0000191053   0.0000298855
   3.8791005680   0.0001083439  -0.0000183149   0.0000282914
   3.8827090336   0.0001074304  -0.0000175707   0.0000268816
   3.8863174992   0.0001065630  -0.0000169647   0.0000258506
   3.8899259649   0.0001057393  -0.0000165830   0.0000253545
   3.8935344305   0.0001049497  -0.0000164802   0.0000254563
   3.8971428962   0.0001041790  -0.0000166616   0.0000261007
   3.9007513618   0.0001034092  -0.0000170777   0.0000271251
   3.9043598275   0.0001026236  -0.0000176327   0.0000282929
   3.9079682931   0.0001018090  -0.0000181992   0.0000293286
   3.9115767588   0.0001009577  -0.0000186339   0.0000299368
   3.9151852244   0.0001000672  -0.0000187868   0.0000297992
   3.9187936901   0.0000991402  -0.0000185040   0.0000285582
   3.9224021557   0.0000981852  -0.0000176274   0.0000258063
   3.9260106213   0.0000972180  -0.0000159966   0.0000210960
   3.9296190870   0.0000962639  -0.0000134578   0.0000139791
   3.9332275526   0.0000953602  -0.0000098801   0.0000040658
   3.9368360183   0.0000945572  -0.0000051755  -0.0000089162
   3.9404444839   0.0000939168   0.0000006850  -0.0000250827
   3.9440529496   0.0000935089   0.0000076658  -0.0000443889
   3.9476614152   0.0000934070   0.0000156729  -0.0000666570
   3.9512698809   0.0000936836   0.0000245704  -0.0000916193
   3.9548783465   0.0000944070   0.0000341995  -0.0001189549
   3.9584868121   0.0000956400   0.0000443930  -0.0001483035
   3.9620952778   0.0000974396   0.0000549803  -0.0001792536
   3.9657037434   0.0000998571   0.0000657842  -0.0002113183
   3.9693122091   0.0001029361   0.0000766133  -0.0002439206
   3.9729206747   0.0001067111   0.0000872594  -0.0002764043
   3.9765291404   0.0001112031   0.0000975028  -0.0003080752
   3.9801376060   0.0001164171   0.0001071259  -0.0003382588
   3.9837460717   0.0001223412   0.0001159299  -0.0003663508
   3.9873545373   0.0001289469   0.0001237472  -0.0003918413
   3.9909630029   0.0001361924   0.0001304437  -0.0004143049
   3.9945714686   0.0001440248   0.0001359116  -0.0004333707
   3.9981799342   0.0001523831   0.0001400582  -0.0004486933
   4.0017883999   0.0001611977   0.0001427977  -0.0004599486
   4.0053968655   0.0001703904   0.0001440528  -0.0004668593
   4.0090053312   0.0001798734   0.0001437650  -0.0004692378
   4.0126137968   0.0001895507   0.0001419086  -0.0004670210
   4.0162222625   0.0001993205   0.0001384995  -0.0004602749
   4.0198307281   0.0002090796   0.0001335923  -0.0004491607
   4.0234391937   0.0002187276   0.0001272667  -0.0004338784
   4.0270476594   0.0002281692   0.0001196087  -0.0004146164
   4.0306561250   0.0002373144   0.0001106962  -0.0003915316
   4.0342645907   0.0002460766   0.0001005972  -0.0003647699
   4.0378730563   0.0002543712   0.0000893788  -0.0003345130
   4.0414815220   0.0002621144   0.0000771243  -0.0003010217
   4.0450899876   0.0002692253   0.0000639449  -0.0002646513
   4.0486984533   0.0002756285   0.0000499824  -0.0002258293
   4.0523069189   0.0002812572   0.0000353995  -0.0001850111
   4.0559153845   0.0002860550   0.0000203664  -0.0001426425
   4.0595238502   0.0002899754   0.0000050512  -0.0000991539
   4.0631323158   0.0002929803  -0.0000103783  -0.0000549907
   4.0667407815   0.0002950384  -0.0000257439  -0.0000106627
   4.0703492471   0.0002961259  -0.0000408423   0.0000332223
   4.0739577128   0.0002962288  -0.0000554403   0.0000759647
   4.0775661784   0.0002953475  -0.0000692835   0.0001168253
   4.0811746441   0.0002934998  -0.0000821184   0.0001551015
   4.0847831097   0.0002907221  -0.0000937192   0.0001901932
   4.0883915753   0.0002870682  -0.0001039081   0.0002216313
   4.0920000410   0.0002826056  -0.0001125611   0.0002490632
   4.0956085066   0.0002774118  -0.0001196014   0.0002722177
   4.0992169723   0.0002715723  -0.0001249875   0.0002908805
   4.1028254379   0.0002651796  -0.0001287068   0.0003049035
   4.1064339036   0.0002583337  -0.0001307795   0.0003142493
   4.1100423692   0.0002511417  -0.0001312714   0.0003190436
   4.1136508349   0.0002437140  -0.0001303052   0.0003196009
   4.1172593005   0.0002361599  -0.0001280608   0.0003164020
   4.1208677661   0.0002285810  -0.0001247594   0.0003100267
   4.1244762318   0.0002210665  -0.0001206371   0.0003010714
   4.1280846974   0.0002136914  -0.0001159169   0.0002900879
   4.1316931631   0.0002065167  -0.0001107915   0.0002775672
   4.1353016287   0.0001995916  -0.0001054223   0.0002639636
   4.1389100944   0.0001929557  -0.0000999491   0.0002497293
   4.1425185600   0.0001866387  -0.0000945020   0.0002353269
   4.1461270257   0.0001806593  -0.0000892035   0.0002212010
   4.1497354913   0.0001750231  -0.0000841594   0.0002077198
   4.1533439570   0.0001697230  -0.0000794425   0.0001951194
   4.1569524226   0.0001647418  -0.0000750806   0.0001834843
   4.1605608882   0.0001600564  -0.0000710579   0.0001727781
   4.1641693539   0.0001556433  -0.0000673309   0.0001629106
   4.1677778195   0.0001514811  -0.0000638522   0.0001538038
   4.1713862852   0.0001475519  -0.0000605897   0.0001454237
   4.1749947508   0.0001438386  -0.0000575320   0.0001377646
   4.1786032165   0.0001403237  -0.0000546799   0.0001308038
   4.1822116821   0.0001369881  -0.0000520297   0.0001244614
   4.1858201478   0.0001338127  -0.0000495619   0.0001185964
   4.1894286134   0.0001307814  -0.0000472426   0.0001130469
   4.1930370790   0.0001278832  -0.0000450364   0.0001076897
   4.1966455447   0.0001251127  -0.0000429236   0.0001024859
   4.2002540103   0.0001224681  -0.0000409093   0.0000974817
   4.2038624760   0.0001199475  -0.0000390186   0.0000927641
   4.2074709416   0.0001175461  -0.0000372797   0.0000883976
   4.2110794073   0.0001152554  -0.0000357047   0.0000843798
   4.2146878729   0.0001130654  -0.0000342805   0.0000806423
   4.2182963386   0.0001109669  -0.0000329736   0.0000770938
   4.2219048042   0.0001089540  -0.0000317468   0.0000736760
   4.2255132698   0.0001070246  -0.0000305769   0.0000703970
   4.2291217355   0.0001051774  -0.0000294618   0.0000673181
   4.2327302011   0.0001034096  -0.0000284137   0.0000645049
   4.2363386668   0.0001017154  -0.0000274436   0.0000619728
   4.2399471324   0.0001000861  -0.0000265463   0.0000596628
   4.2435555981   0.0000985128  -0.0000256969   0.0000574650
   4.2471640637   0.0000969899  -0.0000248618   0.0000552737
   4.2507725294   0.0000955160  -0.0000240156   0.0000530424
   4.2543809950   0.0000940931  -0.0000231554   0.0000508023
   4.2579894606   0.0000927240  -0.0000223014   0.0000486339
   4.2615979263   0.0000914092  -0.0000214848   0.0000466106
   4.2652063919   0.0000901454  -0.0000207292   0.0000447498
   4.2688148576   0.0000889273  -0.0000200376   0.0000430029
   4.2724233232   0.0000877494  -0.0000193936   0.0000412893
   4.2760317889   0.0000866096  -0.0000187734   0.0000395520
   4.2796402545   0.0000855091  -0.0000181629   0.0000377982
   4.2832487202   0.0000844508  -0.0000175674   0.0000360976
   4.2868571858   0.0000834367  -0.0000170075   0.0000345397
   4.2904656514   0.0000824649  -0.0000165049   0.0000331774
   4.2940741171   0.0000815300  -0.0000160667   0.0000319922
   4.2976825827   0.0000806244  -0.0000156781   0.0000309049
   4.3012910484   0.0000797428  -0.0000153096   0.0000298227
   4.3048995140   0.0000788835  -0.0000149328   0.0000286940
   4.3085079797   0.0000780493  -0.0000145357   0.0000275354
   4.3121164453   0.0000772443  -0.0000141279   0.0000264139
   4.3157249110   0.0000764704  -0.0000137319   0.0000253978
   4.3193333766   0.0000757252  -0.0000133680   0.0000245079
   4.3229418422   0.0000750020  -0.0000130402   0.0000237008
   4.3265503079   0.0000742939  -0.0000127345   0.0000228955
   4.3301587735   0.0000735977  -0.0000124284   0.0000220243
   4.3337672392   0.0000729168  -0.0000121064   0.0000210754
   4.3373757048   0.0000722593  -0.0000117700   0.0000201003
   4.3409841705   0.0000716325  -0.0000114381   0.0000191808
   4.3445926361   0.0000710375  -0.0000111351   0.0000183782
   4.3482011018   0.0000704664  -0.0000108764   0.0000176974
   4.3518095674   0.0000699061  -0.0000106597   0.0000170871
   4.3554180330   0.0000693462  -0.0000104665   0.0000164748
   4.3590264987   0.0000687872  -0.0000102736   0.0000158130
   4.3626349643   0.0000682423  -0.0000100658   0.0000151067
   4.3662434300   0.0000677298  -0.0000098438   0.0000144063
   4.3698518956   0.0000672599  -0.0000096217   0.0000137741
   4.3734603613   0.0000668240  -0.0000094181   0.0000132449
   4.3770688269   0.0000663953  -0.0000092448   0.0000128061
   4.3806772926   0.0000659442  -0.0000091003   0.0000124068
   4.3842857582   0.0000654595  -0.0000089699   0.0000119867
   4.3878942238   0.0000649625  -0.0000088330   0.0000115063
   4.3915026895   0.0000644988  -0.0000086721   0.0000109638
   4.3951111551   0.0000641108  -0.0000084826   0.0000103926
   4.3987196208   0.0000638034  -0.0000082765   0.0000098446
   4.4023280864   0.0000635293  -0.0000080796   0.0000093686
   4.4059365521   0.0000632104  -0.0000079211   0.0000089899
   4.4095450177   0.0000627881  -0.0000078179   0.0000086960
   4.4131534834   0.0000622734  -0.0000077608   0.0000084336
   4.4167619490   0.0000617579  -0.0000077133   0.0000081247
   4.4203704147   0.0000613663  -0.0000076264   0.0000077029
   4.4239788803   0.0000611720  -0.0000074677   0.0000071595
   4.4275873459   0.0000611276  -0.0000072481   0.0000065702
   4.4311958116   0.0000610686  -0.0000070274   0.0000060753
   4.4348042772   0.0000608045  -0.0000068866   0.0000058064
   4.4384127429   0.0000602525  -0.0000068771   0.0000057914
   4.4420212085   0.0000595250  -0.0000069758   0.0000059007
   4.4456296742   0.0000588952  -0.0000070798   0.0000058878
   4.4492381398   0.0000586370  -0.0000070578   0.0000055278
   4.4528466055   0.0000588261  -0.0000068340   0.0000047815
   4.4564550711   0.0000592406  -0.0000064562   0.0000038735
   4.4600635367   0.0000594522  -0.0000060919   0.0000032033
   4.4636720024   0.0000590867  -0.0000059400   0.0000031079
   4.4672804680   0.0000581001  -0.0000060989   0.0000036103
   4.4708889337   0.0000568785  -0.0000064766   0.0000043296
   4.4744973993   0.0000560535  -0.0000068127   0.0000046544
   4.4781058650   0.0000561101  -0.0000068233   0.0000041170
   4.4817143306   0.0000570230  -0.0000063915   0.0000027458
   4.4853227963   0.0000581807  -0.0000056791   0.0000011452
   4.4889312619   0.0000587013  -0.0000050692   0.0000001945
   4.4925397275   0.0000579863  -0.0000049464   0.0000005011
   4.4961481932   0.0000561717  -0.0000054392   0.0000019438
   4.4997566588   0.0000541500  -0.0000062916   0.0000036323
   4.5033651245   0.0000530864  -0.0000069731   0.0000043782
   4.5069735901   0.0000536838  -0.0000069877   0.0000034375
   4.5105820558   0.0000556582  -0.0000062032   0.0000010626
   4.5141905214   0.0000578009  -0.0000049856  -0.0000015308
   4.5177989871   0.0000586559  -0.0000040235  -0.0000028335
   4.5214074527   0.0000574324  -0.0000039232  -0.0000019819
   4.5250159183   0.0000545790  -0.0000048141   0.0000006194
   4.5286243840   0.0000516112  -0.0000062198   0.0000034320
   4.5322328496   0.0000502426  -0.0000073041   0.0000046545
   4.5358413153   0.0000513260  -0.0000073638   0.0000033294
   4.5394497809   0.0000542675  -0.0000062717  -0.0000000045
   4.5430582466   0.0000573160  -0.0000045888  -0.0000035587
   4.5466667122   0.0000585843  -0.0000032560  -0.0000053289
   4.5502751779   0.0000571903  -0.0000030421  -0.0000043022
   4.5538836435   0.0000538082  -0.0000040804  -0.0000010884
   4.5574921091   0.0000502805  -0.0000057821   0.0000024241
   4.5611005748   0.0000485241  -0.0000071804   0.0000041837
   4.5647090404   0.0000494065  -0.0000074953   0.0000031770
   4.5683175061   0.0000522747  -0.0000065753  -0.0000000162
   4.5719259717   0.0000554011  -0.0000049566  -0.0000036257
   4.5755344374   0.0000570331  -0.0000035216  -0.0000057670
   4.5791429030   0.0000563831  -0.0000029841  -0.0000055069
   4.5827513687   0.0000539715  -0.0000035156  -0.0000032868
   4.5863598343   0.0000511830  -0.0000047170  -0.0000005170
   4.5899682999   0.0000493857  -0.0000059110   0.0000013260
   4.5935767656   0.0000491945  -0.0000065431   0.0000014999
   4.5971852312   0.0000502923  -0.0000064416   0.0000002404
   4.6007936969   0.0000518188  -0.0000058132  -0.0000015945
   4.6044021625   0.0000529781  -0.0000050339  -0.0000031446
   4.6080106282   0.0000534402  -0.0000044097  -0.0000039885
   4.6116190938   0.0000533309  -0.0000040626  -0.0000041787
   4.6152275595   0.0000529292  -0.0000039731  -0.0000039635
   4.6188360251   0.0000523759  -0.0000040940  -0.0000034979
   4.6224444907   0.0000516270  -0.0000044154  -0.0000027820
   4.6260529564   0.0000506465  -0.0000049282  -0.0000018334
   4.6296614220   0.0000496236  -0.0000055399  -0.0000008872
   4.6332698877   0.0000489831  -0.0000060396  -0.0000003935
   4.6368783533   0.0000491393  -0.0000061764  -0.0000007660
   4.6404868190   0.0000501668  -0.0000058126  -0.0000020543
   4.6440952846   0.0000516513  -0.0000050440  -0.0000038044
   4.6477037503   0.0000528649  -0.0000041867  -0.0000052504
   4.6513122159   0.0000531762  -0.0000036210  -0.0000057392
   4.6549206816   0.0000524275  -0.0000035840  -0.0000051142
   4.6585291472   0.0000510228  -0.0000040429  -0.0000037980
   4.6621376128   0.0000496675  -0.0000047309  -0.0000025192
   4.6657460785   0.0000489341  -0.0000053178  -0.0000018666
   4.6693545441   0.0000489433  -0.0000056011  -0.0000019657
   4.6729630098   0.0000493613  -0.0000055953  -0.0000024819
   4.6765714754   0.0000496984  -0.0000054684  -0.0000029258
   4.6801799411   0.0000496875  -0.0000053833  -0.0000030373
   4.6837884067   0.0000494763  -0.0000053607  -0.0000029738
   4.6873968724   0.0000494968  -0.0000052650  -0.0000031733
   4.6910053380   0.0000501002  -0.0000049249  -0.0000039812
   4.6946138036   0.0000512109  -0.0000043065  -0.0000053027
   4.6982222693   0.0000522549  -0.0000036122  -0.0000065345
   4.7018307349   0.0000524520  -0.0000032181  -0.0000068646
   4.7054392006   0.0000513196  -0.0000034649  -0.0000057890
   4.7090476662   0.0000490807  -0.0000044191  -0.0000035321
   4.7126561319   0.0000466853  -0.0000057570  -0.0000010778
   4.7162645975   0.0000453703  -0.0000068721   0.0000002751
   4.7198730632   0.0000459612  -0.0000071759  -0.0000003675
   4.7234815288   0.0000483180  -0.0000064385  -0.0000029054
   4.7270899944   0.0000512891  -0.0000049675  -0.0000061671
   4.7306984601   0.0000532701  -0.0000034926  -0.0000084642
   4.7343069257   0.0000530971  -0.0000027905  -0.0000085191
   4.7379153914   0.0000507631  -0.0000032470  -0.0000062436
   4.7415238570   0.0000475011  -0.0000046127  -0.0000028760
   4.7451323227   0.0000451274  -0.0000061184  -0.0000003333
   4.7487407883   0.0000449949  -0.0000069033  -0.0000001148
   4.7523492540   0.0000471745  -0.0000065170  -0.0000023985
   4.7559577196   0.0000503820  -0.0000051921  -0.0000058997
   4.7595661852   0.0000527236  -0.0000037139  -0.0000086090
   4.7631746509   0.0000528193  -0.0000029564  -0.0000089812
   4.7667831165   0.0000506181  -0.0000033658  -0.0000068487
   4.7703915822   0.0000474007  -0.0000047049  -0.0000034953
   4.7740000478   0.0000449804  -0.0000062121  -0.0000008553
   4.7776085135   0.0000446172  -0.0000070655  -0.0000003547
   4.7812169791   0.0000463244  -0.0000068565  -0.0000021199
   4.7848254448   0.0000489702  -0.0000057870  -0.0000050179
   4.7884339104   0.0000510484  -0.0000044925  -0.0000074364
   4.7920423760   0.0000515822  -0.0000036357  -0.0000082569
   4.7956508417   0.0000505881  -0.0000035424  -0.0000073986
   4.7992593073   0.0000488754  -0.0000040926  -0.0000056621
   4.8028677730   0.0000474092  -0.0000048897  -0.0000040802
   4.8064762386   0.0000467214  -0.0000055488  -0.0000032782
   4.8100847043   0.0000467391  -0.0000058972  -0.0000032526
   4.8136931699   0.0000470566  -0.0000059791  -0.0000036194
   4.8173016356   0.0000473556  -0.0000059153  -0.0000040423
   4.8209101012   0.0000476284  -0.0000057632  -0.0000044788
   4.8245185668   0.0000480639  -0.0000054912  -0.0000050837
   4.8281270325   0.0000487499  -0.0000050693  -0.0000059179
   4.8317354981   0.0000494756  -0.0000045746  -0.0000067502
   4.8353439638   0.0000498145  -0.0000042054  -0.0000071422
   4.8389524294   0.0000494222  -0.0000041784  -0.0000067513
   4.8425608951   0.0000483133  -0.0000045837  -0.0000056105
   4.8461693607   0.0000469012  -0.0000053061  -0.0000041625
   4.8497778264   0.0000457770  -0.0000060720  -0.0000030253
   4.8533862920   0.0000453900  -0.0000065863  -0.0000026616
   4.8569947576   0.0000458423  -0.0000066696  -0.0000031738
   4.8606032233   0.0000469010  -0.0000063180  -0.0000043227
   4.8642116889   0.0000481631  -0.0000056725  -0.0000057011
   4.8678201546   0.0000492339  -0.0000049444  -0.0000069091
   4.8714286202   0.0000498203  -0.0000043483  -0.0000076386
   4.8750370859   0.0000497528  -0.0000040610  -0.0000076899
   4.8786455515   0.0000490055  -0.0000041891  -0.0000070008
   4.8822540172   0.0000477431  -0.0000047290  -0.0000057161
   4.8858624828   0.0000463431  -0.0000055364  -0.0000042298
   4.8894709485   0.0000453064  -0.0000063454  -0.0000030959
   4.8930794141   0.0000450460  -0.0000068619  -0.0000027906
   4.8966878797   0.0000456555  -0.0000068997  -0.0000034453
   4.9002963454   0.0000468237  -0.0000064801  -0.0000047384
   4.9039048110   0.0000479823  -0.0000058261  -0.0000060516
   4.9075132767   0.0000486182  -0.0000052407  -0.0000068151
   4.9111217423   0.0000485528  -0.0000049439  -0.0000068222
   4.9147302080   0.0000480046  -0.0000049698  -0.0000063026
   4.9183386736   0.0000474003  -0.0000051856  -0.0000057164
   4.9219471393   0.0000470775  -0.0000054095  -0.0000054254
   4.9255556049   0.0000470867  -0.0000055376  -0.0000054777
   4.9291640705   0.0000472199  -0.0000055920  -0.0000056425
   4.9327725362   0.0000472146  -0.0000056691  -0.0000056400
   4.9363810018   0.0000469671  -0.0000058393  -0.0000053750
   4.9399894675   0.0000465981  -0.0000060801  -0.0000049999
   4.9435979331   0.0000463423  -0.0000062895  -0.0000047808
   4.9472063988   0.0000463678  -0.0000063610  -0.0000048902
   4.9508148644   0.0000466641  -0.0000062578  -0.0000052890
   4.9544233301   0.0000470684  -0.0000060338  -0.0000057718
   4.9580317957   0.0000473844  -0.0000057945  -0.0000061169
   4.9616402613   0.0000474937  -0.0000056349  -0.0000062155
   4.9652487270   0.0000473872  -0.0000055995  -0.0000060958
   4.9688571926   0.0000471271  -0.0000056811  -0.0000058558
   4.9724656583   0.0000467955  -0.0000058440  -0.0000055864
   4.9760741239   0.0000464769  -0.0000060422  -0.0000053477
   4.9796825896   0.0000462623  -0.0000062255  -0.0000051929
   4.9832910552   0.0000462365  -0.0000063425  -0.0000051838
   4.9868995209   0.0000464285  -0.0000063563  -0.0000053577
   4.9905079865   0.0000467606  -0.0000062697  -0.0000056703
   4.9941164521   0.0000470559  -0.0000061388  -0.0000059793
   4.9977249178   0.0000471287  -0.0000060515  -0.0000061100
   5.0013333834   0.0000469075  -0.0000060772  -0.0000059725
   5.0049418491   0.0000465006  -0.0000062190  -0.0000056409
   5.0085503147   0.0000461421  -0.0000064048  -0.0000053222
   5.0121587804   0.0000460434  -0.0000065316  -0.0000052243
   5.0157672460   0.0000462522  -0.0000065322  -0.0000054155
   5.0193757117   0.0000466200  -0.0000064202  -0.0000057766
   5.0229841773   0.0000469034  -0.0000062803  -0.0000060837
   5.0265926429   0.0000469250  -0.0000062114  -0.0000061584
   5.0302011086   0.0000466809  -0.0000062645  -0.0000059786
   5.0338095742   0.0000463256  -0.0000064161  -0.0000056763
   5.0374180399   0.0000460579  -0.0000065907  -0.0000054368
   5.0410265055   0.0000459958  -0.0000067120  -0.0000053806
   5.0446349712   0.0000461248  -0.0000067441  -0.0000055078
   5.0482434368   0.0000463364  -0.0000067018  -0.0000057267
   5.0518519025   0.0000465102  -0.0000066300  -0.0000059260
   5.0554603681   0.0000465748  -0.0000065763  -0.0000060319
   5.0590688337   0.0000465188  -0.0000065721  -0.0000060213
   5.0626772994   0.0000463690  -0.0000066277  -0.0000059091
   5.0662857650   0.0000461708  -0.0000067339  -0.0000057350
   5.0698942307   0.0000459850  -0.0000068625  -0.0000055630
   5.0735026963   0.0000458823  -0.0000069719  -0.0000054722
   5.0771111620   0.0000459166  -0.0000070213  -0.0000055248
   5.0807196276   0.0000460842  -0.0000069937  -0.0000057183
   5.0843280933   0.0000463014  -0.0000069129  -0.0000059650
   5.0879365589   0.0000464373  -0.0000068384  -0.0000061273
   5.0915450245   0.0000463909  -0.0000068329  -0.0000061015
   5.0951534902   0.0000461646  -0.0000069231  -0.0000058930
   5.0987619558   0.0000458749  -0.0000070788  -0.0000056250
   5.1023704215   0.0000456840  -0.0000072288  -0.0000054637
   5.1059788871   0.0000456957  -0.0000073053  -0.0000055099
   5.1095873528   0.0000458874  -0.0000072865  -0.0000057325
   5.1131958184   0.0000461284  -0.0000072086  -0.0000059923
   5.1168042841   0.0000462670  -0.0000071404  -0.0000061365
   5.1204127497   0.0000462252  -0.0000071391  -0.0000060964
   5.1240212154   0.0000460366  -0.0000072179  -0.0000059195
   5.1276296810   0.0000458095  -0.0000073449  -0.0000057238
   5.1312381466   0.0000456524  -0.0000074686  -0.0000056144
   5.1348466123   0.0000456156  -0.0000075496  -0.0000056266
   5.1384550779   0.0000456826  -0.0000075770  -0.0000057248
   5.1420635436   0.0000457989  -0.0000075655  -0.0000058456
   5.1456720092   0.0000459077  -0.0000075410  -0.0000059396
   5.1492804749   0.0000459667  -0.0000075284  -0.0000059857
   5.1528889405   0.0000459498  -0.0000075455  -0.0000059794
   5.1564974062   0.0000458501  -0.0000076013  -0.0000059211
   5.1601058718   0.0000456904  -0.0000076926  -0.0000058208
   5.1637143374   0.0000455292  -0.0000078007  -0.0000057118
   5.1673228031   0.0000454417  -0.0000078949  -0.0000056482
   5.1709312687   0.0000454779  -0.0000079459  -0.0000056768
   5.1745397344   0.0000456218  -0.0000079442  -0.0000058000
   5.1781482000   0.0000457887  -0.0000079094  -0.0000059602
   5.1817566657   0.0000458708  -0.0000078826  -0.0000060676
   5.1853651313   0.0000458062  -0.0000079029  -0.0000060566
   5.1889735970   0.0000456210  -0.0000079832  -0.0000059311
   5.1925820626   0.0000454147  -0.0000081022  -0.0000057650
   5.1961905282   0.0000452958  -0.0000082178  -0.0000056556
   5.1997989939   0.0000453143  -0.0000082924  -0.0000056628
   5.2034074595   0.0000454366  -0.0000083140  -0.0000057748
   5.2070159252   0.0000455763  -0.0000082998  -0.0000059227
   5.2106243908   0.0000456528  -0.0000082834  -0.0000060265
   5.2142328565   0.0000456350  -0.0000082949  -0.0000060411
   5.2178413221   0.0000455450  -0.0000083473  -0.0000059727
   5.2214497878   0.0000454303  -0.0000084341  -0.0000058650
   5.2250582534   0.0000453326  -0.0000085357  -0.0000057704
   5.2286667190   0.0000452750  -0.0000086286  -0.0000057272
   5.2322751847   0.0000452651  -0.0000086941  -0.0000057496
   5.2358836503   0.0000453003  -0.0000087244  -0.0000058279
   5.2394921160   0.0000453639  -0.0000087267  -0.0000059306
   5.2431005816   0.0000454204  -0.0000087227  -0.0000060125
   5.2467090473   0.0000454239  -0.0000087400  -0.0000060313
   5.2503175129   0.0000453449  -0.0000087986  -0.0000059700
   5.2539259786   0.0000451981  -0.0000088981  -0.0000058530
   5.2575344442   0.0000450463  -0.0000090156  -0.0000057398
   5.2611429098   0.0000449684  -0.0000091167  -0.0000056934
   5.2647513755   0.0000450104  -0.0000091758  -0.0000057421
   5.2683598411   0.0000451523  -0.0000091909  -0.0000058597
   5.2719683068   0.0000453179  -0.0000091850  -0.0000059803
   5.2755767724   0.0000454217  -0.0000091913  -0.0000060394
   5.2791852381   0.0000454193  -0.0000092337  -0.0000060126
   5.2827937037   0.0000453276  -0.0000093144  -0.0000059262
   5.2864021694   0.0000452035  -0.0000094164  -0.0000058345
   5.2900106350   0.0000451011  -0.0000095160  -0.0000057837
   5.2936191006   0.0000450403  -0.0000095962  -0.0000057869
   5.2972275663   0.0000450055  -0.0000096527  -0.0000058268
   5.3008360319   0.0000449676  -0.0000096918  -0.0000058753
   5.3044444976   0.0000449074  -0.0000097239  -0.0000059123
   5.3080529632   0.0000448234  -0.0000097597  -0.0000059298
   5.3116614289   0.0000447262  -0.0000098085  -0.0000059256
   5.3152698945   0.0000446309  -0.0000098766  -0.0000058977
   5.3188783602   0.0000445595  -0.0000099644  -0.0000058489
   5.3224868258   0.0000445444  -0.0000100629  -0.0000057950
   5.3260952914   0.0000446231  -0.0000101557  -0.0000057648
   5.3297037571   0.0000448163  -0.0000102265  -0.0000057847
   5.3333122227   0.0000451039  -0.0000102694  -0.0000058585
   5.3369206884   0.0000454179  -0.0000102946  -0.0000059568
   5.3405291540   0.0000456653  -0.0000103238  -0.0000060308
   5.3441376197   0.0000457691  -0.0000103775  -0.0000060413
   5.3477460853   0.0000457010  -0.0000104630  -0.0000059845
   5.3513545510   0.0000454839  -0.0000105699  -0.0000058944
   5.3549630166   0.0000451644  -0.0000106778  -0.0000058207
   5.3585714823   0.0000447811  -0.0000107678  -0.0000057979
   5.3621799479   0.0000443517  -0.0000108330  -0.0000058262
   5.3657884135   0.0000438883  -0.0000108797  -0.0000058759
   5.3693968792   0.0000434246  -0.0000109221  -0.0000059097
   5.3730053448   0.0000430305  -0.0000109741  -0.0000059055
   5.3766138105   0.0000428000  -0.0000110442  -0.0000058668
   5.3802222761   0.0000428222  -0.0000111328  -0.0000058172
   5.3838307418   0.0000431519  -0.0000112339  -0.0000057856
   5.3874392074   0.0000437970  -0.0000113370  -0.0000057935
   5.3910476731   0.0000447165  -0.0000114308  -0.0000058477
   5.3946561387   0.0000458225  -0.0000115077  -0.0000059392
   5.3982646043   0.0000469774  -0.0000115687  -0.0000060460
   5.4018730700   0.0000479963  -0.0000116238  -0.0000061389
