   0.0000000000   0.0000000000   0.0000000000   0.0000000000
   0.0144338626   0.0000000000   0.0000000000   0.0000000000
   0.0288677252   0.0000000000   0.0000000000   0.0000000000
   0.0433015877   0.0000000000   0.0000000000   0.0000000000
   0.0577354503   0.0000000000   0.0000000000   0.0000000000
   0.0721693129   0.0000000000   0.0000000000   0.0000000000
   0.0866031755   0.0000000000   0.0000000000   0.0000000000
   0.1010370380   0.0000000000   0.0000000000   0.0000000000
   0.1154709006  -0.0000000000  -0.0000000000   0.0000000000
   0.1299047632  -0.0000000000  -0.0000000000   0.0000000000
   0.1443386258  -0.0000000000  -0.0000000000   0.0000000000
   0.1587724884  -0.0000000000  -0.0000000000   0.0000000000
   0.1732063509  -0.0000000000  -0.0000000000   0.0000000000
   0.1876402135  -0.0000000000  -0.0000000000   0.0000000000
   0.2020740761  -0.0000000000  -0.0000000000   0.0000000000
   0.2165079387   0.0000000000   0.0000000000   0.0000000000
   0.2309418013   0.0000000000   0.0000000000   0.0000000000
   0.2453756638   0.0000000000  -0.0000000000  -0.0000000000
   0.2598095264   0.0000000000  -0.0000000000  -0.0000000000
   0.2742433890   0.0000000000  -0.0000000000  -0.0000000000
   0.2886772516   0.0000000000   0.0000000000  -0.0000000000
   0.3031111141  -0.0000000000   0.0000000000   0.0000000000
   0.3175449767  -0.0000000000   0.0000000000   0.0000000000
   0.3319788393  -0.0000000000   0.0000000000   0.0000000000
   0.3464127019  -0.0000000000   0.0000000000   0.0000000000
   0.3608465645   0.0000000000   0.0000000000  -0.0000000000
   0.3752804270   0.0000000000   0.0000000000  -0.0000000000
   0.3897142896   0.0000000000  -0.0000000000  -0.0000000000
   0.4041481522   0.0000000000  -0.0000000000  -0.0000000000
   0.4185820148  -0.0000000000  -0.0000000000  -0.0000000000
   0.4330158774  -0.0000000000  -0.0000000000   0.0000000000
   0.4474497399  -0.0000000000  -0.0000000000   0.0000000000
   0.4618836025  -0.0000000000  -0.0000000000   0.0000000000
   0.4763174651   0.0000000000   0.0000000000  -0.0000000000
   0.4907513277   0.0000000000   0.0000000000  -0.0000000000
   0.5051851902   0.0000000000   0.0000000000  -0.0000000000
   0.5196190528  -0.0000000000   0.0000000000   0.0000000000
   0.5340529154  -0.0000000000  -0.0000000000   0.0000000000
   0.5484867780  -0.0000000000  -0.0000000000   0.0000000000
   0.5629206406   0.0000000000  -0.0000000000   0.0000000000
   0.5773545031   0.0000000000   0.0000000000  -0.0000000000
   0.5917883657   0.0000000000   0.0000000000  -0.0000000000
   0.6062222283  -0.0000000000   0.0000000000  -0.0000000000
   0.6206560909  -0.0000000000   0.0000000000   0.0000000000
   0.6350899535  -0.0000000000  -0.0000000000   0.0000000000
   0.6495238160   0.0000000000  -0.0000000000   0.0000000000
   0.6639576786   0.0000000000  -0.0000000000  -0.0000000000
   0.6783915412   0.0000000000  -0.0000000000  -0.0000000000
   0.6928254038  -0.0000000000   0.0000000000   0.0000000000
   0.7072592663  -0.0000000000   0.0000000000   0.0000000000
   0.7216931289  -0.0000000000   0.0000000000   0.0000000000
   0.7361269915   0.0000000000  -0.0000000000  -0.0000000000
   0.7505608541   0.0000000000  -0.0000000000  -0.0000000000
   0.7649947167   0.0000000000  -0.0000000000  -0.0000000000
   0.7794285792  -0.0000000000   0.0000000000   0.0000000000
   0.7938624418  -0.0000000000   0.0000000000   0.0000000000
   0.8082963044  -0.0000000000   0.0000000000   0.0000000000
   0.8227301670   0.0000000000  -0.0000000000  -0.0000000000
   0.8371640296   0.0000000000  -0.0000000000  -0.0000000000
   0.8515978921   0.0000000000  -0.0000000000  -0.0000000000
   0.8660317547  -0.0000000000  -0.0000000000  -0.0000000000
   0.8804656173  -0.0000000000   0.0000000000   0.0000000000
   0.8948994799  -0.0000000000   0.0000000000   0.0000000000
   0.9093333424  -0.0000000000   0.0000000000   0.0000000000
   0.9237672050   0.0000000000  -0.0000000000  -0.0000000000
   0.9382010676   0.0000000000  -0.0000000000  -0.0000000000
   0.9526349302   0.0000000000  -0.0000000000  -0.0000000000
   0.9670687928  -0.0000000000   0.0000000000   0.0000000000
   0.9815026553  -0.0000000000   0.0000000000   0.0000000000
   0.9959365179  -0.0000000000   0.0000000000   0.0000000000
   1.0103703805   0.0000000000  -0.0000000000  -0.0000000000
   1.0248042431   0.0000000000  -0.0000000000  -0.0000000000
   1.0392381056   0.0000000000  -0.0000000000  -0.0000000000
   1.0536719682  -0.0000000000   0.0000000000   0.0000000000
   1.0681058308  -0.0000000000   0.0000000000   0.0000000000
   1.0825396934  -0.0000000000   0.0000000000   0.0000000000
   1.0969735560   0.0000000000  -0.0000000000  -0.0000000000
   1.1114074185   0.0000000000  -0.0000000000  -0.0000000000
   1.1258412811   0.0000000000  -0.0000000000  -0.0000000000
   1.1402751437  -0.0000000000   0.0000000000   0.0000000000
   1.1547090063  -0.0000000000   0.0000000000   0.0000000000
   1.1691428689  -0.0000000000   0.0000000000   0.0000000000
   1.1835767314   0.0000000000  -0.0000000000  -0.0000000000
   1.1980105940   0.0000000000  -0.0000000000  -0.0000000000
   1.2124444566   0.0000000000  -0.0000000000  -0.0000000000
   1.2268783192  -0.0000000000   0.0000000000   0.0000000000
   1.2413121817  -0.0000000000   0.0000000000   0.0000000000
   1.2557460443  -0.0000000000   0.0000000000   0.0000000000
   1.2701799069   0.0000000000  -0.0000000000  -0.0000000000
   1.2846137695   0.0000000000  -0.0000000000  -0.0000000000
   1.2990476321   0.0000000000  -0.0000000000  -0.0000000000
   1.3134814946  -0.0000000000   0.0000000000   0.0000000000
   1.3279153572  -0.0000000000   0.0000000000   0.0000000000
   1.3423492198  -0.0000000000   0.0000000000   0.0000000000
   1.3567830824   0.0000000000  -0.0000000000  -0.0000000000
   1.3712169450   0.0000000000  -0.0000000000  -0.0000000000
   1.3856508075   0.0000000000  -0.0000000000  -0.0000000000
   1.4000846701  -0.0000000000   0.0000000000   0.0000000000
   1.4145185327  -0.0000000000   0.0000000000   0.0000000000
   1.4289523953  -0.0000000000   0.0000000000   0.0000000000
   1.4433862578   0.0000000000  -0.0000000000  -0.0000000000
   1.4578201204   0.0000000000  -0.0000000000  -0.0000000000
   1.4722539830   0.0000000000  -0.0000000000  -0.0000000000
   1.4866878456  -0.0000000000   0.0000000000   0.0000000000
   1.5011217082  -0.0000000000   0.0000000000   0.0000000000
   1.5155555707  -0.0000000000   0.0000000000   0.0000000000
   1.5299894333  -0.0000000000   0.0000000000  -0.0000000000
   1.5444232959   0.0000000000  -0.0000000000  -0.0000000000
   1.5588571585   0.0000000000  -0.0000000000  -0.0000000000
   1.5732910211   0.0000000000   0.0000000000   0.0000000000
   1.5877248836  -0.0000000000   0.0000000000   0.0000000000
   1.6021587462  -0.0000000000   0.0000000000   0.0000000000
   1.6165926088  -0.0000000000  -0.0000000000   0.0000000000
   1.6310264714   0.0000000000  -0.0000000000  -0.0000000000
   1.6454603339   0.0000000000  -0.0000000000  -0.0000000000
   1.6598941965   0.0000000000   0.0000000000  -0.0000000000
   1.6743280591  -0.0000000000   0.0000000000   0.0000000000
   1.6887619217  -0.0000000000   0.0000000000   0.0000000000
   1.7031957843  -0.0000000000  -0.0000000000   0.0000000000
   1.7176296468   0.0000000000  -0.0000000000   0.0000000000
   1.7320635094   0.0000000000  -0.0000000000   0.0000000000
   1.7464973720   0.0000000000   0.0000000000  -0.0000000000
   1.7609312346  -0.0000000000   0.0000000000  -0.0000000000
   1.7753650971  -0.0000000000   0.0000000000  -0.0000000000
   1.7897989597  -0.0000000000   0.0000000000  -0.0000000000
   1.8042328223   0.0000000000  -0.0000000000   0.0000000000
   1.8186666849   0.0000000000  -0.0000000000   0.0000000000
   1.8331005475   0.0000000000  -0.0000000000   0.0000000000
   1.8475344100  -0.0000000000  -0.0000000000   0.0000000000
   1.8619682726  -0.0000000000   0.0000000000  -0.0000000000
   1.8764021352  -0.0000000000   0.0000000000  -0.0000000000
   1.8908359978   0.0000000000   0.0000000000  -0.0000000000
   1.9052698604   0.0000000000   0.0000000000  -0.0000000000
   1.9197037229   0.0000000000  -0.0000000000   0.0000000000
   1.9341375855   0.0000000000  -0.0000000000   0.0000000000
   1.9485714481  -0.0000000000  -0.0000000000   0.0000000000
   1.9630053107  -0.0000000000  -0.0000000000   0.0000000000
   1.9774391732  -0.0000000000  -0.0000000000   0.0000000000
   1.9918730358  -0.0000000000   0.0000000000  -0.0000000000
   2.0063068984  -0.0000000000   0.0000000000  -0.0000000000
   2.0207407610   0.0000000000   0.0000000000  -0.0000000000
   2.0351746236   0.0000000000   0.0000000000  -0.0000000000
   2.0496084861   0.0000000000  -0.0000000000   0.0000000000
   2.0640423487   0.0000000000  -0.0000000000   0.0000000000
   2.0784762113   0.0000000000  -0.0000000000   0.0000000000
   2.0929100739  -0.0000000000  -0.0000000000   0.0000000000
   2.1073439365  -0.0000000000   0.0000000000  -0.0000000000
   2.1217777990  -0.0000000000   0.0000000000  -0.0000000000
   2.1362116616  -0.0000000000   0.0000000000  -0.0000000000
   2.1506455242   0.0000000000   0.0000000000  -0.0000000000
   2.1650793868   0.0000000000  -0.0000000000   0.0000000000
   2.1795132493   0.0000000000  -0.0000000000   0.0000000000
   2.1939471119   0.0000000000  -0.0000000000   0.0000000000
   2.2083809745  -0.0000000000  -0.0000000000   0.0000000000
   2.2228148371  -0.0000000000  -0.0000000000   0.0000000000
   2.2372486997  -0.0000000000   0.0000000000  -0.0000000000
   2.2516825622  -0.0000000000   0.0000000000  -0.0000000000
   2.2661164248   0.0000000000   0.0000000000  -0.0000000000
   2.2805502874   0.0000000000   0.0000000000  -0.0000000000
   2.2949841500   0.0000000000  -0.0000000000   0.0000000000
   2.3094180126   0.0000000000  -0.0000000000   0.0000000000
   2.3238518751  -0.0000000000  -0.0000000000   0.0000000000
   2.3382857377  -0.0000000000  -0.0000000000   0.0000000000
   2.3527196003  -0.0000000000  -0.0000000000  -0.0000000000
   2.3671534629  -0.0000000000   0.0000000000  -0.0000000000
   2.3815873254  -0.0000000000   0.0000000000  -0.0000000000
   2.3960211880   0.0000000000   0.0000000000  -0.0000000000
   2.4104550506   0.0000000000   0.0000000000  -0.0000000000
   2.4248889132   0.0000000000  -0.0000000000   0.0000000001
   2.4393227758   0.0000000000  -0.0000000000   0.0000000001
   2.4537566383  -0.0000000000  -0.0000000001   0.0000000002
   2.4681905009  -0.0000000000  -0.0000000001   0.0000000001
   2.4826243635  -0.0000000000   0.0000000000  -0.0000000001
   2.4970582261  -0.0000000000   0.0000000001  -0.0000000004
   2.5114920887  -0.0000000000   0.0000000002  -0.0000000007
   2.5259259512   0.0000000001   0.0000000002  -0.0000000007
   2.5403598138   0.0000000001   0.0000000001  -0.0000000002
   2.5547936764   0.0000000002  -0.0000000002   0.0000000009
   2.5692275390   0.0000000001  -0.0000000006   0.0000000020
   2.5836614015  -0.0000000001  -0.0000000009   0.0000000027
   2.5980952641  -0.0000000003  -0.0000000008   0.0000000018
   2.6125291267  -0.0000000006  -0.0000000000  -0.0000000009
   2.6269629893  -0.0000000006   0.0000000012  -0.0000000050
   2.6413968519  -0.0000000002   0.0000000026  -0.0000000086
   2.6558307144   0.0000000006   0.0000000032  -0.0000000089
   2.6702645770   0.0000000015   0.0000000020  -0.0000000034
   2.6846984396   0.0000000021  -0.0000000014   0.0000000082
   2.6991323022   0.0000000017  -0.0000000061   0.0000000223
   2.7135661647  -0.0000000002  -0.0000000101   0.0000000313
   2.7280000273  -0.0000000032  -0.0000000101   0.0000000258
   2.7424338899  -0.0000000061  -0.0000000036  -0.0000000002
   2.7568677525  -0.0000000070   0.0000000095  -0.0000000430
   2.7713016151  -0.0000000039   0.0000000252  -0.0000000862
   2.7857354776   0.0000000037   0.0000000350  -0.0000001025
   2.8001693402   0.0000000138   0.0000000292  -0.0000000649
   2.8146032028   0.0000000216   0.0000000016   0.0000000364
   2.8290370654   0.0000000209  -0.0000000441   0.0000001775
   2.8434709280   0.0000000069  -0.0000000911   0.0000002962
   2.8579047905  -0.0000000200  -0.0000001115   0.0000003072
   2.8723386531  -0.0000000509  -0.0000000776   0.0000001414
   2.8867725157  -0.0000000697   0.0000000222  -0.0000002046
   2.9012063783  -0.0000000582   0.0000001671  -0.0000006293
   2.9156402408  -0.0000000057   0.0000002980  -0.0000009293
   2.9300741034   0.0000000800   0.0000003317  -0.0000008633
   2.9445079660   0.0000001679   0.0000001957  -0.0000002706
   2.9589418286   0.0000002087  -0.0000001250   0.0000007948
   2.9733756912   0.0000001540  -0.0000005495   0.0000019854
   2.9878095537  -0.0000000160  -0.0000008972   0.0000027074
   3.0022434163  -0.0000002674  -0.0000009381   0.0000023274
   3.0166772789  -0.0000005038  -0.0000004942   0.0000005009
   3.0311111415  -0.0000005894   0.0000004387  -0.0000025044
   3.0455450041  -0.0000004033   0.0000016063  -0.0000056660
   3.0599788666   0.0000000885   0.0000025098  -0.0000074027
   3.0744127292   0.0000007744   0.0000025559  -0.0000061533
   3.0888465918   0.0000013906   0.0000013220  -0.0000011944
   3.1032804544   0.0000015890  -0.0000011521   0.0000066278
   3.1177143169   0.0000010797  -0.0000041849   0.0000146639
   3.1321481795  -0.0000001978  -0.0000065237   0.0000190434
   3.1465820421  -0.0000019485  -0.0000067288   0.0000160966
   3.1610159047  -0.0000035221  -0.0000038015   0.0000042252
   3.1754497673  -0.0000040877   0.0000021595  -0.0000145309
   3.1898836298  -0.0000029642   0.0000095828  -0.0000341025
   3.2043174924   0.0000000006   0.0000156107  -0.0000457726
   3.2187513550   0.0000041610   0.0000169542  -0.0000412748
   3.2331852176   0.0000080840   0.0000112442  -0.0000167221
   3.2476190802   0.0000099231  -0.0000015838   0.0000241863
   3.2620529427   0.0000081052  -0.0000184899   0.0000693625
   3.2764868053   0.0000021141  -0.0000336557   0.0001010010
   3.2909206679  -0.0000069469  -0.0000401228   0.0001015220
   3.3053545305  -0.0000163268  -0.0000323995   0.0000610751
   3.3197883930  -0.0000222932  -0.0000091784  -0.0000162255
   3.3342222556  -0.0000213955   0.0000249611  -0.0001102944
   3.3486561182  -0.0000119453   0.0000598264  -0.0001891262
   3.3630899808   0.0000048458   0.0000822159  -0.0002185732
   3.3775238434   0.0000246136   0.0000803169  -0.0001750834
   3.3919577059   0.0000407701   0.0000485298  -0.0000569125
   3.4063915685   0.0000464863  -0.0000090747   0.0001108186
   3.4208254311   0.0000371643  -0.0000782213   0.0002801153
   3.4352592937   0.0000125491  -0.0001374788   0.0003929093
   3.4496931563  -0.0000223493  -0.0001642820   0.0003990176
   3.4641270188  -0.0000580053  -0.0001421309   0.0002732983
   3.4785608814  -0.0000827032  -0.0000665676   0.0000258711
   3.4929947440  -0.0000857561   0.0000522178  -0.0002985447
   3.5074286066  -0.0000605771   0.0001912254  -0.0006323180
   3.5218624691  -0.0000065918   0.0003204877  -0.0009038132
   3.5362963317   0.0000706052   0.0004110933  -0.0010571640
   3.5507301943   0.0001608064   0.0004428401  -0.0010664268
   3.5651640569   0.0002518238   0.0004091664  -0.0009399106
   3.5795979195   0.0003322632   0.0003180258  -0.0007141796
   3.5940317820   0.0003936059   0.0001887817  -0.0004408179
   3.6084656446   0.0004311843   0.0000464563  -0.0001711236
   3.6228995072   0.0004441430  -0.0000846806   0.0000561759
   3.6373333698   0.0004348113  -0.0001863011   0.0002210253
   3.6517672323   0.0004079309  -0.0002488136   0.0003215175
   3.6662010949   0.0003699217  -0.0002715266   0.0003686036
   3.6806349575   0.0003280561  -0.0002607413   0.0003789438
   3.6950688201   0.0002892877  -0.0002267348   0.0003685117
   3.7095026827   0.0002586807  -0.0001806100   0.0003484527
   3.7239365452   0.0002378215  -0.0001317513   0.0003235316
   3.7383704078   0.0002239843  -0.0000863202   0.0002928099
   3.7528042704   0.0002108414  -0.0000469695   0.0002520148
   3.7672381330   0.0001909978  -0.0000137177   0.0001970578
   3.7816719956   0.0001597233   0.0000143296   0.0001279497
   3.7961058581   0.0001183864   0.0000370256   0.0000518710
   3.8105397207   0.0000757642   0.0000518413  -0.0000162365
   3.8249735833   0.0000459631   0.0000539554  -0.0000569099
   3.8394074459   0.0000430540   0.0000381648  -0.0000533134
   3.8538413084   0.0000741730   0.0000022165  -0.0000003597
   3.8682751710   0.0001339926  -0.0000497139   0.0000879447
   3.8827090336   0.0002034373  -0.0001051708   0.0001771387
   3.8971428962   0.0002541104  -0.0001447236   0.0002195308
   3.9115767588   0.0002575580  -0.0001468721   0.0001691962
   3.9260106213   0.0001962068  -0.0000954122   0.0000000817
   3.9404444839   0.0000716578   0.0000132725  -0.0002798626
   3.9548783465  -0.0000933229   0.0001660203  -0.0006250798
   3.9693122091  -0.0002604365   0.0003340161  -0.0009622347
   3.9837460717  -0.0003873489   0.0004795364  -0.0012109613
   3.9981799342  -0.0004408431   0.0005663600  -0.0013082520
   4.0126137968  -0.0004067300   0.0005703014  -0.0012274062
   4.0270476594  -0.0002930305   0.0004861506  -0.0009845839
   4.0414815220  -0.0001257829   0.0003286829  -0.0006311584
   4.0559153845   0.0000602396   0.0001277086  -0.0002358224
   4.0703492471   0.0002319250  -0.0000806617   0.0001359146
   4.0847831097   0.0003655658  -0.0002632367   0.0004371790
   4.0992169723   0.0004499527  -0.0003964929   0.0006457911
   4.1136508349   0.0004850979  -0.0004693762   0.0007612927
   4.1280846974   0.0004784863  -0.0004824519   0.0007969291
   4.1425185600   0.0004410736  -0.0004448879   0.0007715081
   4.1569524226   0.0003844455  -0.0003709455   0.0007043238
   4.1713862852   0.0003193519  -0.0002770054   0.0006134319
   4.1858201478   0.0002550236  -0.0001792962   0.0005153976
   4.2002540103   0.0001986001  -0.0000919930   0.0004244036
   4.2146878729   0.0001544698  -0.0000254603   0.0003500778
   4.2291217355   0.0001238130   0.0000151224   0.0002952699
   4.2435555981   0.0001047699   0.0000301773   0.0002557779
   4.2579894606   0.0000933749   0.0000247646   0.0002230789
   4.2724233232   0.0000849828   0.0000064362   0.0001891014
   4.2868571858   0.0000756818  -0.0000172250   0.0001504415
   4.3012910484   0.0000632517  -0.0000402997   0.0001094740
   4.3157249110   0.0000474599  -0.0000588421   0.0000716700
   4.3301587735   0.0000297013  -0.0000700922   0.0000409733
   4.3445926361   0.0000121079  -0.0000716114   0.0000165314
   4.3590264987  -0.0000036192  -0.0000613779  -0.0000067157
   4.3734603613  -0.0000172103  -0.0000390765  -0.0000337762
   4.3878942239  -0.0000300611  -0.0000077075  -0.0000646719
   4.4023280864  -0.0000442746   0.0000259736  -0.0000926961
   4.4167619490  -0.0000607304   0.0000532124  -0.0001077695
   4.4311958116  -0.0000772545   0.0000668260  -0.0001031101
   4.4456296742  -0.0000883802   0.0000647398  -0.0000805751
   4.4600635367  -0.0000875703   0.0000511856  -0.0000502976
   4.4744973993  -0.0000711899   0.0000343614  -0.0000239216
   4.4889312619  -0.0000419155   0.0000215290  -0.0000055923
   4.5033651245  -0.0000089226   0.0000144041   0.0000126300
   4.5177989871   0.0000162204   0.0000079189   0.0000463812
   4.5322328496   0.0000261990  -0.0000064204   0.0001070591
   4.5466667122   0.0000231700  -0.0000343054   0.0001898000
   4.5611005748   0.0000187298  -0.0000734082   0.0002704502
   4.5755344374   0.0000276968  -0.0001128492   0.0003159110
   4.5899682999   0.0000587746  -0.0001383109   0.0003035574
   4.6044021625   0.0001076557  -0.0001401256   0.0002383264
   4.6188360251   0.0001572368  -0.0001194448   0.0001557107
   4.6332698877   0.0001856025  -0.0000884107   0.0001063680
   4.6477037503   0.0001777091  -0.0000637644   0.0001292452
   4.6621376128   0.0001342249  -0.0000574216   0.0002280189
   4.6765714754   0.0000723700  -0.0000695977   0.0003649569
   4.6910053380   0.0000180235  -0.0000886796   0.0004769610
   4.7054392006  -0.0000068198  -0.0000980294   0.0005059900
   4.7198730632   0.0000052827  -0.0000857402   0.0004277727
   4.7343069257   0.0000437946  -0.0000516135   0.0002635647
   4.7487407883   0.0000855078  -0.0000073134   0.0000690131
   4.7631746509   0.0001056996   0.0000303262  -0.0000935156
   4.7776085135   0.0000896016   0.0000489448  -0.0001843808
   4.7920423760   0.0000387897   0.0000477674  -0.0002028358
   4.8064762386  -0.0000302689   0.0000382145  -0.0001823842
   4.8209101012  -0.0000945299   0.0000376536  -0.0001688230
   4.8353439638  -0.0001353850   0.0000596303  -0.0001933278
   4.8497778264  -0.0001469662   0.0001057713  -0.0002552341
   4.8642116889  -0.0001376420   0.0001636965  -0.0003238149
   4.8786455515  -0.0001239970   0.0002121893  -0.0003579680
   4.8930794141  -0.0001205422   0.0002311189  -0.0003326040
   4.9075132767  -0.0001308741   0.0002110856  -0.0002562454
   4.9219471393  -0.0001453910   0.0001578343  -0.0001687769
   4.9363810018  -0.0001470118   0.0000892058  -0.0001195661
   4.9508148644  -0.0001215333   0.0000263809  -0.0001381000
   4.9652487270  -0.0000662652  -0.0000157939  -0.0002146087
   4.9796825896   0.0000084934  -0.0000343119  -0.0003030620
   4.9941164521   0.0000860739  -0.0000368907  -0.0003459204
   5.0085503147   0.0001538397  -0.0000357320  -0.0003067964
   5.0229841773   0.0002105841  -0.0000404451  -0.0001919818
   5.0374180399   0.0002661650  -0.0000543468  -0.0000480406
   5.0518519025   0.0003337311  -0.0000756087   0.0000633368
   5.0662857650   0.0004195480  -0.0001012951   0.0000988308
   5.0807196276   0.0005165479  -0.0001305730   0.0000564399
   5.0951534902   0.0006049259  -0.0001644120  -0.0000244681
   5.1095873528   0.0006587502  -0.0002020544  -0.0000851097
   5.1240212154   0.0006547236  -0.0002372581  -0.0000784169
   5.1384550779   0.0005793113  -0.0002578436   0.0000075189
   5.1528889405   0.0004324570  -0.0002500132   0.0001452225
   5.1673228031   0.0002279733  -0.0002056478   0.0002835211
   5.1817566657  -0.0000087138  -0.0001284940   0.0003737994
   5.1961905282  -0.0002449964  -0.0000353485   0.0003931805
   5.2106243908  -0.0004470695   0.0000490835   0.0003536811
   5.2250582534  -0.0005860246   0.0001016074   0.0002938007
   5.2394921160  -0.0006420128   0.0001099626   0.0002572829
   5.2539259786  -0.0006051429   0.0000780158   0.0002694763
   5.2683598411  -0.0004737049   0.0000245113   0.0003228273
   5.2827937037  -0.0002520498  -0.0000240535   0.0003791777
   5.2972275663   0.0000494457  -0.0000436328   0.0003889010
   5.3116614289   0.0004116590  -0.0000221165   0.0003183422
   5.3260952914   0.0008028968   0.0000354471   0.0001716031
   5.3405291540   0.0011768763   0.0001081024  -0.0000059770
   5.3549630166   0.0014749301   0.0001667349  -0.0001466241
   5.3693968792   0.0016331831   0.0001857242  -0.0001930006
   5.3838307418   0.0015936981   0.0001538280  -0.0001281270
   5.3982646043   0.0013174573   0.0000793400   0.0000142240
   5.4126984669   0.0007965964  -0.0000132090   0.0001650271
   5.4271323295   0.0000632950  -0.0000935444   0.0002535011
   5.4415661921  -0.0008069587  -0.0001384070   0.0002409273
   5.4560000547  -0.0016993535  -0.0001405183   0.0001374895
   5.4704339172  -0.0024716111  -0.0001098444  -0.0000054002
   5.4848677798  -0.0029730473  -0.0000673477  -0.0001219345
   5.4993016424  -0.0030686646  -0.0000349744  -0.0001637582
   5.5137355050  -0.0026645592  -0.0000267645  -0.0001217873
   5.5281693675  -0.0017298560  -0.0000445503  -0.0000289549
   5.5426032301  -0.0003105506  -0.0000790823   0.0000561875
   5.5570370927   0.0014676161  -0.0001151799   0.0000771550
   5.5714709553   0.0034074937  -0.0001384199   0.0000063636
   5.5859048179   0.0052583601  -0.0001408155  -0.0001405586
   5.6003386804   0.0067413812  -0.0001234955  -0.0003095403
   5.6147725430   0.0075818946  -0.0000954212  -0.0004302717
   5.6292064056   0.0075480075  -0.0000686406  -0.0004461267
   5.6436402682   0.0064928441  -0.0000521457  -0.0003380839
   5.6580741308   0.0043937123  -0.0000472736  -0.0001315280
   5.6725079933   0.0013782675  -0.0000470891   0.0001168600
   5.6869418559  -0.0022716756  -0.0000402940   0.0003450483
   5.7013757185  -0.0061431428  -0.0000178490   0.0005112220
   5.7158095811  -0.0097393356   0.0000210565   0.0006065560
   5.7302434436  -0.0125431855   0.0000669150   0.0006498469
   5.7446773062  -0.0140866264   0.0001031181   0.0006681057
   5.7591111688  -0.0140157114   0.0001133017   0.0006741655
   5.7735450314  -0.0121438569   0.0000894652   0.0006535700
   5.7879788940  -0.0084879583   0.0000368198   0.0005681889
   5.8024127565  -0.0032843300  -0.0000274021   0.0003756747
   5.8168466191   0.0030170446  -0.0000811432   0.0000559545
   5.8312804817   0.0097810773  -0.0001075882  -0.0003679765
   5.8457143443   0.0162405384  -0.0001031922  -0.0008258931
   5.8601482069   0.0215745241  -0.0000794260  -0.0012168894
   5.8745820694   0.0250096210  -0.0000569939  -0.0014416341
   5.8890159320   0.0259329130  -0.0000551695  -0.0014378101
   5.9034497946   0.0239967282  -0.0000815969  -0.0012036938
   5.9178836572   0.0191902952  -0.0001278853  -0.0007988934
   5.9323175197   0.0118579255  -0.0001734852  -0.0003207871
   5.9467513823   0.0026567705  -0.0001960933   0.0001337069
   5.9611852449  -0.0075360044  -0.0001833757   0.0005040204
   5.9756191075  -0.0177443035  -0.0001399428   0.0007829821
   5.9900529701  -0.0270168381  -0.0000857756   0.0010073786
   6.0044868326  -0.0345333485  -0.0000466305   0.0012275125
   6.0189206952  -0.0396826739  -0.0000411687   0.0014718042
   6.0333545578  -0.0421104322  -0.0000714296   0.0017247504
   6.0477884204  -0.0417385250  -0.0001216915   0.0019292943
   6.0622222830  -0.0387593079  -0.0001664297   0.0020119563
   6.0766561455  -0.0336059021  -0.0001832471   0.0019177718
   6.0910900081  -0.0268988757  -0.0001639780   0.0016378483
   6.1055238707  -0.0193700880  -0.0001181547   0.0012167091
   6.1199577333  -0.0117679767  -0.0000671867   0.0007366613
   6.1343915958  -0.0047548518  -0.0000326046   0.0002869943
   6.1488254584   0.0011862227  -0.0000248028  -0.0000678982
   6.1632593210   0.0058135541  -0.0000382418  -0.0003077573
   6.1776931836   0.0091398377  -0.0000554117  -0.0004557289
   6.1921270462   0.0113895244  -0.0000571293  -0.0005596377
   6.2065609087   0.0129105616  -0.0000334871  -0.0006652156
   6.2209947713   0.0140653592   0.0000103695  -0.0007942854
   6.2354286339   0.0151322612   0.0000565954  -0.0009376605
   6.2498624965   0.0162439181   0.0000838214  -0.0010646954
   6.2642963590   0.0173751472   0.0000784014  -0.0011430226
   6.2787302216   0.0183762588   0.0000420399  -0.0011573233
   6.2931640842   0.0190349401  -0.0000079593  -0.0011172516
   6.3075979468   0.0191446323  -0.0000458315  -0.0010508853
   6.3220318094   0.0185602182  -0.0000482673  -0.0009878259
   6.3364656719   0.0172301651  -0.0000038363  -0.0009413319
   6.3508995345   0.0152040308   0.0000832704  -0.0008992377
   6.3653333971   0.0126216176   0.0001962456  -0.0008290416
   6.3797672597   0.0096926469   0.0003131229  -0.0006956854
   6.3942011223   0.0066734770   0.0004146200  -0.0004842918
   6.4086349848   0.0038423142   0.0004889235  -0.0002171067
   6.4230688474   0.0014701948   0.0005322904   0.0000445593
   6.4375027100  -0.0002151434   0.0005467296   0.0002168704
   6.4519365726  -0.0010708462   0.0005370475   0.0002241064
   6.4663704351  -0.0010774485   0.0005088880   0.0000322066
   6.4808042977  -0.0003607770   0.0004679458  -0.0003286474
   6.4952381603   0.0008156699   0.0004195271  -0.0007631504
   6.5096720229   0.0020935698   0.0003677371  -0.0011344348
   6.5241058855   0.0030921173   0.0003144504  -0.0013051845
   6.5385397480   0.0034931046   0.0002589312  -0.0011822769
   6.5529736106   0.0031161132   0.0001988337  -0.0007492670
   6.5674074732   0.0019630246   0.0001323994  -0.0000753507
   6.5818413358   0.0002199040   0.0000606782   0.0007022432
   6.5962751984  -0.0017833670  -0.0000117043   0.0014164463
   6.6107090609  -0.0036441951  -0.0000780884   0.0019164956
   6.6251429235  -0.0049712173  -0.0001332769   0.0021070981
   6.6395767861  -0.0054626195  -0.0001774895   0.0019682738
   6.6540106487  -0.0049642120  -0.0002187503   0.0015502310
   6.6684445112  -0.0034983480  -0.0002720282   0.0009464516
   6.6828783738  -0.0012603473  -0.0003546024   0.0002562116
   6.6973122364   0.0014160801  -0.0004787611  -0.0004481111
   6.7117460990   0.0041184560  -0.0006444742  -0.0011355402
   6.7261799616   0.0064299191  -0.0008353721  -0.0018072969
   6.7406138241   0.0080045143  -0.0010205959  -0.0024692591
   6.7550476867   0.0086281177  -0.0011628502  -0.0031004835
   6.7694815493   0.0082517842  -0.0012301187  -0.0036348374
   6.7839154119   0.0069901579  -0.0012064465  -0.0039672631
   6.7983492745   0.0050860798  -0.0010972069  -0.0039847368
   6.8127831370   0.0028512693  -0.0009265821  -0.0036099699
   6.8272169996   0.0005990196  -0.0007285194  -0.0028391667
   6.8416508622  -0.0014140363  -0.0005353264  -0.0017569252
   6.8560847248  -0.0030243903  -0.0003688625  -0.0005206653
   6.8705185873  -0.0041716644  -0.0002376745   0.0006806791
   6.8849524499  -0.0048856949  -0.0001404099   0.0016790076
   6.8993863125  -0.0052593372  -0.0000730013   0.0023719431
   6.9138201751  -0.0054162554  -0.0000357055   0.0027449196
   6.9282540377  -0.0054803299  -0.0000364941   0.0028634521
   6.9426879002  -0.0055501243  -0.0000891130   0.0028389817
   6.9571217628  -0.0056801697  -0.0002065133   0.0027808983
   6.9715556254  -0.0058708244  -0.0003924058   0.0027524529
   6.9859894880  -0.0060687749  -0.0006346581   0.0027472833
   7.0004233506  -0.0061794468  -0.0009037302   0.0026958762
   7.0148572131  -0.0060904383  -0.0011574272   0.0024996355
   7.0292910757  -0.0057023149  -0.0013506583   0.0020788196
   7.0437249383  -0.0049606179  -0.0014467581   0.0014145071
   7.0581588009  -0.0038812196  -0.0014262441   0.0005670365
   7.0725926634  -0.0025607527  -0.0012899901  -0.0003368308
   7.0870265260  -0.0011657819  -0.0010561179  -0.0011429370
   7.1014603886   0.0001003671  -0.0007523243  -0.0017197121
   7.1158942512   0.0010463032  -0.0004068302  -0.0020004056
   7.1303281138   0.0015425862  -0.0000411995  -0.0020025777
   7.1447619763   0.0015563659   0.0003328493  -0.0018184219
   7.1591958389   0.0011588153   0.0007121762  -0.0015794630
   7.1736297015   0.0005039196   0.0010975950  -0.0014076517
   7.1880635641  -0.0002123712   0.0014879842  -0.0013698671
   7.2024974266  -0.0007985009   0.0018754847  -0.0014528442
   7.2169312892  -0.0011068346   0.0022436418  -0.0015695965
   7.2313651518  -0.0010597323   0.0025692769  -0.0015970830
   7.2457990144  -0.0006606084   0.0028275385  -0.0014315320
   7.2602328770   0.0000095642   0.0029984094  -0.0010383184
   7.2746667395   0.0008097183   0.0030723493  -0.0004733185
   7.2891006021   0.0015685559   0.0030529672   0.0001359351
   7.3035344647   0.0021222123   0.0029555813   0.0006425093
   7.3179683273   0.0023516142   0.0028019466   0.0009424474
   7.3324021899   0.0022101155   0.0026128294   0.0010183247
   7.3468360524   0.0017341675   0.0024010480   0.0009436900
   7.3612699150   0.0010343496   0.0021677076   0.0008467659
   7.3757037776   0.0002689797   0.0019034635   0.0008508934
   7.3901376402  -0.0003935379   0.0015948475   0.0010193032
   7.4045715027  -0.0008146386   0.0012334920   0.0013285805
   7.4190053653  -0.0009173292   0.0008243746   0.0016811742
   7.4334392279  -0.0007003745   0.0003889769   0.0019497085
   7.4478730905  -0.0002305555  -0.0000389669   0.0020326184
   7.4623069531   0.0003833461  -0.0004241295   0.0018969223
   7.4767408156   0.0010237390  -0.0007423075   0.0015905212
   7.4911746782   0.0015911754  -0.0009893249   0.0012199748
   7.5056085408   0.0020163980  -0.0011816432   0.0009043967
   7.5200424034   0.0022578989  -0.0013480066   0.0007258482
   7.5344762660   0.0022930816  -0.0015157368   0.0006973945
   7.5489101285   0.0021126429  -0.0016978172   0.0007616849
   7.5633439911   0.0017228199  -0.0018864272   0.0008193812
   7.5777778537   0.0011527063  -0.0020555149   0.0007740812
   7.5922117163   0.0004591457  -0.0021710087   0.0005740725
   7.6066455788  -0.0002774280  -0.0022042171   0.0002336659
   7.6210794414  -0.0009674882  -0.0021430015  -0.0001735795
   7.6355133040  -0.0015323293  -0.0019965108  -0.0005452767
   7.6499471666  -0.0019209956  -0.0017919632  -0.0007904039
   7.6643810292  -0.0021167526  -0.0015650552  -0.0008625387
   7.6788148917  -0.0021303180  -0.0013479566  -0.0007738252
   7.6932487543  -0.0019832570  -0.0011596199  -0.0005864723
   7.7076826169  -0.0016898434  -0.0010019817  -0.0003877656
   7.7221164795  -0.0012469686  -0.0008630604  -0.0002596745
   7.7365503421  -0.0006385022  -0.0007250889  -0.0002536546
   7.7509842046   0.0001460119  -0.0005739479  -0.0003769921
   7.7654180672   0.0010854322  -0.0004059810  -0.0005923437
   7.7798519298   0.0021051842  -0.0002296628  -0.0008292371
   7.7942857924   0.0030702782  -0.0000618041  -0.0010049158
   7.8087196549   0.0037989672   0.0000798755  -0.0010502909
   7.8231535175   0.0040957957   0.0001846059  -0.0009342126
   7.8375873801   0.0037965787   0.0002534643  -0.0006774856
   7.8520212427   0.0028144270   0.0002990710  -0.0003497360
   7.8664551053   0.0011756216   0.0003400255  -0.0000482389
   7.8808889678  -0.0009638708   0.0003924409   0.0001344644
   7.8953228304  -0.0033271182   0.0004624202   0.0001423012
   7.9097566930  -0.0055517602   0.0005430029  -0.0000246018
   7.9241905556  -0.0072486664   0.0006170197  -0.0003083990
   7.9386244181  -0.0080740940   0.0006644927  -0.0006100489
   7.9530582807  -0.0078005705   0.0006711652  -0.0008189571
   7.9674921433  -0.0063696572   0.0006344429  -0.0008480136
   7.9819260059  -0.0039127331   0.0005644313  -0.0006643504
