   0.0000000000   0.0000000000   0.0000000000   0.0000000000
   0.0144338626   0.0000000000   0.0000000000   0.0000000000
   0.0288677252   0.0000000000   0.0000000000   0.0000000000
   0.0433015877   0.0000000000   0.0000000000   0.0000000000
   0.0577354503   0.0000000000   0.0000000000   0.0000000000
   0.0721693129   0.0000000000   0.0000000000   0.0000000000
   0.0866031755   0.0000000000   0.0000000000   0.0000000000
   0.1010370380   0.0000000000   0.0000000000   0.0000000000
   0.1154709006   0.0000000000   0.0000000000   0.0000000000
   0.1299047632   0.0000000000   0.0000000000   0.0000000000
   0.1443386258   0.0000000000   0.0000000000   0.0000000000
   0.1587724884   0.0000000000   0.0000000000   0.0000000000
   0.1732063509   0.0000000000   0.0000000000   0.0000000000
   0.1876402135   0.0000000000   0.0000000000   0.0000000000
   0.2020740761   0.0000000000  -0.0000000000   0.0000000000
   0.2165079387  -0.0000000000   0.0000000000  -0.0000000000
   0.2309418013  -0.0000000000   0.0000000000  -0.0000000000
   0.2453756638  -0.0000000000   0.0000000000  -0.0000000000
   0.2598095264  -0.0000000000   0.0000000000  -0.0000000000
   0.2742433890  -0.0000000000   0.0000000000  -0.0000000000
   0.2886772516  -0.0000000000   0.0000000000  -0.0000000000
   0.3031111141  -0.0000000000   0.0000000000  -0.0000000000
   0.3175449767  -0.0000000000   0.0000000000  -0.0000000000
   0.3319788393  -0.0000000000   0.0000000000  -0.0000000000
   0.3464127019  -0.0000000000  -0.0000000000  -0.0000000000
   0.3608465645  -0.0000000000  -0.0000000000  -0.0000000000
   0.3752804270  -0.0000000000  -0.0000000000  -0.0000000000
   0.3897142896   0.0000000000  -0.0000000000   0.0000000000
   0.4041481522   0.0000000000   0.0000000000   0.0000000000
   0.4185820148   0.0000000000   0.0000000000   0.0000000000
   0.4330158774   0.0000000000   0.0000000000   0.0000000000
   0.4474497399   0.0000000000   0.0000000000   0.0000000000
   0.4618836025  -0.0000000000   0.0000000000  -0.0000000000
   0.4763174651  -0.0000000000  -0.0000000000  -0.0000000000
   0.4907513277  -0.0000000000  -0.0000000000  -0.0000000000
   0.5051851902  -0.0000000000  -0.0000000000  -0.0000000000
   0.5196190528  -0.0000000000  -0.0000000000  -0.0000000000
   0.5340529154  -0.0000000000  -0.0000000000  -0.0000000000
   0.5484867780  -0.0000000000  -0.0000000000  -0.0000000000
   0.5629206406  -0.0000000000   0.0000000000  -0.0000000000
   0.5773545031  -0.0000000000   0.0000000000  -0.0000000000
   0.5917883657  -0.0000000000   0.0000000000  -0.0000000000
   0.6062222283   0.0000000000  -0.0000000000   0.0000000000
   0.6206560909   0.0000000000  -0.0000000000   0.0000000000
   0.6350899535   0.0000000000   0.0000000000   0.0000000000
   0.6495238160  -0.0000000000   0.0000000000  -0.0000000000
   0.6639576786  -0.0000000000   0.0000000000  -0.0000000000
   0.6783915412  -0.0000000000  -0.0000000000  -0.0000000000
   0.6928254038  -0.0000000000  -0.0000000000   0.0000000000
   0.7072592663  -0.0000000000   0.0000000000   0.0000000000
   0.7216931289   0.0000000000   0.0000000000  -0.0000000000
   0.7361269915   0.0000000000  -0.0000000000  -0.0000000000
   0.7505608541   0.0000000000  -0.0000000000  -0.0000000000
   0.7649947167  -0.0000000000  -0.0000000000   0.0000000000
   0.7794285792  -0.0000000000   0.0000000000   0.0000000000
   0.7938624418  -0.0000000000   0.0000000000   0.0000000000
   0.8082963044   0.0000000000  -0.0000000000  -0.0000000000
   0.8227301670   0.0000000000  -0.0000000000  -0.0000000000
   0.8371640296   0.0000000000  -0.0000000000  -0.0000000000
   0.8515978921  -0.0000000000   0.0000000000   0.0000000000
   0.8660317547  -0.0000000000   0.0000000000   0.0000000000
   0.8804656173   0.0000000000   0.0000000000   0.0000000000
   0.8948994799   0.0000000000  -0.0000000000  -0.0000000000
   0.9093333424   0.0000000000  -0.0000000000  -0.0000000000
   0.9237672050  -0.0000000000  -0.0000000000  -0.0000000000
   0.9382010676  -0.0000000000   0.0000000000   0.0000000000
   0.9526349302  -0.0000000000   0.0000000000   0.0000000000
   0.9670687928  -0.0000000000   0.0000000000   0.0000000000
   0.9815026553   0.0000000000  -0.0000000000  -0.0000000000
   0.9959365179   0.0000000000  -0.0000000000  -0.0000000000
   1.0103703805   0.0000000000  -0.0000000000  -0.0000000000
   1.0248042431  -0.0000000000   0.0000000000   0.0000000000
   1.0392381056  -0.0000000000   0.0000000000   0.0000000000
   1.0536719682  -0.0000000000   0.0000000000   0.0000000000
   1.0681058308   0.0000000000  -0.0000000000  -0.0000000000
   1.0825396934   0.0000000000  -0.0000000000  -0.0000000000
   1.0969735560   0.0000000000  -0.0000000000  -0.0000000000
   1.1114074185  -0.0000000000   0.0000000000   0.0000000000
   1.1258412811  -0.0000000000   0.0000000000   0.0000000000
   1.1402751437  -0.0000000000   0.0000000000   0.0000000000
   1.1547090063   0.0000000000  -0.0000000000  -0.0000000000
   1.1691428689   0.0000000000  -0.0000000000  -0.0000000000
   1.1835767314   0.0000000000  -0.0000000000  -0.0000000000
   1.1980105940  -0.0000000000   0.0000000000   0.0000000000
   1.2124444566  -0.0000000000   0.0000000000   0.0000000000
   1.2268783192  -0.0000000000   0.0000000000   0.0000000000
   1.2413121817   0.0000000000  -0.0000000000  -0.0000000000
   1.2557460443   0.0000000000  -0.0000000000  -0.0000000000
   1.2701799069   0.0000000000  -0.0000000000  -0.0000000000
   1.2846137695  -0.0000000000   0.0000000000   0.0000000000
   1.2990476321  -0.0000000000   0.0000000000   0.0000000000
   1.3134814946  -0.0000000000   0.0000000000   0.0000000000
   1.3279153572   0.0000000000  -0.0000000000  -0.0000000000
   1.3423492198   0.0000000000  -0.0000000000  -0.0000000000
   1.3567830824   0.0000000000  -0.0000000000  -0.0000000000
   1.3712169450   0.0000000000  -0.0000000000  -0.0000000000
   1.3856508075  -0.0000000000   0.0000000000   0.0000000000
   1.4000846701  -0.0000000000   0.0000000000   0.0000000000
   1.4145185327  -0.0000000000   0.0000000000   0.0000000000
   1.4289523953   0.0000000000  -0.0000000000  -0.0000000000
   1.4433862578   0.0000000000  -0.0000000000  -0.0000000000
   1.4578201204   0.0000000000  -0.0000000000  -0.0000000000
   1.4722539830  -0.0000000000   0.0000000000   0.0000000000
   1.4866878456  -0.0000000000   0.0000000000   0.0000000000
   1.5011217082  -0.0000000000   0.0000000000   0.0000000000
   1.5155555707   0.0000000000  -0.0000000000  -0.0000000000
   1.5299894333   0.0000000000  -0.0000000000  -0.0000000000
   1.5444232959   0.0000000000  -0.0000000000  -0.0000000000
   1.5588571585   0.0000000000   0.0000000000   0.0000000000
   1.5732910211  -0.0000000000   0.0000000000   0.0000000000
   1.5877248836  -0.0000000000   0.0000000000   0.0000000000
   1.6021587462  -0.0000000000   0.0000000000   0.0000000000
   1.6165926088   0.0000000000  -0.0000000000  -0.0000000000
   1.6310264714   0.0000000000  -0.0000000000  -0.0000000000
   1.6454603339   0.0000000000  -0.0000000000  -0.0000000000
   1.6598941965  -0.0000000000   0.0000000000   0.0000000000
   1.6743280591  -0.0000000000   0.0000000000   0.0000000000
   1.6887619217  -0.0000000000   0.0000000000   0.0000000000
   1.7031957843   0.0000000000  -0.0000000000  -0.0000000000
   1.7176296468   0.0000000000  -0.0000000000  -0.0000000000
   1.7320635094   0.0000000000  -0.0000000000  -0.0000000000
   1.7464973720   0.0000000000   0.0000000000   0.0000000000
   1.7609312346  -0.0000000000   0.0000000000   0.0000000000
   1.7753650971  -0.0000000000   0.0000000000   0.0000000000
   1.7897989597  -0.0000000000   0.0000000000   0.0000000000
   1.8042328223   0.0000000000  -0.0000000000  -0.0000000000
   1.8186666849   0.0000000000  -0.0000000000  -0.0000000000
   1.8331005475   0.0000000000  -0.0000000000  -0.0000000000
   1.8475344100  -0.0000000000   0.0000000000   0.0000000000
   1.8619682726  -0.0000000000   0.0000000000   0.0000000000
   1.8764021352  -0.0000000000   0.0000000000   0.0000000000
   1.8908359978   0.0000000000  -0.0000000000  -0.0000000000
   1.9052698604   0.0000000000  -0.0000000000  -0.0000000000
   1.9197037229   0.0000000000  -0.0000000000  -0.0000000000
   1.9341375855   0.0000000000  -0.0000000000   0.0000000000
   1.9485714481  -0.0000000000   0.0000000000   0.0000000000
   1.9630053107  -0.0000000000   0.0000000000   0.0000000000
   1.9774391732  -0.0000000000   0.0000000000   0.0000000000
   1.9918730358   0.0000000000  -0.0000000000  -0.0000000000
   2.0063068984   0.0000000000  -0.0000000000  -0.0000000000
   2.0207407610   0.0000000000  -0.0000000000  -0.0000000000
   2.0351746236  -0.0000000000   0.0000000000   0.0000000000
   2.0496084861  -0.0000000000   0.0000000000   0.0000000000
   2.0640423487  -0.0000000000   0.0000000000   0.0000000000
   2.0784762113  -0.0000000000   0.0000000000  -0.0000000000
   2.0929100739   0.0000000000  -0.0000000000  -0.0000000000
   2.1073439365   0.0000000000  -0.0000000000  -0.0000000000
   2.1217777990   0.0000000000  -0.0000000000   0.0000000000
   2.1362116616  -0.0000000000   0.0000000000   0.0000000000
   2.1506455242  -0.0000000000   0.0000000000   0.0000000000
   2.1650793868  -0.0000000000   0.0000000000   0.0000000000
   2.1795132493   0.0000000000  -0.0000000000  -0.0000000000
   2.1939471119   0.0000000000  -0.0000000000  -0.0000000000
   2.2083809745   0.0000000000  -0.0000000000  -0.0000000000
   2.2228148371   0.0000000000  -0.0000000000   0.0000000000
   2.2372486997  -0.0000000000   0.0000000000   0.0000000000
   2.2516825622  -0.0000000000   0.0000000000   0.0000000000
   2.2661164248  -0.0000000000   0.0000000000  -0.0000000000
   2.2805502874   0.0000000000  -0.0000000000  -0.0000000000
   2.2949841500   0.0000000000  -0.0000000000  -0.0000000000
   2.3094180126   0.0000000000  -0.0000000000   0.0000000000
   2.3238518751   0.0000000000  -0.0000000000   0.0000000000
   2.3382857377  -0.0000000000   0.0000000000   0.0000000000
   2.3527196003  -0.0000000000   0.0000000000  -0.0000000000
   2.3671534629  -0.0000000000   0.0000000000  -0.0000000000
   2.3815873254   0.0000000000  -0.0000000000   0.0000000000
   2.3960211880   0.0000000000  -0.0000000000   0.0000000000
   2.4104550506   0.0000000000  -0.0000000000   0.0000000000
   2.4248889132  -0.0000000000   0.0000000000  -0.0000000000
   2.4393227758  -0.0000000000   0.0000000000  -0.0000000000
   2.4537566383  -0.0000000000   0.0000000000  -0.0000000000
   2.4681905009   0.0000000000  -0.0000000000   0.0000000000
   2.4826243635   0.0000000000  -0.0000000000   0.0000000000
   2.4970582261   0.0000000000  -0.0000000000   0.0000000000
   2.5114920887  -0.0000000000   0.0000000000  -0.0000000000
   2.5259259512  -0.0000000000   0.0000000000  -0.0000000000
   2.5403598138  -0.0000000000   0.0000000000  -0.0000000000
   2.5547936764   0.0000000000  -0.0000000000   0.0000000000
   2.5692275390   0.0000000000  -0.0000000000   0.0000000000
   2.5836614015   0.0000000000  -0.0000000000   0.0000000000
   2.5980952641  -0.0000000000   0.0000000000  -0.0000000000
   2.6125291267  -0.0000000000   0.0000000000  -0.0000000000
   2.6269629893  -0.0000000000   0.0000000000  -0.0000000000
   2.6413968519   0.0000000000  -0.0000000000   0.0000000000
   2.6558307144   0.0000000000  -0.0000000000   0.0000000000
   2.6702645770   0.0000000000  -0.0000000000   0.0000000000
   2.6846984396  -0.0000000000   0.0000000000  -0.0000000000
   2.6991323022  -0.0000000000   0.0000000000  -0.0000000000
   2.7135661647  -0.0000000000   0.0000000000  -0.0000000000
   2.7280000273   0.0000000000  -0.0000000000   0.0000000000
   2.7424338899   0.0000000000  -0.0000000000   0.0000000000
   2.7568677525   0.0000000000  -0.0000000000   0.0000000000
   2.7713016151  -0.0000000000   0.0000000000  -0.0000000000
   2.7857354776  -0.0000000000   0.0000000000  -0.0000000000
   2.8001693402  -0.0000000000   0.0000000000  -0.0000000000
   2.8146032028   0.0000000000  -0.0000000000   0.0000000000
   2.8290370654   0.0000000000  -0.0000000000   0.0000000000
   2.8434709280   0.0000000000  -0.0000000000   0.0000000000
   2.8579047905  -0.0000000000   0.0000000000  -0.0000000000
   2.8723386531  -0.0000000000   0.0000000000  -0.0000000000
   2.8867725157  -0.0000000000   0.0000000000  -0.0000000000
   2.9012063783   0.0000000000  -0.0000000000   0.0000000000
   2.9156402408   0.0000000000  -0.0000000000   0.0000000000
   2.9300741034   0.0000000000  -0.0000000000   0.0000000000
   2.9445079660  -0.0000000000   0.0000000000  -0.0000000000
   2.9589418286  -0.0000000000   0.0000000000  -0.0000000000
   2.9733756912  -0.0000000000   0.0000000000  -0.0000000000
   2.9878095537   0.0000000000   0.0000000000   0.0000000000
   3.0022434163   0.0000000000  -0.0000000000   0.0000000000
   3.0166772789   0.0000000000  -0.0000000000   0.0000000000
   3.0311111415  -0.0000000000  -0.0000000000  -0.0000000000
   3.0455450041  -0.0000000000   0.0000000000  -0.0000000000
   3.0599788666  -0.0000000000   0.0000000000  -0.0000000000
   3.0744127292  -0.0000000000   0.0000000000  -0.0000000000
   3.0888465918   0.0000000000  -0.0000000000   0.0000000000
   3.1032804544   0.0000000000  -0.0000000000   0.0000000000
   3.1177143169   0.0000000000  -0.0000000000   0.0000000000
   3.1321481795  -0.0000000000   0.0000000000  -0.0000000000
   3.1465820421  -0.0000000000   0.0000000000  -0.0000000000
   3.1610159047  -0.0000000000   0.0000000000  -0.0000000000
   3.1754497673   0.0000000000  -0.0000000000   0.0000000000
   3.1898836298   0.0000000000  -0.0000000000   0.0000000000
   3.2043174924   0.0000000000  -0.0000000000   0.0000000000
   3.2187513550  -0.0000000000   0.0000000000  -0.0000000000
   3.2331852176  -0.0000000000   0.0000000000  -0.0000000000
   3.2476190802  -0.0000000000   0.0000000000  -0.0000000000
   3.2620529427   0.0000000000   0.0000000000   0.0000000000
   3.2764868053   0.0000000000  -0.0000000000   0.0000000000
   3.2909206679   0.0000000000  -0.0000000000   0.0000000000
   3.3053545305   0.0000000000  -0.0000000000   0.0000000000
   3.3197883930  -0.0000000000   0.0000000000  -0.0000000000
   3.3342222556  -0.0000000000   0.0000000000  -0.0000000000
   3.3486561182  -0.0000000000   0.0000000000  -0.0000000000
   3.3630899808   0.0000000000  -0.0000000000   0.0000000000
   3.3775238434   0.0000000000  -0.0000000000   0.0000000000
   3.3919577059   0.0000000000  -0.0000000000   0.0000000000
   3.4063915685  -0.0000000000   0.0000000000  -0.0000000000
   3.4208254311  -0.0000000000   0.0000000000  -0.0000000000
   3.4352592937  -0.0000000000   0.0000000000  -0.0000000000
   3.4496931563  -0.0000000000   0.0000000000  -0.0000000000
   3.4641270188   0.0000000000  -0.0000000000   0.0000000000
   3.4785608814   0.0000000000  -0.0000000000   0.0000000000
   3.4929947440   0.0000000000  -0.0000000000   0.0000000000
   3.5074286066  -0.0000000000   0.0000000000  -0.0000000000
   3.5218624691  -0.0000000000   0.0000000000  -0.0000000000
   3.5362963317  -0.0000000000   0.0000000000  -0.0000000000
   3.5507301943   0.0000000000  -0.0000000000   0.0000000000
   3.5651640569   0.0000000000  -0.0000000000   0.0000000000
   3.5795979195   0.0000000000  -0.0000000000   0.0000000000
   3.5940317820   0.0000000000  -0.0000000000   0.0000000000
   3.6084656446  -0.0000000000   0.0000000000  -0.0000000000
   3.6228995072  -0.0000000000   0.0000000000  -0.0000000000
   3.6373333698  -0.0000000000   0.0000000000  -0.0000000000
   3.6517672323   0.0000000000  -0.0000000000   0.0000000000
   3.6662010949   0.0000000000  -0.0000000000   0.0000000000
   3.6806349575   0.0000000000  -0.0000000000   0.0000000000
   3.6950688201  -0.0000000000  -0.0000000000  -0.0000000000
   3.7095026827  -0.0000000000   0.0000000000  -0.0000000000
   3.7239365452  -0.0000000000   0.0000000000  -0.0000000000
   3.7383704078  -0.0000000000   0.0000000000  -0.0000000000
   3.7528042704   0.0000000001  -0.0000000000   0.0000000001
   3.7672381330   0.0000000001  -0.0000000001   0.0000000001
   3.7816719956   0.0000000001  -0.0000000001   0.0000000001
   3.7961058581  -0.0000000001  -0.0000000000  -0.0000000001
   3.8105397207  -0.0000000003   0.0000000001  -0.0000000003
   3.8249735833  -0.0000000004   0.0000000002  -0.0000000005
   3.8394074459  -0.0000000002   0.0000000001  -0.0000000002
   3.8538413084   0.0000000006  -0.0000000001   0.0000000006
   3.8682751710   0.0000000013  -0.0000000005   0.0000000014
   3.8827090336   0.0000000011  -0.0000000006   0.0000000012
   3.8971428962  -0.0000000004  -0.0000000001  -0.0000000005
   3.9115767588  -0.0000000029   0.0000000010  -0.0000000031
   3.9260106213  -0.0000000042   0.0000000019  -0.0000000044
   3.9404444839  -0.0000000019   0.0000000015  -0.0000000020
   3.9548783465   0.0000000044  -0.0000000009   0.0000000047
   3.9693122091   0.0000000110  -0.0000000043   0.0000000117
   3.9837460717   0.0000000110  -0.0000000058   0.0000000117
   3.9981799342  -0.0000000007  -0.0000000022  -0.0000000008
   4.0126137968  -0.0000000208   0.0000000066  -0.0000000224
   4.0270476594  -0.0000000348   0.0000000153  -0.0000000373
   4.0414815220  -0.0000000233   0.0000000148  -0.0000000247
   4.0559153845   0.0000000209  -0.0000000012   0.0000000228
   4.0703492471   0.0000000767  -0.0000000281   0.0000000826
   4.0847831097   0.0000000965  -0.0000000467   0.0000001033
   4.0992169723   0.0000000346  -0.0000000324   0.0000000361
   4.1136508349  -0.0000001056   0.0000000243  -0.0000001149
   4.1280846974  -0.0000002420   0.0000000977  -0.0000002608
   4.1425185600  -0.0000002405   0.0000001286  -0.0000002572
   4.1569524226  -0.0000000094   0.0000000585  -0.0000000063
   4.1713862852   0.0000003864  -0.0000001147   0.0000004204
   4.1858201478   0.0000006869  -0.0000002979   0.0000007410
   4.2002540103   0.0000005550  -0.0000003291   0.0000005921
   4.2146878729  -0.0000001638  -0.0000000821  -0.0000001896
   4.2291217355  -0.0000011922   0.0000003977  -0.0000012992
   4.2435555981  -0.0000018126   0.0000008302  -0.0000019572
   4.2579894606  -0.0000012391   0.0000008087  -0.0000013165
   4.2724233232   0.0000007427   0.0000000781   0.0000008435
   4.2868571858   0.0000032752  -0.0000011612   0.0000035782
   4.3012910484   0.0000045612  -0.0000021671   0.0000049312
   4.3157249110   0.0000028443  -0.0000019759   0.0000030097
   4.3301587735  -0.0000021412  -0.0000000693  -0.0000024400
   4.3445926361  -0.0000081938   0.0000029746  -0.0000089838
   4.3590264987  -0.0000111373   0.0000053746  -0.0000120645
   4.3734603613  -0.0000070832   0.0000049266  -0.0000074897
   4.3878942239   0.0000044739   0.0000004805   0.0000051948
   4.4023280864   0.0000186910  -0.0000066864   0.0000206024
   4.4167619490   0.0000264761  -0.0000126679   0.0000287778
   4.4311958116   0.0000191299  -0.0000125463   0.0000203253
   4.4456296742  -0.0000053437  -0.0000034326  -0.0000066963
   4.4600635367  -0.0000379968   0.0000126259  -0.0000422350
   4.4744973993  -0.0000604412   0.0000279179  -0.0000660573
   4.4889312619  -0.0000531987   0.0000318387  -0.0000570375
   4.5033651245  -0.0000078826   0.0000166355  -0.0000065155
   4.5177989871   0.0000632319  -0.0000165000   0.0000714038
   4.5322328496   0.0001270637  -0.0000546880   0.0001400401
   4.5466667122   0.0001421145  -0.0000767743   0.0001540691
   4.5611005748   0.0000799511  -0.0000628689   0.0000832125
   4.5755344374  -0.0000538503  -0.0000063990  -0.0000650297
   4.5899682999  -0.0002111685   0.0000773752  -0.0002366037
   4.6044021625  -0.0003133235   0.0001521169  -0.0003447526
   4.6188360251  -0.0002828520   0.0001727233  -0.0003053432
   4.6332698877  -0.0000841423   0.0001060891  -0.0000813749
   4.6477037503   0.0002446201  -0.0000476789   0.0002826433
   4.6621376128   0.0005850127  -0.0002435225   0.0006546649
   4.6765714754   0.0007655835  -0.0003966884   0.0008459064
   4.6910053380   0.0006173075  -0.0004062912   0.0006721029
   4.7054392006   0.0000391025  -0.0001908553   0.0000250332
   4.7198730632  -0.0009511536   0.0002763822  -0.0010725045
   4.7343069257  -0.0022013725   0.0009460508  -0.0024511836
   4.7487407883  -0.0034548938   0.0016948063  -0.0038285881
   4.7631746509  -0.0044177188   0.0023527062  -0.0048832052
   4.7776085135  -0.0048418977   0.0027483255  -0.0053453578
   4.7920423760  -0.0045974122   0.0027575103  -0.0050749778
   4.8064762386  -0.0037090300   0.0023401151  -0.0041008812
   4.8209101012  -0.0023472387   0.0015531253  -0.0026100881
   4.8353439638  -0.0007782961   0.0005365637  -0.0008930279
   4.8497778264   0.0007085292  -0.0005225993   0.0007355417
   4.8642116889   0.0018728668  -0.0014368671   0.0020142635
   4.8786455515   0.0025736797  -0.0020612516   0.0027894427
   4.8930794141   0.0027870123  -0.0023217048   0.0030340085
   4.9075132767   0.0025913280  -0.0022233075   0.0028317008
   4.9219471393   0.0021300558  -0.0018389409   0.0023368904
   4.9363810018   0.0015655472  -0.0012842065   0.0017251800
   4.9508148644   0.0010381079  -0.0006868732   0.0011492833
   4.9652487270   0.0006394857  -0.0001589557   0.0007101574
   4.9796825896   0.0004043074   0.0002226785   0.0004472344
   4.9941164521   0.0003174708   0.0004244872   0.0003458427
   5.0085503147   0.0003317648   0.0004537250   0.0003558947
   5.0229841773   0.0003886198   0.0003481204   0.0004142841
   5.0374180399   0.0004357669   0.0001618378   0.0004641833
   5.0518519025   0.0004380425  -0.0000483245   0.0004669776
   5.0662857650   0.0003805549  -0.0002336629   0.0004058443
   5.0807196276   0.0002658724  -0.0003599485   0.0002827644
   5.0951534902   0.0001080794  -0.0004095918   0.0001121499
   5.1095873528  -0.0000735962  -0.0003805857  -0.0000858928
   5.1240212154  -0.0002598570  -0.0002834597  -0.0002908130
   5.1384550779  -0.0004344913  -0.0001372968  -0.0004848360
   5.1528889405  -0.0005857204   0.0000344346  -0.0006544237
   5.1673228031  -0.0007061322   0.0002077003  -0.0007904464
   5.1817566657  -0.0007916589   0.0003609731  -0.0008874667
   5.1961905282  -0.0008401308   0.0004773079  -0.0009425219
   5.2106243908  -0.0008500248   0.0005453866  -0.0009539164
   5.2250582534  -0.0008199599   0.0005597356  -0.0009205710
   5.2394921160  -0.0007491461   0.0005204358  -0.0008422313
   5.2539259786  -0.0006384858   0.0004325740  -0.0007203542
   5.2683598411  -0.0004916654   0.0003054946  -0.0005590964
   5.2827937037  -0.0003156069   0.0001517657  -0.0003657952
   5.2972275663  -0.0001200528  -0.0000141994  -0.0001506876
   5.3116614289   0.0000834667  -0.0001777523   0.0000739485
   5.3260952914   0.0002828164  -0.0003255723   0.0002948538
   5.3405291540   0.0004662545  -0.0004468893   0.0004988098
   5.3549630166   0.0006232198  -0.0005342296   0.0006736450
   5.3693968792   0.0007450609  -0.0005837321   0.0008093315
   5.3838307418   0.0008257843  -0.0005951632   0.0008990926
   5.3982646043   0.0008626818  -0.0005716859   0.0009401900
   5.4126984669   0.0008565841  -0.0005193369   0.0009340352
   5.4271323295   0.0008115999  -0.0004461673   0.0008855617
   5.4415661921   0.0007344481  -0.0003611373   0.0008021901
   5.4560000547   0.0006336505  -0.0002730161   0.0006928843
   5.4704339172   0.0005187842  -0.0001895500   0.0005675705
   5.4848677798   0.0003997945  -0.0001170079   0.0004367722
   5.4993016424   0.0002862329  -0.0000599871   0.0003110549
   5.5137355050   0.0001863548  -0.0000212756   0.0002000213
   5.5281693675   0.0001062306  -0.0000016696   0.0001110267
   5.5426032301   0.0000491632   0.0000001445   0.0000481388
   5.5570370927   0.0000156355  -0.0000125722   0.0000118407
   5.5714709553   0.0000037527  -0.0000351725  -0.0000004184
   5.5859048179   0.0000099181  -0.0000624691   0.0000068290
   5.6003386804   0.0000294548  -0.0000895772   0.0000281047
   5.6147725430   0.0000570691  -0.0001124916   0.0000576804
   5.6292064056   0.0000872620  -0.0001283285   0.0000899657
   5.6436402682   0.0001148454  -0.0001353539   0.0001198270
   5.6580741308   0.0001355727  -0.0001329645   0.0001429956
   5.6725079933   0.0001466969  -0.0001216773   0.0001564957
   5.6869418559   0.0001472101  -0.0001030555   0.0001588824
   5.7013757185   0.0001376701  -0.0000794741   0.0001501738
   5.7158095811   0.0001197515  -0.0000537304   0.0001315743
   5.7302434436   0.0000957834  -0.0000286196   0.0001052065
   5.7446773062   0.0000684534  -0.0000066102   0.0000739637
   5.7591111688   0.0000406496   0.0000103382   0.0000413758
   5.7735450314   0.0000152676   0.0000208821   0.0000112610
   5.7879788940  -0.0000051445   0.0000244083  -0.0000129227
   5.8024127565  -0.0000188386   0.0000211506  -0.0000288294
   5.8168466191  -0.0000251974   0.0000122098  -0.0000356953
   5.8312804817  -0.0000247431  -0.0000006253  -0.0000342563
   5.8457143443  -0.0000188159  -0.0000152441  -0.0000261875
   5.8601482069  -0.0000091162  -0.0000296292  -0.0000134480
   5.8745820694   0.0000026516  -0.0000421437   0.0000020710
   5.8890159320   0.0000149259  -0.0000516131   0.0000184944
   5.9034497946   0.0000263046  -0.0000572676   0.0000337573
   5.9178836572   0.0000355821  -0.0000586881   0.0000456199
   5.9323175197   0.0000418692  -0.0000558461   0.0000520674
   5.9467513823   0.0000447142  -0.0000492010   0.0000519165
   5.9611852449   0.0000440952  -0.0000397290   0.0000452586
   5.9756191075   0.0000402592  -0.0000287910   0.0000334775
   5.9900529701   0.0000335342  -0.0000178611   0.0000188641
   6.0044868326   0.0000242894  -0.0000082429   0.0000040631
   6.0189206952   0.0000130944  -0.0000009022  -0.0000084358
   6.0333545578   0.0000009366   0.0000035536  -0.0000167103
   6.0477884204  -0.0000107337   0.0000048306  -0.0000197780
   6.0622222830  -0.0000202513   0.0000029438  -0.0000179024
   6.0766561455  -0.0000261825  -0.0000017197  -0.0000126467
   6.0910900081  -0.0000277260  -0.0000083481  -0.0000064637
   6.1055238707  -0.0000248715  -0.0000157822  -0.0000018328
   6.1199577333  -0.0000183026  -0.0000227609  -0.0000002892
   6.1343915958  -0.0000091918  -0.0000282470  -0.0000018568
   6.1488254584   0.0000009674  -0.0000316679  -0.0000052064
   6.1632593210   0.0000104813  -0.0000329516  -0.0000084305
   6.1776931836   0.0000176449  -0.0000323748  -0.0000099585
   6.1921270462   0.0000210835  -0.0000303508  -0.0000091130
   6.2065609087   0.0000201718  -0.0000272947  -0.0000061226
   6.2209947713   0.0000153080  -0.0000236101  -0.0000017910
   6.2354286339   0.0000078374  -0.0000197322   0.0000028318
   6.2498624965  -0.0000003848  -0.0000161316   0.0000065944
   6.2642963590  -0.0000075860  -0.0000132429   0.0000083127
   6.2787302216  -0.0000125371  -0.0000113687   0.0000069848
   6.2931640842  -0.0000147211  -0.0000106327   0.0000022221
   6.3075979468  -0.0000142522  -0.0000110059  -0.0000053256
   6.3220318094  -0.0000117131  -0.0000123608  -0.0000139006
   6.3364656719  -0.0000080261  -0.0000144932  -0.0000211122
   6.3508995345  -0.0000043357  -0.0000171044  -0.0000247922
   6.3653333971  -0.0000017934  -0.0000198005  -0.0000238084
   6.3797672597  -0.0000012077  -0.0000221659  -0.0000184467
   6.3942011223  -0.0000026856  -0.0000238954  -0.0000102469
   6.4086349848  -0.0000054908  -0.0000248958  -0.0000014741
   6.4230688474  -0.0000082761  -0.0000252682   0.0000054979
   6.4375027100  -0.0000096319  -0.0000251742   0.0000087300
   6.4519365726  -0.0000086949  -0.0000246935   0.0000071771
   6.4663704351  -0.0000055225  -0.0000237965   0.0000010597
   6.4808042977  -0.0000010803  -0.0000224655  -0.0000079819
   6.4952381603   0.0000031071  -0.0000208574  -0.0000171800
   6.5096720229   0.0000054611  -0.0000193538  -0.0000234820
   6.5241058855   0.0000048395  -0.0000184155  -0.0000247206
   6.5385397480   0.0000009088  -0.0000183208  -0.0000205882
   6.5529736106  -0.0000056575  -0.0000189702  -0.0000128766
   6.5674074732  -0.0000132330  -0.0000199110  -0.0000047853
   6.5818413358  -0.0000196193  -0.0000205873   0.0000003983
   6.5962751984  -0.0000227381  -0.0000206643   0.0000006203
   6.6107090609  -0.0000214293  -0.0000202274  -0.0000041951
   6.6251429235  -0.0000160008  -0.0000197441  -0.0000122129
   6.6395767861  -0.0000082136  -0.0000198223  -0.0000204127
   6.6540106487  -0.0000006358  -0.0000209100  -0.0000256282
   6.6684445112   0.0000043623  -0.0000230826  -0.0000255742
   6.6828783738   0.0000055040  -0.0000259949  -0.0000196329
   6.6973122364   0.0000029901  -0.0000289851  -0.0000092159
   6.7117460990  -0.0000017420  -0.0000312774   0.0000024851
   6.7261799616  -0.0000066906  -0.0000322240   0.0000114419
   6.7406138241  -0.0000100540  -0.0000315300   0.0000142439
   6.7550476867  -0.0000107990  -0.0000293948   0.0000095334
   6.7694815493  -0.0000089130  -0.0000264995  -0.0000012561
   6.7839154119  -0.0000053399  -0.0000238029  -0.0000143123
   6.7983492745  -0.0000016484  -0.0000221955  -0.0000249217
   6.8127831370   0.0000005019  -0.0000221526  -0.0000293679
   6.8272169996  -0.0000000201  -0.0000235551  -0.0000263895
   6.8416508622  -0.0000033238  -0.0000257750  -0.0000175732
   6.8560847248  -0.0000083667  -0.0000279812  -0.0000065970
   6.8705185873  -0.0000133152  -0.0000295041   0.0000022616
   6.8849524499  -0.0000162837  -0.0000300762   0.0000057102
   6.8993863125  -0.0000161231  -0.0000298594   0.0000025690
   6.9138201751  -0.0000128827  -0.0000292945  -0.0000058685
   6.9282540377  -0.0000077398  -0.0000288880  -0.0000163037
   6.9426879002  -0.0000024699  -0.0000290378  -0.0000245905
   6.9571217628   0.0000012563  -0.0000299363  -0.0000272583
   6.9715556254   0.0000024378  -0.0000315307  -0.0000229018
   6.9859894880   0.0000009932  -0.0000335258  -0.0000128695
   7.0004233506  -0.0000023117  -0.0000354444  -0.0000008652
   7.0148572131  -0.0000061673  -0.0000367669   0.0000084883
   7.0292910757  -0.0000091478  -0.0000371316   0.0000115606
   7.0437249383  -0.0000101750  -0.0000365117   0.0000072459
   7.0581588009  -0.0000089053  -0.0000352664  -0.0000025937
   7.0725926634  -0.0000058990  -0.0000340150  -0.0000139645
   7.0870265260  -0.0000024475  -0.0000333867  -0.0000224316
   7.1014603886  -0.0000000645  -0.0000337706  -0.0000248828
   7.1158942512   0.0000001728  -0.0000351841  -0.0000206377
   7.1303281138  -0.0000018735  -0.0000373036  -0.0000115514
   7.1447619763  -0.0000053172  -0.0000396114  -0.0000012007
   7.1591958389  -0.0000086351  -0.0000415773   0.0000064641
   7.1736297015  -0.0000103382  -0.0000428139   0.0000085314
   7.1880635641  -0.0000096036  -0.0000431822   0.0000041745
   7.2024974266  -0.0000065930  -0.0000428423  -0.0000049948
   7.2169312892  -0.0000023629  -0.0000422304  -0.0000154333
   7.2313651518   0.0000015461  -0.0000419361  -0.0000229428
   7.2457990144   0.0000036564  -0.0000424879  -0.0000243049
   7.2602328770   0.0000030587  -0.0000441164  -0.0000186272
   7.2746667395  -0.0000002515  -0.0000466138  -0.0000077885
   7.2891006021  -0.0000052938  -0.0000493851   0.0000042671
   7.3035344647  -0.0000103301  -0.0000516922   0.0000130987
   7.3179683273  -0.0000133850  -0.0000529820   0.0000155020
   7.3324021899  -0.0000129340  -0.0000531361   0.0000106609
   7.3468360524  -0.0000085208  -0.0000525186   0.0000002975
   7.3612699150  -0.0000010422  -0.0000518110  -0.0000121071
   7.3757037776   0.0000074493  -0.0000517257  -0.0000225872
   7.3901376402   0.0000143716  -0.0000527373  -0.0000279445
   7.4045715027   0.0000174253  -0.0000549317  -0.0000266039
   7.4190053653   0.0000152902  -0.0000580077  -0.0000189239
   7.4334392279   0.0000079933  -0.0000614032  -0.0000069663
   7.4478730905  -0.0000031002  -0.0000644938   0.0000061729
   7.4623069531  -0.0000155908  -0.0000668061   0.0000172869
   7.4767408156  -0.0000265209  -0.0000681877   0.0000239533
   7.4911746782  -0.0000329352  -0.0000688698   0.0000250813
   7.5056085408  -0.0000324751  -0.0000693802   0.0000209065
   7.5200424034  -0.0000239493  -0.0000703162   0.0000124956
   7.5344762660  -0.0000077809  -0.0000720691   0.0000011021
   7.5489101285   0.0000137979  -0.0000746333  -0.0000121921
   7.5633439911   0.0000369038  -0.0000776134  -0.0000263116
   7.5777778537   0.0000565441  -0.0000804396  -0.0000396343
   7.5922117163   0.0000674849  -0.0000826867  -0.0000495065
   7.6066455788   0.0000653323  -0.0000843314  -0.0000523259
   7.6210794414   0.0000476745  -0.0000858149  -0.0000444151
   7.6355133040   0.0000150893  -0.0000878819  -0.0000234858
   7.6499471666  -0.0000282392  -0.0000912750   0.0000098453
   7.6643810292  -0.0000745799  -0.0000964155   0.0000511173
   7.6788148917  -0.0001136216  -0.0001031884   0.0000921285
   7.6932487543  -0.0001343826  -0.0001108957   0.0001222503
   7.7076826169  -0.0001277945  -0.0001183951   0.0001307931
   7.7221164795  -0.0000893933  -0.0001243964   0.0001099712
   7.7365503421  -0.0000213780  -0.0001278566   0.0000577621
   7.7509842046   0.0000666443  -0.0001283703  -0.0000201912
   7.7654180672   0.0001586335  -0.0001264249  -0.0001104266
   7.7798519298   0.0002348036  -0.0001234049  -0.0001936862
   7.7942857924   0.0002755817  -0.0001213050  -0.0002489177
   7.8087196549   0.0002660559  -0.0001222254  -0.0002583611
   7.8231535175   0.0001999423  -0.0001278104  -0.0002123708
   7.8375873801   0.0000821100  -0.0001388137  -0.0001126120
   7.8520212427  -0.0000710713  -0.0001549118   0.0000272721
   7.8664551053  -0.0002338664  -0.0001747845   0.0001837197
   7.8808889678  -0.0003755389  -0.0001963950   0.0003275349
   7.8953228304  -0.0004661246  -0.0002173708   0.0004294352
   7.9097566930  -0.0004824107  -0.0002354019   0.0004657109
   7.9241905556  -0.0004128334  -0.0002486074   0.0004228970
   7.9386244181  -0.0002602646  -0.0002558451   0.0003005778
   7.9530582807  -0.0000421605  -0.0002569379   0.0001118100
   7.9674921433   0.0002118733  -0.0002527861  -0.0001188564
   7.9819260059   0.0004645493  -0.0002453372  -0.0003592618
